3.17098e-05 4.30635e-17
3.41511e-05 4.30941e-17
3.67803e-05 4.30797e-17
3.96119e-05 4.31136e-17
4.26615e-05 4.30723e-17
4.59459e-05 4.30348e-17
4.94832e-05 4.31063e-17
5.32928e-05 4.30703e-17
5.73956e-05 4.30479e-17
6.18144e-05 4.30766e-17
6.65733e-05 4.30561e-17
7.16987e-05 4.30521e-17
7.72186e-05 4.30483e-17
8.31634e-05 4.30708e-17
8.95660e-05 4.30913e-17
9.64615e-05 4.30683e-17
1.03888e-04 4.30297e-17
1.11886e-04 4.30422e-17
1.20500e-04 4.30472e-17
1.29777e-04 4.30224e-17
1.39768e-04 4.30795e-17
1.50528e-04 4.30411e-17
1.62117e-04 4.30829e-17
1.74598e-04 4.31123e-17
1.88040e-04 4.30248e-17
2.02517e-04 4.31018e-17
2.18108e-04 4.30220e-17
2.34900e-04 4.30591e-17
2.52984e-04 4.30691e-17
2.72460e-04 4.31003e-17
2.93437e-04 4.30651e-17
3.16028e-04 4.30065e-17
3.40358e-04 4.30500e-17
3.66561e-04 4.30681e-17
3.94782e-04 4.30667e-17
4.25175e-04 4.30827e-17
4.57908e-04 4.30587e-17
4.93161e-04 4.30619e-17
5.31129e-04 4.31016e-17
5.72019e-04 4.30737e-17
6.16057e-04 4.30767e-17
6.63486e-04 4.30559e-17
7.14566e-04 4.30735e-17
7.69579e-04 4.31491e-17
8.28827e-04 4.30160e-17
8.92636e-04 4.30982e-17
9.61358e-04 4.30500e-17
1.03537e-03 4.31230e-17
1.11508e-03 4.30978e-17
1.20093e-03 4.30880e-17
1.29339e-03 4.31151e-17
1.39296e-03 4.30811e-17
1.50020e-03 4.30437e-17
1.61570e-03 4.31120e-17
1.74009e-03 4.30842e-17
1.87405e-03 4.30902e-17
2.01833e-03 4.30701e-17
2.17372e-03 4.30935e-17
2.34107e-03 4.31079e-17
2.52130e-03 4.30426e-17
2.71541e-03 4.30753e-17
2.92446e-03 4.30152e-17
3.14961e-03 4.30934e-17
3.39209e-03 4.30273e-17
3.65324e-03 4.30590e-17
3.93449e-03 4.30934e-17
4.23740e-03 4.30801e-17
4.56362e-03 4.30782e-17
4.91497e-03 4.30765e-17
5.29336e-03 4.30767e-17
5.70088e-03 4.30540e-17
6.13978e-03 4.31024e-17
6.61246e-03 4.30647e-17
7.12154e-03 4.30994e-17
7.66981e-03 4.30660e-17
8.26029e-03 4.30981e-17
8.89623e-03 4.31254e-17
9.58113e-03 4.30722e-17
1.03188e-02 4.30351e-17
1.11132e-02 4.31290e-17
1.19688e-02 4.30952e-17
1.28902e-02 4.31084e-17
1.38826e-02 4.30734e-17
1.49514e-02 4.31240e-17
1.61024e-02 4.30967e-17
1.73421e-02 4.30922e-17
1.86773e-02 4.31294e-17
2.01152e-02 4.31175e-17
2.16638e-02 4.30668e-17
2.33316e-02 4.30913e-17
2.51279e-02 4.30781e-17
2.70624e-02 4.31186e-17
2.91459e-02 4.31055e-17
3.13898e-02 4.31088e-17
3.38064e-02 4.30906e-17
3.64090e-02 4.30663e-17
3.92121e-02 4.31001e-17
4.22309e-02 4.31447e-17
4.54822e-02 4.31295e-17
4.89838e-02 4.31264e-17
5.27549e-02 4.31219e-17
5.68164e-02 4.31440e-17
6.11905e-02 4.31008e-17
6.59014e-02 4.31714e-17
7.09750e-02 4.31731e-17
7.64392e-02 4.31463e-17
8.23241e-02 4.32067e-17
8.86620e-02 4.31882e-17
9.54879e-02 4.32002e-17
1.02839e-01 4.32266e-17
1.10757e-01 4.32408e-17
1.19283e-01 4.32275e-17
1.28467e-01 4.32266e-17
1.38357e-01 4.32242e-17
1.49009e-01 4.32759e-17
1.60481e-01 4.32647e-17
1.72836e-01 4.33026e-17
1.86142e-01 4.33495e-17
2.00473e-01 4.33519e-17
2.15907e-01 4.33344e-17
2.32529e-01 4.33513e-17
2.50431e-01 4.34260e-17
2.69711e-01 4.34207e-17
2.90475e-01 4.34977e-17
3.12838e-01 4.35079e-17
3.36923e-01 4.35597e-17
3.62861e-01 4.35294e-17
3.90797e-01 4.36210e-17
4.20884e-01 4.36950e-17
4.53287e-01 4.37123e-17
4.88184e-01 4.37290e-17
5.25768e-01 4.38244e-17
5.66246e-01 4.39018e-17
6.09840e-01 4.39713e-17
6.56790e-01 4.39798e-17
7.07354e-01 4.41062e-17
7.61812e-01 4.42273e-17
8.20462e-01 4.43748e-17
8.83627e-01 4.44883e-17
9.51656e-01 4.46534e-17
1.02492e+00 4.48530e-17
1.10383e+00 4.51368e-17
1.18881e+00 4.55374e-17
1.28033e+00 4.62271e-17
1.37890e+00 4.81721e-17
1.48506e+00 5.19102e-17
1.59939e+00 6.31154e-17
1.72252e+00 4.45100e-16
1.85514e+00 4.54651e-16
1.99796e+00 4.62589e-16
2.15178e+00 4.69054e-16
2.31744e+00 4.74675e-16
2.49585e+00 4.79780e-16
2.68800e+00 4.82696e-16
2.89494e+00 4.90257e-16
3.11782e+00 4.98116e-16
3.35785e+00 5.06325e-16
3.61637e+00 5.13860e-16
3.89478e+00 5.22971e-16
4.19463e+00 5.33622e-16
4.51756e+00 5.42971e-16
4.86536e+00 5.53516e-16
5.23993e+00 5.67179e-16
5.64334e+00 5.80683e-16
6.07781e+00 5.97126e-16
6.54573e+00 6.12477e-16
7.04967e+00 6.32617e-16
7.59240e+00 6.53181e-16
8.17692e+00 6.76485e-16
8.80644e+00 7.04575e-16
9.48443e+00 7.34585e-16
1.02146e+01 7.70281e-16
1.10010e+01 8.07797e-16
1.18480e+01 8.55395e-16
1.27601e+01 9.07285e-16
1.37425e+01 9.68776e-16
1.48005e+01 1.03815e-15
1.59399e+01 1.12209e-15
1.71671e+01 1.22106e-15
1.84887e+01 1.34079e-15
1.99122e+01 1.47075e-15
2.14451e+01 1.63436e-15
2.30962e+01 1.82228e-15
2.48743e+01 2.02439e-15
2.67893e+01 2.23091e-15
2.88517e+01 2.40137e-15
3.10729e+01 2.47087e-15
3.34652e+01 2.33860e-15
3.60416e+01 1.99154e-15
3.88163e+01 1.58357e-15
4.18047e+01 1.28463e-15
4.50231e+01 1.08203e-15
4.84894e+01 9.39478e-16
5.22224e+01 8.25399e-16
5.62429e+01 7.03014e-16
6.05729e+01 5.27261e-16
6.52363e+01 2.72362e-16
7.02587e+01 4.34086e-17
7.56677e+01 2.31384e-20
8.14932e+01 0.00000e+00
