3.17098e-05 1.91406e-17
3.42207e-05 1.91353e-17
3.69304e-05 1.91713e-17
3.98548e-05 1.91540e-17
4.30106e-05 1.91401e-17
4.64164e-05 1.91612e-17
5.00918e-05 1.91508e-17
5.40583e-05 1.91511e-17
5.83389e-05 1.91348e-17
6.29584e-05 1.91650e-17
6.79437e-05 1.91364e-17
7.33238e-05 1.91372e-17
7.91298e-05 1.91406e-17
8.53957e-05 1.91357e-17
9.21577e-05 1.91380e-17
9.94551e-05 1.91449e-17
1.07330e-04 1.91680e-17
1.15829e-04 1.91328e-17
1.25001e-04 1.91551e-17
1.34899e-04 1.91339e-17
1.45581e-04 1.91444e-17
1.57109e-04 1.91391e-17
1.69549e-04 1.91487e-17
1.82975e-04 1.91378e-17
1.97464e-04 1.91431e-17
2.13100e-04 1.91353e-17
2.29974e-04 1.91329e-17
2.48184e-04 1.91165e-17
2.67836e-04 1.91500e-17
2.89045e-04 1.91347e-17
3.11932e-04 1.91441e-17
3.36633e-04 1.91382e-17
3.63289e-04 1.91232e-17
3.92055e-04 1.91481e-17
4.23100e-04 1.91374e-17
4.56603e-04 1.91597e-17
4.92758e-04 1.91487e-17
5.31777e-04 1.91515e-17
5.73885e-04 1.91466e-17
6.19328e-04 1.91492e-17
6.68369e-04 1.91416e-17
7.21293e-04 1.91441e-17
7.78408e-04 1.91324e-17
8.40046e-04 1.91498e-17
9.06564e-04 1.91227e-17
9.78350e-04 1.91547e-17
1.05582e-03 1.91555e-17
1.13942e-03 1.91549e-17
1.22965e-03 1.91451e-17
1.32702e-03 1.91440e-17
1.43210e-03 1.91547e-17
1.54550e-03 1.91354e-17
1.66787e-03 1.91478e-17
1.79994e-03 1.91711e-17
1.94247e-03 1.91440e-17
2.09628e-03 1.91609e-17
2.26228e-03 1.91381e-17
2.44141e-03 1.91579e-17
2.63473e-03 1.91251e-17
2.84336e-03 1.91404e-17
3.06851e-03 1.91613e-17
3.31149e-03 1.91435e-17
3.57371e-03 1.91318e-17
3.85669e-03 1.91398e-17
4.16208e-03 1.91509e-17
4.49165e-03 1.91561e-17
4.84732e-03 1.91399e-17
5.23115e-03 1.91598e-17
5.64537e-03 1.91440e-17
6.09239e-03 1.91553e-17
6.57482e-03 1.91483e-17
7.09544e-03 1.91480e-17
7.65728e-03 1.91347e-17
8.26362e-03 1.91482e-17
8.91797e-03 1.91574e-17
9.62413e-03 1.91251e-17
1.03862e-02 1.91294e-17
1.12086e-02 1.91609e-17
1.20962e-02 1.91399e-17
1.30540e-02 1.91419e-17
1.40877e-02 1.91542e-17
1.52032e-02 1.91323e-17
1.64070e-02 1.91516e-17
1.77062e-02 1.91409e-17
1.91083e-02 1.91509e-17
2.06214e-02 1.91546e-17
2.22542e-02 1.91483e-17
2.40164e-02 1.91501e-17
2.59181e-02 1.91680e-17
2.79705e-02 1.91654e-17
3.01853e-02 1.91542e-17
3.25755e-02 1.91561e-17
3.51549e-02 1.91750e-17
3.79386e-02 1.91592e-17
4.09428e-02 1.91482e-17
4.41848e-02 1.91417e-17
4.76835e-02 1.91787e-17
5.14593e-02 1.91366e-17
5.55341e-02 1.91717e-17
5.99315e-02 1.91710e-17
6.46771e-02 1.91935e-17
6.97985e-02 1.91598e-17
7.53255e-02 1.91685e-17
8.12901e-02 1.91898e-17
8.77270e-02 1.91886e-17
9.46736e-02 1.91862e-17
1.02170e-01 1.91843e-17
1.10260e-01 1.92029e-17
1.18991e-01 1.91757e-17
1.28414e-01 1.92003e-17
1.38582e-01 1.92176e-17
1.49555e-01 1.92143e-17
1.61398e-01 1.92206e-17
1.74178e-01 1.92189e-17
1.87970e-01 1.92099e-17
2.02854e-01 1.92421e-17
2.18917e-01 1.92443e-17
2.36252e-01 1.92703e-17
2.54959e-01 1.92711e-17
2.75148e-01 1.92883e-17
2.96936e-01 1.92983e-17
3.20448e-01 1.92896e-17
3.45823e-01 1.93295e-17
3.73206e-01 1.93432e-17
4.02758e-01 1.93292e-17
4.34650e-01 1.93616e-17
4.69068e-01 1.93933e-17
5.06211e-01 1.94142e-17
5.46295e-01 1.94135e-17
5.89552e-01 1.94384e-17
6.36236e-01 1.94765e-17
6.86616e-01 1.94958e-17
7.40985e-01 1.95198e-17
7.99659e-01 1.95884e-17
8.62979e-01 1.96092e-17
9.31314e-01 1.96705e-17
1.00506e+00 1.97407e-17
1.08464e+00 1.97884e-17
1.17053e+00 1.99300e-17
1.26322e+00 2.00170e-17
1.36324e+00 2.02524e-17
1.47119e+00 2.06365e-17
1.58769e+00 2.09868e-17
1.71341e+00 2.13409e-17
1.84908e+00 2.16738e-17
1.99550e+00 2.20488e-17
2.15351e+00 2.24448e-17
2.32404e+00 2.29315e-17
2.50806e+00 5.17109e-17
2.70666e+00 5.30638e-17
2.92099e+00 5.28936e-17
3.15228e+00 5.37045e-17
3.40189e+00 5.41306e-17
3.67127e+00 5.48106e-17
3.96198e+00 5.54088e-17
4.27570e+00 5.59037e-17
4.61427e+00 5.65532e-17
4.97965e+00 5.71724e-17
5.37396e+00 5.79234e-17
5.79949e+00 5.87791e-17
6.25872e+00 5.95502e-17
6.75431e+00 6.05577e-17
7.28914e+00 6.14564e-17
7.86633e+00 6.23902e-17
8.48922e+00 6.37276e-17
9.16143e+00 6.51603e-17
9.88687e+00 6.66505e-17
1.06698e+01 6.81664e-17
1.15146e+01 6.98396e-17
1.24264e+01 7.18012e-17
1.34104e+01 7.39490e-17
1.44723e+01 7.59986e-17
1.56182e+01 7.92563e-17
1.68550e+01 8.21167e-17
1.81896e+01 8.55460e-17
1.96299e+01 8.94443e-17
2.11843e+01 9.38192e-17
2.28618e+01 9.87313e-17
2.46721e+01 1.04650e-16
2.66257e+01 1.11724e-16
2.87340e+01 1.19526e-16
3.10093e+01 1.28666e-16
3.34648e+01 1.40032e-16
3.61147e+01 1.52687e-16
3.89744e+01 1.68608e-16
4.20605e+01 1.87415e-16
4.53910e+01 2.11346e-16
4.89853e+01 2.41003e-16
5.28642e+01 2.79042e-16
5.70502e+01 3.28294e-16
6.15676e+01 3.93194e-16
6.64428e+01 4.79710e-16
7.17040e+01 5.89700e-16
7.73819e+01 7.18021e-16
8.35093e+01 8.30762e-16
9.01219e+01 8.21099e-16
9.72581e+01 5.36929e-16
1.04959e+02 1.02016e-16
1.13271e+02 6.51301e-20
1.22240e+02 0.00000e+00
