3.17098e-05 2.54852e-17
3.41961e-05 2.54758e-17
3.68774e-05 2.54862e-17
3.97689e-05 2.54775e-17
4.28871e-05 2.55153e-17
4.62498e-05 2.54869e-17
4.98762e-05 2.54579e-17
5.37869e-05 2.54766e-17
5.80042e-05 2.54706e-17
6.25522e-05 2.54672e-17
6.74569e-05 2.55044e-17
7.27460e-05 2.54970e-17
7.84499e-05 2.55130e-17
8.46011e-05 2.54924e-17
9.12345e-05 2.54891e-17
9.83881e-05 2.54790e-17
1.06103e-04 2.54835e-17
1.14422e-04 2.54716e-17
1.23394e-04 2.54928e-17
1.33069e-04 2.54923e-17
1.43502e-04 2.54923e-17
1.54754e-04 2.54878e-17
1.66888e-04 2.54734e-17
1.79974e-04 2.54718e-17
1.94085e-04 2.54811e-17
2.09303e-04 2.54884e-17
2.25714e-04 2.54729e-17
2.43412e-04 2.54743e-17
2.62497e-04 2.54757e-17
2.83079e-04 2.54547e-17
3.05275e-04 2.54647e-17
3.29211e-04 2.54715e-17
3.55024e-04 2.54713e-17
3.82861e-04 2.54973e-17
4.12881e-04 2.54712e-17
4.45254e-04 2.54895e-17
4.80166e-04 2.54530e-17
5.17815e-04 2.54896e-17
5.58416e-04 2.54750e-17
6.02200e-04 2.55164e-17
6.49418e-04 2.54961e-17
7.00338e-04 2.54932e-17
7.55250e-04 2.55054e-17
8.14468e-04 2.54895e-17
8.78329e-04 2.54743e-17
9.47198e-04 2.54938e-17
1.02147e-03 2.54686e-17
1.10156e-03 2.54941e-17
1.18793e-03 2.54795e-17
1.28107e-03 2.55091e-17
1.38152e-03 2.55174e-17
1.48984e-03 2.54810e-17
1.60666e-03 2.54716e-17
1.73263e-03 2.54818e-17
1.86849e-03 2.54729e-17
2.01499e-03 2.54958e-17
2.17298e-03 2.54646e-17
2.34337e-03 2.54795e-17
2.52710e-03 2.54455e-17
2.72525e-03 2.54770e-17
2.93893e-03 2.54873e-17
3.16937e-03 2.54940e-17
3.41788e-03 2.54939e-17
3.68587e-03 2.54818e-17
3.97487e-03 2.54937e-17
4.28653e-03 2.54773e-17
4.62263e-03 2.54636e-17
4.98509e-03 2.54978e-17
5.37596e-03 2.54994e-17
5.79748e-03 2.54837e-17
6.25205e-03 2.54840e-17
6.74226e-03 2.54953e-17
7.27091e-03 2.55003e-17
7.84102e-03 2.55095e-17
8.45582e-03 2.54772e-17
9.11882e-03 2.55091e-17
9.83382e-03 2.54952e-17
1.06049e-02 2.55026e-17
1.14364e-02 2.55090e-17
1.23331e-02 2.54820e-17
1.33001e-02 2.55162e-17
1.43430e-02 2.55223e-17
1.54676e-02 2.54740e-17
1.66803e-02 2.55040e-17
1.79882e-02 2.54593e-17
1.93987e-02 2.55133e-17
2.09197e-02 2.55100e-17
2.25600e-02 2.55059e-17
2.43288e-02 2.55087e-17
2.62364e-02 2.55120e-17
2.82936e-02 2.55134e-17
3.05120e-02 2.54941e-17
3.29044e-02 2.55076e-17
3.54844e-02 2.55230e-17
3.82667e-02 2.54961e-17
4.12671e-02 2.55280e-17
4.45028e-02 2.55145e-17
4.79922e-02 2.55174e-17
5.17552e-02 2.55338e-17
5.58133e-02 2.55297e-17
6.01895e-02 2.55388e-17
6.49089e-02 2.55334e-17
6.99983e-02 2.55534e-17
7.54867e-02 2.55511e-17
8.14055e-02 2.55401e-17
8.77884e-02 2.55190e-17
9.46717e-02 2.55393e-17
1.02095e-01 2.55375e-17
1.10100e-01 2.55598e-17
1.18733e-01 2.55726e-17
1.28042e-01 2.55590e-17
1.38082e-01 2.56184e-17
1.48909e-01 2.55765e-17
1.60584e-01 2.55945e-17
1.73176e-01 2.55970e-17
1.86754e-01 2.56182e-17
2.01397e-01 2.56094e-17
2.17188e-01 2.56328e-17
2.34218e-01 2.56500e-17
2.52582e-01 2.56690e-17
2.72387e-01 2.56432e-17
2.93744e-01 2.57172e-17
3.16776e-01 2.56803e-17
3.41614e-01 2.57310e-17
3.68400e-01 2.57735e-17
3.97285e-01 2.57298e-17
4.28436e-01 2.58036e-17
4.62029e-01 2.58312e-17
4.98256e-01 2.58418e-17
5.37323e-01 2.58813e-17
5.79454e-01 2.59150e-17
6.24888e-01 2.59724e-17
6.73884e-01 2.59796e-17
7.26723e-01 2.60697e-17
7.83704e-01 2.61056e-17
8.45153e-01 2.61383e-17
9.11420e-01 2.62389e-17
9.82883e-01 2.62922e-17
1.05995e+00 2.64187e-17
1.14306e+00 2.65710e-17
1.23268e+00 2.67291e-17
1.32934e+00 2.70066e-17
1.43357e+00 2.76409e-17
1.54597e+00 2.82634e-17
1.66719e+00 2.89386e-17
1.79791e+00 2.96438e-17
1.93888e+00 3.03285e-17
2.09091e+00 9.10451e-17
2.25485e+00 9.14155e-17
2.43165e+00 9.63046e-17
2.62231e+00 9.67338e-17
2.82792e+00 9.79328e-17
3.04966e+00 9.87756e-17
3.28878e+00 1.00098e-16
3.54664e+00 1.00723e-16
3.82473e+00 1.01829e-16
4.12462e+00 1.03265e-16
4.44803e+00 1.04084e-16
4.79679e+00 1.05951e-16
5.17290e+00 1.07609e-16
5.57850e+00 1.09008e-16
6.01590e+00 1.10694e-16
6.48759e+00 1.12812e-16
6.99628e+00 1.14417e-16
7.54484e+00 1.16828e-16
8.13642e+00 1.19056e-16
8.77439e+00 1.21877e-16
9.46237e+00 1.25040e-16
1.02043e+01 1.28193e-16
1.10044e+01 1.31701e-16
1.18672e+01 1.35797e-16
1.27977e+01 1.40381e-16
1.38012e+01 1.45344e-16
1.48833e+01 1.51128e-16
1.60503e+01 1.57450e-16
1.73088e+01 1.64774e-16
1.86659e+01 1.73849e-16
2.01295e+01 1.82723e-16
2.17078e+01 1.93645e-16
2.34099e+01 2.06477e-16
2.52454e+01 2.21982e-16
2.72249e+01 2.40168e-16
2.93595e+01 2.61629e-16
3.16616e+01 2.88399e-16
3.41441e+01 3.20618e-16
3.68213e+01 3.60244e-16
3.97084e+01 4.10832e-16
4.28219e+01 4.70903e-16
4.61794e+01 5.50686e-16
4.98003e+01 6.51354e-16
5.37051e+01 7.78082e-16
5.79160e+01 9.39635e-16
6.24571e+01 1.11963e-15
6.73543e+01 1.27725e-15
7.26354e+01 1.28499e-15
7.83306e+01 9.87669e-16
8.44724e+01 4.38059e-16
9.10958e+01 6.06749e-17
9.82384e+01 3.58552e-20
1.05941e+02 0.00000e+00
