3.17098e-05 1.08729e-17
3.41961e-05 1.08713e-17
3.68774e-05 1.08686e-17
3.97689e-05 1.08676e-17
4.28871e-05 1.08754e-17
4.62498e-05 1.08604e-17
4.98762e-05 1.08741e-17
5.37869e-05 1.08747e-17
5.80042e-05 1.08671e-17
6.25522e-05 1.08746e-17
6.74569e-05 1.08640e-17
7.27460e-05 1.08742e-17
7.84499e-05 1.08694e-17
8.46011e-05 1.08695e-17
9.12345e-05 1.08750e-17
9.83881e-05 1.08703e-17
1.06103e-04 1.08644e-17
1.14422e-04 1.08653e-17
1.23394e-04 1.08808e-17
1.33069e-04 1.08751e-17
1.43502e-04 1.08746e-17
1.54754e-04 1.08696e-17
1.66888e-04 1.08635e-17
1.79974e-04 1.08689e-17
1.94085e-04 1.08658e-17
2.09303e-04 1.08614e-17
2.25714e-04 1.08662e-17
2.43412e-04 1.08676e-17
2.62497e-04 1.08696e-17
2.83079e-04 1.08753e-17
3.05275e-04 1.08632e-17
3.29211e-04 1.08659e-17
3.55024e-04 1.08732e-17
3.82861e-04 1.08656e-17
4.12881e-04 1.08684e-17
4.45254e-04 1.08609e-17
4.80166e-04 1.08683e-17
5.17815e-04 1.08810e-17
5.58416e-04 1.08770e-17
6.02200e-04 1.08660e-17
6.49418e-04 1.08716e-17
7.00338e-04 1.08594e-17
7.55250e-04 1.08663e-17
8.14468e-04 1.08754e-17
8.78329e-04 1.08771e-17
9.47198e-04 1.08643e-17
1.02147e-03 1.08722e-17
1.10156e-03 1.08738e-17
1.18793e-03 1.08738e-17
1.28107e-03 1.08674e-17
1.38152e-03 1.08792e-17
1.48984e-03 1.08857e-17
1.60666e-03 1.08730e-17
1.73263e-03 1.08773e-17
1.86849e-03 1.08777e-17
2.01499e-03 1.08736e-17
2.17298e-03 1.08793e-17
2.34337e-03 1.08819e-17
2.52710e-03 1.08792e-17
2.72525e-03 1.08841e-17
2.93893e-03 1.08850e-17
3.16937e-03 1.08831e-17
3.41788e-03 1.08857e-17
3.68587e-03 1.08785e-17
3.97487e-03 1.08846e-17
4.28653e-03 1.08852e-17
4.62263e-03 1.08809e-17
4.98509e-03 1.08853e-17
5.37596e-03 1.08938e-17
5.79748e-03 1.08819e-17
6.25205e-03 1.08806e-17
6.74226e-03 1.08844e-17
7.27091e-03 1.08897e-17
7.84102e-03 1.08963e-17
8.45582e-03 1.08981e-17
9.11882e-03 1.08930e-17
9.83382e-03 1.08980e-17
1.06049e-02 1.09065e-17
1.14364e-02 1.09066e-17
1.23331e-02 1.09104e-17
1.33001e-02 1.09067e-17
1.43430e-02 1.09130e-17
1.54676e-02 1.09186e-17
1.66803e-02 1.09199e-17
1.79882e-02 1.09183e-17
1.93987e-02 1.09290e-17
2.09197e-02 1.09398e-17
2.25600e-02 1.09349e-17
2.43288e-02 1.09483e-17
2.62364e-02 1.09538e-17
2.82936e-02 1.09690e-17
3.05120e-02 1.09673e-17
3.29044e-02 1.09729e-17
3.54844e-02 1.09820e-17
3.82667e-02 1.09840e-17
4.12671e-02 1.10015e-17
4.45028e-02 1.10143e-17
4.79922e-02 1.10207e-17
5.17552e-02 1.10359e-17
5.58133e-02 1.10554e-17
6.01895e-02 1.10621e-17
6.49089e-02 1.10790e-17
6.99983e-02 1.10977e-17
7.54867e-02 1.11175e-17
8.14055e-02 1.11309e-17
8.77884e-02 1.11547e-17
9.46717e-02 1.11845e-17
1.02095e-01 1.12133e-17
1.10100e-01 1.12362e-17
1.18733e-01 1.12632e-17
1.28042e-01 1.12992e-17
1.38082e-01 1.13280e-17
1.48909e-01 1.13695e-17
1.60584e-01 1.14187e-17
1.73176e-01 1.14682e-17
1.86754e-01 1.15117e-17
2.01397e-01 1.15740e-17
2.17188e-01 1.16293e-17
2.34218e-01 1.17021e-17
2.52582e-01 1.17915e-17
2.72387e-01 1.18639e-17
2.93744e-01 1.19577e-17
3.16776e-01 1.20531e-17
3.41614e-01 1.21806e-17
3.68400e-01 1.23076e-17
3.97285e-01 1.24435e-17
4.28436e-01 1.26100e-17
4.62029e-01 1.27838e-17
4.98256e-01 1.30048e-17
5.37323e-01 1.32422e-17
5.79454e-01 1.35211e-17
6.24888e-01 1.38432e-17
6.73884e-01 1.42119e-17
7.26723e-01 1.46737e-17
7.83704e-01 1.52343e-17
8.45153e-01 1.59347e-17
9.11420e-01 1.68246e-17
9.82883e-01 1.79738e-17
1.05995e+00 1.95909e-17
1.14306e+00 2.20188e-17
1.23268e+00 2.63396e-17
1.32934e+00 3.68766e-17
1.43357e+00 5.63661e-17
1.54597e+00 6.51629e-17
1.66719e+00 7.07946e-17
1.79791e+00 7.56176e-17
1.93888e+00 8.09531e-17
2.09091e+00 1.21653e-16
2.25485e+00 1.08524e-16
2.43165e+00 1.05224e-16
2.62231e+00 1.03304e-16
2.82792e+00 1.01932e-16
3.04966e+00 1.00815e-16
3.28878e+00 9.95532e-17
3.54664e+00 9.93416e-17
3.82473e+00 9.85719e-17
4.12462e+00 9.79064e-17
4.44803e+00 9.71186e-17
4.79679e+00 9.68189e-17
5.17290e+00 9.64312e-17
5.57850e+00 9.61456e-17
6.01590e+00 9.59124e-17
6.48759e+00 9.54007e-17
6.99628e+00 9.53111e-17
7.54484e+00 9.50884e-17
8.13642e+00 9.49191e-17
8.77439e+00 9.46593e-17
9.46237e+00 9.46606e-17
1.02043e+01 9.47753e-17
1.10044e+01 9.46945e-17
1.18672e+01 9.46409e-17
1.27977e+01 9.45657e-17
1.38012e+01 9.47089e-17
1.48833e+01 9.49663e-17
1.60503e+01 9.49069e-17
1.73088e+01 9.48495e-17
1.86659e+01 9.50334e-17
2.01295e+01 9.51809e-17
2.17078e+01 9.52742e-17
2.34099e+01 9.53462e-17
2.52454e+01 9.52543e-17
2.72249e+01 9.53495e-17
2.93595e+01 9.49376e-17
3.16616e+01 9.44475e-17
3.41441e+01 9.37755e-17
3.68213e+01 9.30855e-17
3.97084e+01 9.15362e-17
4.28219e+01 8.93125e-17
4.61794e+01 8.55326e-17
4.98003e+01 8.10190e-17
5.37051e+01 7.52117e-17
5.79160e+01 6.73259e-17
6.24571e+01 5.65418e-17
6.73543e+01 4.24025e-17
7.26354e+01 2.60106e-17
7.83306e+01 1.11341e-17
8.44724e+01 2.49131e-18
9.10958e+01 1.25422e-19
9.82384e+01 1.05096e-23
1.05941e+02 0.00000e+00
