3.17098e-05 3.55590e-17
3.41674e-05 3.55883e-17
3.68155e-05 3.55811e-17
3.96688e-05 3.55971e-17
4.27433e-05 3.56011e-17
4.60561e-05 3.55550e-17
4.96256e-05 3.55754e-17
5.34717e-05 3.56139e-17
5.76160e-05 3.55918e-17
6.20814e-05 3.55528e-17
6.68930e-05 3.55986e-17
7.20774e-05 3.55623e-17
7.76636e-05 3.55988e-17
8.36828e-05 3.56315e-17
9.01686e-05 3.55671e-17
9.71569e-05 3.55703e-17
1.04687e-04 3.55775e-17
1.12801e-04 3.56098e-17
1.21543e-04 3.55993e-17
1.30963e-04 3.56420e-17
1.41113e-04 3.55986e-17
1.52050e-04 3.55904e-17
1.63834e-04 3.56445e-17
1.76532e-04 3.56180e-17
1.90214e-04 3.55811e-17
2.04956e-04 3.55935e-17
2.20841e-04 3.56339e-17
2.37957e-04 3.56316e-17
2.56399e-04 3.56231e-17
2.76271e-04 3.56155e-17
2.97683e-04 3.55857e-17
3.20755e-04 3.55938e-17
3.45614e-04 3.56104e-17
3.72401e-04 3.55824e-17
4.01263e-04 3.56003e-17
4.32362e-04 3.56032e-17
4.65872e-04 3.55985e-17
5.01979e-04 3.56105e-17
5.40884e-04 3.56114e-17
5.82804e-04 3.55910e-17
6.27973e-04 3.56448e-17
6.76644e-04 3.56226e-17
7.29086e-04 3.56118e-17
7.85593e-04 3.56085e-17
8.46479e-04 3.56079e-17
9.12084e-04 3.56101e-17
9.82774e-04 3.55885e-17
1.05894e-03 3.55703e-17
1.14101e-03 3.56142e-17
1.22945e-03 3.55802e-17
1.32473e-03 3.55764e-17
1.42740e-03 3.55982e-17
1.53803e-03 3.56117e-17
1.65724e-03 3.55963e-17
1.78568e-03 3.56069e-17
1.92407e-03 3.55670e-17
2.07320e-03 3.56112e-17
2.23388e-03 3.56264e-17
2.40701e-03 3.55886e-17
2.59356e-03 3.56072e-17
2.79457e-03 3.55835e-17
3.01116e-03 3.55824e-17
3.24454e-03 3.56041e-17
3.49600e-03 3.56347e-17
3.76695e-03 3.56155e-17
4.05890e-03 3.55902e-17
4.37348e-03 3.56442e-17
4.71244e-03 3.55796e-17
5.07767e-03 3.55888e-17
5.47121e-03 3.55641e-17
5.89525e-03 3.56214e-17
6.35215e-03 3.55833e-17
6.84447e-03 3.56033e-17
7.37494e-03 3.55961e-17
7.94652e-03 3.55998e-17
8.56240e-03 3.55831e-17
9.22602e-03 3.55623e-17
9.94107e-03 3.56419e-17
1.07115e-02 3.56152e-17
1.15417e-02 3.56356e-17
1.24362e-02 3.56003e-17
1.34001e-02 3.55921e-17
1.44386e-02 3.56170e-17
1.55577e-02 3.56156e-17
1.67635e-02 3.56212e-17
1.80627e-02 3.56459e-17
1.94626e-02 3.55884e-17
2.09710e-02 3.56285e-17
2.25964e-02 3.55967e-17
2.43477e-02 3.56156e-17
2.62347e-02 3.56483e-17
2.82680e-02 3.56154e-17
3.04589e-02 3.56654e-17
3.28195e-02 3.56809e-17
3.53631e-02 3.56306e-17
3.81039e-02 3.56278e-17
4.10571e-02 3.56166e-17
4.42392e-02 3.56196e-17
4.76679e-02 3.56454e-17
5.13623e-02 3.56364e-17
5.53430e-02 3.56352e-17
5.96323e-02 3.56526e-17
6.42540e-02 3.56534e-17
6.92340e-02 3.56535e-17
7.45998e-02 3.56865e-17
8.03816e-02 3.56752e-17
8.66114e-02 3.56967e-17
9.33241e-02 3.56967e-17
1.00557e-01 3.56711e-17
1.08351e-01 3.56756e-17
1.16748e-01 3.57643e-17
1.25797e-01 3.56993e-17
1.35546e-01 3.57351e-17
1.46052e-01 3.57403e-17
1.57371e-01 3.57398e-17
1.69568e-01 3.57486e-17
1.82710e-01 3.57396e-17
1.96871e-01 3.58092e-17
2.12129e-01 3.58222e-17
2.28570e-01 3.58622e-17
2.46284e-01 3.58572e-17
2.65372e-01 3.58953e-17
2.85940e-01 3.58682e-17
3.08101e-01 3.59228e-17
3.31980e-01 3.59602e-17
3.57710e-01 3.59597e-17
3.85433e-01 3.60306e-17
4.15306e-01 3.60446e-17
4.47493e-01 3.60647e-17
4.82176e-01 3.61091e-17
5.19546e-01 3.61915e-17
5.59813e-01 3.62540e-17
6.03200e-01 3.62839e-17
6.49950e-01 3.63552e-17
7.00324e-01 3.64523e-17
7.54601e-01 3.64782e-17
8.13085e-01 3.65580e-17
8.76102e-01 3.66828e-17
9.44003e-01 3.68157e-17
1.01717e+00 3.69064e-17
1.09600e+00 3.71257e-17
1.18094e+00 3.73329e-17
1.27247e+00 3.77917e-17
1.37109e+00 3.87039e-17
1.47736e+00 4.03430e-17
1.59186e+00 4.21595e-17
1.71523e+00 4.45911e-17
1.84817e+00 2.30547e-16
1.99141e+00 2.31825e-16
2.14575e+00 2.33797e-16
2.31205e+00 2.36433e-16
2.49125e+00 2.39084e-16
2.68433e+00 2.40869e-16
2.89237e+00 2.42894e-16
3.11654e+00 2.45246e-16
3.35808e+00 2.49494e-16
3.61835e+00 2.52367e-16
3.89878e+00 2.55832e-16
4.20095e+00 2.58909e-16
4.52654e+00 2.63310e-16
4.87736e+00 2.66413e-16
5.25537e+00 2.70769e-16
5.66268e+00 2.77297e-16
6.10156e+00 2.83152e-16
6.57445e+00 2.88936e-16
7.08400e+00 2.96281e-16
7.63303e+00 3.03797e-16
8.22462e+00 3.12404e-16
8.86206e+00 3.21118e-16
9.54890e+00 3.30178e-16
1.02890e+01 3.42915e-16
1.10864e+01 3.55748e-16
1.19456e+01 3.70278e-16
1.28715e+01 3.86487e-16
1.38690e+01 4.07655e-16
1.49439e+01 4.28766e-16
1.61022e+01 4.54001e-16
1.73501e+01 4.83684e-16
1.86948e+01 5.18336e-16
2.01437e+01 5.59662e-16
2.17050e+01 6.09783e-16
2.33872e+01 6.66089e-16
2.51997e+01 7.39728e-16
2.71528e+01 8.24570e-16
2.92573e+01 9.35307e-16
3.15248e+01 1.06440e-15
3.39681e+01 1.22988e-15
3.66007e+01 1.42878e-15
3.94374e+01 1.65989e-15
4.24940e+01 1.89492e-15
4.57874e+01 2.05956e-15
4.93361e+01 2.01569e-15
5.31598e+01 1.64752e-15
5.72799e+01 1.15393e-15
6.17192e+01 8.41724e-16
6.65027e+01 5.81207e-16
7.16569e+01 2.88869e-16
7.72106e+01 4.57566e-17
8.31946e+01 2.57726e-20
8.96425e+01 0.00000e+00
