3.17098e-05 8.16275e-18
3.42207e-05 8.16758e-18
3.69304e-05 8.16432e-18
3.98548e-05 8.16549e-18
4.30106e-05 8.15868e-18
4.64164e-05 8.16498e-18
5.00918e-05 8.16234e-18
5.40583e-05 8.15908e-18
5.83389e-05 8.16300e-18
6.29584e-05 8.16592e-18
6.79437e-05 8.15984e-18
7.33238e-05 8.16778e-18
7.91298e-05 8.16322e-18
8.53957e-05 8.16603e-18
9.21577e-05 8.16937e-18
9.94551e-05 8.16546e-18
1.07330e-04 8.17031e-18
1.15829e-04 8.17075e-18
1.25001e-04 8.16396e-18
1.34899e-04 8.15909e-18
1.45581e-04 8.16628e-18
1.57109e-04 8.16760e-18
1.69549e-04 8.16331e-18
1.82975e-04 8.17019e-18
1.97464e-04 8.16936e-18
2.13100e-04 8.17294e-18
2.29974e-04 8.16310e-18
2.48184e-04 8.16420e-18
2.67836e-04 8.16336e-18
2.89045e-04 8.16502e-18
3.11932e-04 8.16430e-18
3.36633e-04 8.16221e-18
3.63289e-04 8.16623e-18
3.92055e-04 8.16788e-18
4.23100e-04 8.16154e-18
4.56603e-04 8.16765e-18
4.92758e-04 8.16268e-18
5.31777e-04 8.16342e-18
5.73885e-04 8.16397e-18
6.19328e-04 8.16387e-18
6.68369e-04 8.17251e-18
7.21293e-04 8.16383e-18
7.78408e-04 8.16770e-18
8.40046e-04 8.16226e-18
9.06564e-04 8.16537e-18
9.78350e-04 8.16391e-18
1.05582e-03 8.16548e-18
1.13942e-03 8.16165e-18
1.22965e-03 8.16808e-18
1.32702e-03 8.16907e-18
1.43210e-03 8.17319e-18
1.54550e-03 8.16448e-18
1.66787e-03 8.16483e-18
1.79994e-03 8.17059e-18
1.94247e-03 8.17536e-18
2.09628e-03 8.17510e-18
2.26228e-03 8.17385e-18
2.44141e-03 8.16786e-18
2.63473e-03 8.16916e-18
2.84336e-03 8.17076e-18
3.06851e-03 8.16382e-18
3.31149e-03 8.17277e-18
3.57371e-03 8.16785e-18
3.85669e-03 8.17080e-18
4.16208e-03 8.17192e-18
4.49165e-03 8.17495e-18
4.84732e-03 8.18127e-18
5.23115e-03 8.17700e-18
5.64537e-03 8.17598e-18
6.09239e-03 8.18249e-18
6.57482e-03 8.17669e-18
7.09544e-03 8.18393e-18
7.65728e-03 8.18197e-18
8.26362e-03 8.18187e-18
8.91797e-03 8.18827e-18
9.62413e-03 8.19116e-18
1.03862e-02 8.18640e-18
1.12086e-02 8.18984e-18
1.20962e-02 8.19202e-18
1.30540e-02 8.18997e-18
1.40877e-02 8.19227e-18
1.52032e-02 8.19944e-18
1.64070e-02 8.19574e-18
1.77062e-02 8.20042e-18
1.91083e-02 8.20885e-18
2.06214e-02 8.20835e-18
2.22542e-02 8.21742e-18
2.40164e-02 8.22077e-18
2.59181e-02 8.22067e-18
2.79705e-02 8.22444e-18
3.01853e-02 8.23285e-18
3.25755e-02 8.24161e-18
3.51549e-02 8.24355e-18
3.79386e-02 8.25125e-18
4.09428e-02 8.25959e-18
4.41848e-02 8.26711e-18
4.76835e-02 8.27601e-18
5.14593e-02 8.28159e-18
5.55341e-02 8.29294e-18
5.99315e-02 8.29838e-18
6.46771e-02 8.31660e-18
6.97985e-02 8.32524e-18
7.53255e-02 8.33904e-18
8.12901e-02 8.35445e-18
8.77270e-02 8.37163e-18
9.46736e-02 8.38683e-18
1.02170e-01 8.40181e-18
1.10260e-01 8.42056e-18
1.18991e-01 8.45323e-18
1.28414e-01 8.47792e-18
1.38582e-01 8.50180e-18
1.49555e-01 8.52425e-18
1.61398e-01 8.55968e-18
1.74178e-01 8.59058e-18
1.87970e-01 8.62552e-18
2.02854e-01 8.67277e-18
2.18917e-01 8.71754e-18
2.36252e-01 8.75999e-18
2.54959e-01 8.82742e-18
2.75148e-01 8.88749e-18
2.96936e-01 8.95253e-18
3.20448e-01 9.02659e-18
3.45823e-01 9.11479e-18
3.73206e-01 9.20180e-18
4.02758e-01 9.30667e-18
4.34650e-01 9.43554e-18
4.69068e-01 9.56204e-18
5.06211e-01 9.70886e-18
5.46295e-01 9.88567e-18
5.89552e-01 1.00968e-17
6.36236e-01 1.03224e-17
6.86616e-01 1.06126e-17
7.40985e-01 1.09371e-17
7.99659e-01 1.13428e-17
8.62979e-01 1.18430e-17
9.31314e-01 1.24900e-17
1.00506e+00 1.33342e-17
1.08464e+00 1.45310e-17
1.17053e+00 1.63964e-17
1.26322e+00 1.98323e-17
1.36324e+00 2.92539e-17
1.47119e+00 3.86264e-17
1.58769e+00 4.26363e-17
1.71341e+00 4.51244e-17
1.84908e+00 4.70706e-17
1.99550e+00 4.88942e-17
2.15351e+00 5.08553e-17
2.32404e+00 5.42479e-17
2.50806e+00 6.60066e-17
2.70666e+00 6.36003e-17
2.92099e+00 6.26025e-17
3.15228e+00 6.18076e-17
3.40189e+00 6.12903e-17
3.67127e+00 6.07575e-17
3.96198e+00 6.04422e-17
4.27570e+00 6.00822e-17
4.61427e+00 5.96839e-17
4.97965e+00 5.95176e-17
5.37396e+00 5.91979e-17
5.79949e+00 5.90943e-17
6.25872e+00 5.88794e-17
6.75431e+00 5.87573e-17
7.28914e+00 5.86697e-17
7.86633e+00 5.85070e-17
8.48922e+00 5.84717e-17
9.16143e+00 5.84218e-17
9.88687e+00 5.84121e-17
1.06698e+01 5.83443e-17
1.15146e+01 5.83387e-17
1.24264e+01 5.84752e-17
1.34104e+01 5.85616e-17
1.44723e+01 5.86053e-17
1.56182e+01 5.87635e-17
1.68550e+01 5.88847e-17
1.81896e+01 5.90080e-17
1.96299e+01 5.92841e-17
2.11843e+01 5.93547e-17
2.28618e+01 5.95829e-17
2.46721e+01 5.95413e-17
2.66257e+01 5.98543e-17
2.87340e+01 6.00080e-17
3.10093e+01 6.00961e-17
3.34648e+01 5.99436e-17
3.61147e+01 5.93192e-17
3.89744e+01 5.84611e-17
4.20605e+01 5.76897e-17
4.53910e+01 5.65138e-17
4.89853e+01 5.50986e-17
5.28642e+01 5.34967e-17
5.70502e+01 5.15754e-17
6.15676e+01 4.88908e-17
6.64428e+01 4.53217e-17
7.17040e+01 4.03629e-17
7.73819e+01 3.33250e-17
8.35093e+01 2.37582e-17
9.01219e+01 1.27201e-17
9.72581e+01 3.69579e-18
1.04959e+02 2.20888e-19
1.13271e+02 1.95154e-23
1.22240e+02 0.00000e+00
