3.17098e-05 1.83693e-17
3.41511e-05 1.83776e-17
3.67803e-05 1.83561e-17
3.96119e-05 1.83739e-17
4.26615e-05 1.83602e-17
4.59459e-05 1.83843e-17
4.94832e-05 1.83675e-17
5.32928e-05 1.83621e-17
5.73956e-05 1.83659e-17
6.18144e-05 1.83766e-17
6.65733e-05 1.83770e-17
7.16987e-05 1.83704e-17
7.72186e-05 1.83820e-17
8.31634e-05 1.83649e-17
8.95660e-05 1.83666e-17
9.64615e-05 1.83696e-17
1.03888e-04 1.83737e-17
1.11886e-04 1.83669e-17
1.20500e-04 1.83786e-17
1.29777e-04 1.83646e-17
1.39768e-04 1.83751e-17
1.50528e-04 1.83699e-17
1.62117e-04 1.83795e-17
1.74598e-04 1.83647e-17
1.88040e-04 1.83751e-17
2.02517e-04 1.83926e-17
2.18108e-04 1.83758e-17
2.34900e-04 1.83620e-17
2.52984e-04 1.83700e-17
2.72460e-04 1.83726e-17
2.93437e-04 1.83713e-17
3.16028e-04 1.83609e-17
3.40358e-04 1.83706e-17
3.66561e-04 1.83787e-17
3.94782e-04 1.83685e-17
4.25175e-04 1.83663e-17
4.57908e-04 1.83653e-17
4.93161e-04 1.83798e-17
5.31129e-04 1.83711e-17
5.72019e-04 1.83680e-17
6.16057e-04 1.83674e-17
6.63486e-04 1.83743e-17
7.14566e-04 1.83726e-17
7.69579e-04 1.83673e-17
8.28827e-04 1.83696e-17
8.92636e-04 1.83675e-17
9.61358e-04 1.83652e-17
1.03537e-03 1.83756e-17
1.11508e-03 1.83683e-17
1.20093e-03 1.83764e-17
1.29339e-03 1.83802e-17
1.39296e-03 1.83848e-17
1.50020e-03 1.83678e-17
1.61570e-03 1.83835e-17
1.74009e-03 1.83860e-17
1.87405e-03 1.83926e-17
2.01833e-03 1.83693e-17
2.17372e-03 1.83745e-17
2.34107e-03 1.84009e-17
2.52130e-03 1.83787e-17
2.71541e-03 1.83810e-17
2.92446e-03 1.83786e-17
3.14961e-03 1.83809e-17
3.39209e-03 1.83990e-17
3.65324e-03 1.83896e-17
3.93449e-03 1.83977e-17
4.23740e-03 1.83996e-17
4.56362e-03 1.83988e-17
4.91497e-03 1.84014e-17
5.29336e-03 1.84001e-17
5.70088e-03 1.84087e-17
6.13978e-03 1.83950e-17
6.61246e-03 1.84196e-17
7.12154e-03 1.84077e-17
7.66981e-03 1.84042e-17
8.26029e-03 1.84082e-17
8.89623e-03 1.84121e-17
9.58113e-03 1.84096e-17
1.03188e-02 1.84270e-17
1.11132e-02 1.84236e-17
1.19688e-02 1.84441e-17
1.28902e-02 1.84421e-17
1.38826e-02 1.84525e-17
1.49514e-02 1.84504e-17
1.61024e-02 1.84577e-17
1.73421e-02 1.84461e-17
1.86773e-02 1.84854e-17
2.01152e-02 1.84937e-17
2.16638e-02 1.84880e-17
2.33316e-02 1.85113e-17
2.51279e-02 1.85206e-17
2.70624e-02 1.85293e-17
2.91459e-02 1.85537e-17
3.13898e-02 1.85422e-17
3.38064e-02 1.85593e-17
3.64090e-02 1.85787e-17
3.92121e-02 1.85914e-17
4.22309e-02 1.86025e-17
4.54822e-02 1.86268e-17
4.89838e-02 1.86515e-17
5.27549e-02 1.86822e-17
5.68164e-02 1.87162e-17
6.11905e-02 1.87435e-17
6.59014e-02 1.87619e-17
7.09750e-02 1.87884e-17
7.64392e-02 1.88226e-17
8.23241e-02 1.88815e-17
8.86620e-02 1.89059e-17
9.54879e-02 1.89478e-17
1.02839e-01 1.89897e-17
1.10757e-01 1.90313e-17
1.19283e-01 1.90934e-17
1.28467e-01 1.91596e-17
1.38357e-01 1.92292e-17
1.49009e-01 1.93063e-17
1.60481e-01 1.93872e-17
1.72836e-01 1.94774e-17
1.86142e-01 1.95469e-17
2.00473e-01 1.96817e-17
2.15907e-01 1.97951e-17
2.32529e-01 1.99241e-17
2.50431e-01 2.00475e-17
2.69711e-01 2.01996e-17
2.90475e-01 2.03946e-17
3.12838e-01 2.05549e-17
3.36923e-01 2.07898e-17
3.62861e-01 2.10190e-17
3.90797e-01 2.12766e-17
4.20884e-01 2.15835e-17
4.53287e-01 2.19303e-17
4.88184e-01 2.23120e-17
5.25768e-01 2.27757e-17
5.66246e-01 2.32998e-17
6.09840e-01 2.38992e-17
6.56790e-01 2.46340e-17
7.07354e-01 2.55290e-17
7.61812e-01 2.65889e-17
8.20462e-01 2.79310e-17
8.83627e-01 2.96530e-17
9.51656e-01 3.19621e-17
1.02492e+00 3.52619e-17
1.10383e+00 4.02494e-17
1.18881e+00 4.88269e-17
1.28033e+00 6.80656e-17
1.37890e+00 1.32469e-16
1.48506e+00 2.00932e-16
1.59939e+00 3.83827e-16
1.72252e+00 3.88419e-16
1.85514e+00 3.68307e-16
1.99796e+00 3.56382e-16
2.15178e+00 3.46929e-16
2.31744e+00 3.40124e-16
2.49585e+00 3.35021e-16
2.68800e+00 3.29538e-16
2.89494e+00 3.25180e-16
3.11782e+00 3.21645e-16
3.35785e+00 3.18921e-16
3.61637e+00 3.14589e-16
3.89478e+00 3.12408e-16
4.19463e+00 3.10139e-16
4.51756e+00 3.07335e-16
4.86536e+00 3.04585e-16
5.23993e+00 3.02677e-16
5.64334e+00 3.00415e-16
6.07781e+00 2.97920e-16
6.54573e+00 2.96063e-16
7.04967e+00 2.94159e-16
7.59240e+00 2.92876e-16
8.17692e+00 2.90559e-16
8.80644e+00 2.88009e-16
9.48443e+00 2.86041e-16
1.02146e+01 2.83808e-16
1.10010e+01 2.81208e-16
1.18480e+01 2.78599e-16
1.27601e+01 2.75360e-16
1.37425e+01 2.71267e-16
1.48005e+01 2.67160e-16
1.59399e+01 2.62073e-16
1.71671e+01 2.56533e-16
1.84887e+01 2.49601e-16
1.99122e+01 2.41145e-16
2.14451e+01 2.30912e-16
2.30962e+01 2.18632e-16
2.48743e+01 2.03728e-16
2.67893e+01 1.85121e-16
2.88517e+01 1.63628e-16
3.10729e+01 1.38786e-16
3.34652e+01 1.13059e-16
3.60416e+01 8.98587e-17
3.88163e+01 7.09505e-17
4.18047e+01 5.60749e-17
4.50231e+01 4.37452e-17
4.84894e+01 3.29203e-17
5.22224e+01 2.30879e-17
5.62429e+01 1.40498e-17
6.05729e+01 6.45588e-18
6.52363e+01 1.63782e-18
7.02587e+01 8.75183e-20
7.56677e+01 6.45269e-24
8.14932e+01 0.00000e+00
