3.17098e-05 1.51852e-17
3.41674e-05 1.51769e-17
3.68155e-05 1.51764e-17
3.96688e-05 1.51757e-17
4.27433e-05 1.51819e-17
4.60561e-05 1.51901e-17
4.96256e-05 1.51873e-17
5.34717e-05 1.51823e-17
5.76160e-05 1.51760e-17
6.20814e-05 1.51801e-17
6.68930e-05 1.51775e-17
7.20774e-05 1.51813e-17
7.76636e-05 1.51970e-17
8.36828e-05 1.51823e-17
9.01686e-05 1.51764e-17
9.71569e-05 1.51662e-17
1.04687e-04 1.51753e-17
1.12801e-04 1.51788e-17
1.21543e-04 1.51805e-17
1.30963e-04 1.51914e-17
1.41113e-04 1.51844e-17
1.52050e-04 1.51758e-17
1.63834e-04 1.51872e-17
1.76532e-04 1.51684e-17
1.90214e-04 1.51841e-17
2.04956e-04 1.51882e-17
2.20841e-04 1.51891e-17
2.37957e-04 1.51861e-17
2.56399e-04 1.51784e-17
2.76271e-04 1.51801e-17
2.97683e-04 1.51975e-17
3.20755e-04 1.51874e-17
3.45614e-04 1.51737e-17
3.72401e-04 1.51940e-17
4.01263e-04 1.51766e-17
4.32362e-04 1.51895e-17
4.65872e-04 1.51888e-17
5.01979e-04 1.51909e-17
5.40884e-04 1.51845e-17
5.82804e-04 1.51804e-17
6.27973e-04 1.51840e-17
6.76644e-04 1.51816e-17
7.29086e-04 1.51878e-17
7.85593e-04 1.51775e-17
8.46479e-04 1.51811e-17
9.12084e-04 1.51845e-17
9.82774e-04 1.51982e-17
1.05894e-03 1.51809e-17
1.14101e-03 1.51793e-17
1.22945e-03 1.51762e-17
1.32473e-03 1.51869e-17
1.42740e-03 1.51892e-17
1.53803e-03 1.51932e-17
1.65724e-03 1.51839e-17
1.78568e-03 1.51989e-17
1.92407e-03 1.51808e-17
2.07320e-03 1.51909e-17
2.23388e-03 1.51913e-17
2.40701e-03 1.51863e-17
2.59356e-03 1.51889e-17
2.79457e-03 1.51964e-17
3.01116e-03 1.51887e-17
3.24454e-03 1.52005e-17
3.49600e-03 1.52044e-17
3.76695e-03 1.51979e-17
4.05890e-03 1.52037e-17
4.37348e-03 1.51986e-17
4.71244e-03 1.52114e-17
5.07767e-03 1.52076e-17
5.47121e-03 1.51911e-17
5.89525e-03 1.52026e-17
6.35215e-03 1.52134e-17
6.84447e-03 1.52157e-17
7.37494e-03 1.52221e-17
7.94652e-03 1.52203e-17
8.56240e-03 1.52077e-17
9.22602e-03 1.52235e-17
9.94107e-03 1.52277e-17
1.07115e-02 1.52315e-17
1.15417e-02 1.52337e-17
1.24362e-02 1.52330e-17
1.34001e-02 1.52497e-17
1.44386e-02 1.52442e-17
1.55577e-02 1.52435e-17
1.67635e-02 1.52638e-17
1.80627e-02 1.52868e-17
1.94626e-02 1.52733e-17
2.09710e-02 1.52881e-17
2.25964e-02 1.52809e-17
2.43477e-02 1.53070e-17
2.62347e-02 1.53030e-17
2.82680e-02 1.53105e-17
3.04589e-02 1.53083e-17
3.28195e-02 1.53250e-17
3.53631e-02 1.53446e-17
3.81039e-02 1.53504e-17
4.10571e-02 1.53774e-17
4.42392e-02 1.53845e-17
4.76679e-02 1.54215e-17
5.13623e-02 1.54188e-17
5.53430e-02 1.54558e-17
5.96323e-02 1.54753e-17
6.42540e-02 1.54931e-17
6.92340e-02 1.55184e-17
7.45998e-02 1.55451e-17
8.03816e-02 1.55727e-17
8.66114e-02 1.56001e-17
9.33241e-02 1.56285e-17
1.00557e-01 1.56672e-17
1.08351e-01 1.57187e-17
1.16748e-01 1.57474e-17
1.25797e-01 1.58058e-17
1.35546e-01 1.58502e-17
1.46052e-01 1.59037e-17
1.57371e-01 1.59731e-17
1.69568e-01 1.60424e-17
1.82710e-01 1.61139e-17
1.96871e-01 1.61919e-17
2.12129e-01 1.62935e-17
2.28570e-01 1.63894e-17
2.46284e-01 1.64891e-17
2.65372e-01 1.66106e-17
2.85940e-01 1.67438e-17
3.08101e-01 1.69121e-17
3.31980e-01 1.70622e-17
3.57710e-01 1.72338e-17
3.85433e-01 1.74436e-17
4.15306e-01 1.76764e-17
4.47493e-01 1.79572e-17
4.82176e-01 1.82460e-17
5.19546e-01 1.85793e-17
5.59813e-01 1.89730e-17
6.03200e-01 1.94589e-17
6.49950e-01 2.00067e-17
7.00324e-01 2.06604e-17
7.54601e-01 2.14533e-17
8.13085e-01 2.24258e-17
8.76102e-01 2.36565e-17
9.44003e-01 2.53202e-17
1.01717e+00 2.75747e-17
1.09600e+00 3.08950e-17
1.18094e+00 3.63425e-17
1.27247e+00 4.75184e-17
1.37109e+00 8.17358e-17
1.47736e+00 1.15497e-16
1.59186e+00 1.35650e-16
1.71523e+00 1.61849e-16
1.84817e+00 2.32072e-16
1.99141e+00 2.19476e-16
2.14575e+00 2.13109e-16
2.31205e+00 2.08639e-16
2.49125e+00 2.04808e-16
2.68433e+00 2.02292e-16
2.89237e+00 1.99268e-16
3.11654e+00 1.97398e-16
3.35808e+00 1.95755e-16
3.61835e+00 1.93999e-16
3.89878e+00 1.92691e-16
4.20095e+00 1.91557e-16
4.52654e+00 1.90414e-16
4.87736e+00 1.89111e-16
5.25537e+00 1.88286e-16
5.66268e+00 1.87361e-16
6.10156e+00 1.86544e-16
6.57445e+00 1.85538e-16
7.08400e+00 1.85042e-16
7.63303e+00 1.84313e-16
8.22462e+00 1.83913e-16
8.86206e+00 1.83412e-16
9.54890e+00 1.83051e-16
1.02890e+01 1.82516e-16
1.10864e+01 1.81929e-16
1.19456e+01 1.81516e-16
1.28715e+01 1.80891e-16
1.38690e+01 1.80694e-16
1.49439e+01 1.79919e-16
1.61022e+01 1.79320e-16
1.73501e+01 1.78480e-16
1.86948e+01 1.76890e-16
2.01437e+01 1.75546e-16
2.17050e+01 1.74054e-16
2.33872e+01 1.71763e-16
2.51997e+01 1.69005e-16
2.71528e+01 1.65575e-16
2.92573e+01 1.60914e-16
3.15248e+01 1.55406e-16
3.39681e+01 1.47825e-16
3.66007e+01 1.38416e-16
3.94374e+01 1.25511e-16
4.24940e+01 1.08556e-16
4.57874e+01 8.76411e-17
4.93361e+01 6.43832e-17
5.31598e+01 4.32978e-17
5.72799e+01 2.73737e-17
6.17192e+01 1.56809e-17
6.65027e+01 6.96720e-18
7.16569e+01 1.74190e-18
7.72106e+01 9.36567e-20
8.31946e+01 7.33611e-24
8.96425e+01 0.00000e+00
