3.17098e-05 2.32001e-17
3.41311e-05 2.31879e-17
3.67372e-05 2.31940e-17
3.95424e-05 2.32046e-17
4.25617e-05 2.31821e-17
4.58116e-05 2.31788e-17
4.93096e-05 2.32065e-17
5.30748e-05 2.31917e-17
5.71274e-05 2.31886e-17
6.14895e-05 2.31826e-17
6.61846e-05 2.31961e-17
7.12383e-05 2.31764e-17
7.66778e-05 2.31872e-17
8.25327e-05 2.31956e-17
8.88347e-05 2.31784e-17
9.56178e-05 2.31988e-17
1.02919e-04 2.32003e-17
1.10778e-04 2.32136e-17
1.19236e-04 2.31984e-17
1.28341e-04 2.31867e-17
1.38140e-04 2.31780e-17
1.48688e-04 2.31896e-17
1.60042e-04 2.31803e-17
1.72262e-04 2.31778e-17
1.85416e-04 2.32116e-17
1.99573e-04 2.31972e-17
2.14812e-04 2.32013e-17
2.31215e-04 2.31971e-17
2.48870e-04 2.31942e-17
2.67873e-04 2.32021e-17
2.88326e-04 2.31883e-17
3.10342e-04 2.31903e-17
3.34039e-04 2.31920e-17
3.59545e-04 2.31959e-17
3.86999e-04 2.31815e-17
4.16549e-04 2.31922e-17
4.48356e-04 2.32044e-17
4.82591e-04 2.31740e-17
5.19440e-04 2.32034e-17
5.59103e-04 2.32009e-17
6.01795e-04 2.32103e-17
6.47746e-04 2.31823e-17
6.97206e-04 2.31975e-17
7.50442e-04 2.31809e-17
8.07744e-04 2.31919e-17
8.69421e-04 2.31887e-17
9.35807e-04 2.32019e-17
1.00726e-03 2.32100e-17
1.08417e-03 2.31896e-17
1.16696e-03 2.32131e-17
1.25606e-03 2.31951e-17
1.35197e-03 2.31933e-17
1.45521e-03 2.32019e-17
1.56632e-03 2.31938e-17
1.68592e-03 2.32100e-17
1.81465e-03 2.31934e-17
1.95322e-03 2.31892e-17
2.10236e-03 2.32088e-17
2.26289e-03 2.32050e-17
2.43567e-03 2.32122e-17
2.62166e-03 2.32199e-17
2.82184e-03 2.32175e-17
3.03731e-03 2.32244e-17
3.26923e-03 2.32280e-17
3.51885e-03 2.32235e-17
3.78754e-03 2.32176e-17
4.07675e-03 2.32241e-17
4.38804e-03 2.32206e-17
4.72310e-03 2.32342e-17
5.08374e-03 2.32311e-17
5.47192e-03 2.32139e-17
5.88974e-03 2.32188e-17
6.33946e-03 2.32380e-17
6.82352e-03 2.32623e-17
7.34455e-03 2.32614e-17
7.90535e-03 2.32255e-17
8.50898e-03 2.32526e-17
9.15870e-03 2.32589e-17
9.85804e-03 2.32854e-17
1.06108e-02 2.32696e-17
1.14210e-02 2.32707e-17
1.22930e-02 2.32965e-17
1.32317e-02 2.32974e-17
1.42420e-02 2.32960e-17
1.53295e-02 2.33065e-17
1.65000e-02 2.33089e-17
1.77599e-02 2.33209e-17
1.91160e-02 2.33382e-17
2.05757e-02 2.33476e-17
2.21468e-02 2.33629e-17
2.38378e-02 2.33577e-17
2.56580e-02 2.33732e-17
2.76172e-02 2.33874e-17
2.97260e-02 2.34190e-17
3.19958e-02 2.34480e-17
3.44389e-02 2.34730e-17
3.70685e-02 2.34675e-17
3.98989e-02 2.35142e-17
4.29455e-02 2.35282e-17
4.62247e-02 2.35347e-17
4.97543e-02 2.35682e-17
5.35534e-02 2.36135e-17
5.76426e-02 2.36307e-17
6.20440e-02 2.36780e-17
6.67815e-02 2.37204e-17
7.18807e-02 2.37624e-17
7.73693e-02 2.38135e-17
8.32770e-02 2.38458e-17
8.96358e-02 2.39108e-17
9.64801e-02 2.39859e-17
1.03847e-01 2.40295e-17
1.11777e-01 2.40849e-17
1.20311e-01 2.41815e-17
1.29498e-01 2.42652e-17
1.39386e-01 2.43503e-17
1.50029e-01 2.44465e-17
1.61485e-01 2.45372e-17
1.73816e-01 2.46533e-17
1.87088e-01 2.48076e-17
2.01373e-01 2.49300e-17
2.16749e-01 2.50897e-17
2.33300e-01 2.52643e-17
2.51114e-01 2.54542e-17
2.70288e-01 2.56514e-17
2.90927e-01 2.58855e-17
3.13141e-01 2.61062e-17
3.37051e-01 2.64217e-17
3.62788e-01 2.67073e-17
3.90489e-01 2.70906e-17
4.20306e-01 2.74949e-17
4.52399e-01 2.79769e-17
4.86943e-01 2.85167e-17
5.24125e-01 2.91150e-17
5.64145e-01 2.98580e-17
6.07222e-01 3.06838e-17
6.53587e-01 3.16918e-17
7.03493e-01 3.29077e-17
7.57210e-01 3.44099e-17
8.15028e-01 3.63405e-17
8.77262e-01 3.88408e-17
9.44247e-01 4.22364e-17
1.01635e+00 4.72126e-17
1.09395e+00 5.51085e-17
1.17748e+00 6.96430e-17
1.26739e+00 1.05717e-16
1.36417e+00 2.88422e-16
1.46833e+00 1.15366e-15
1.58045e+00 9.99254e-16
1.70113e+00 9.31272e-16
1.83102e+00 8.82480e-16
1.97083e+00 8.47531e-16
2.12132e+00 8.17904e-16
2.28329e+00 7.91055e-16
2.45764e+00 7.69501e-16
2.64530e+00 7.47450e-16
2.84729e+00 7.27887e-16
3.06470e+00 7.09701e-16
3.29871e+00 6.91848e-16
3.55059e+00 6.72100e-16
3.82170e+00 6.55169e-16
4.11351e+00 6.37177e-16
4.42761e+00 6.17303e-16
4.76569e+00 5.99809e-16
5.12958e+00 5.79522e-16
5.52126e+00 5.59409e-16
5.94285e+00 5.38626e-16
6.39663e+00 5.16422e-16
6.88506e+00 4.92962e-16
7.41078e+00 4.68364e-16
7.97664e+00 4.42951e-16
8.58572e+00 4.16340e-16
9.24130e+00 3.88212e-16
9.94694e+00 3.59988e-16
1.07065e+01 3.31318e-16
1.15240e+01 3.03088e-16
1.24039e+01 2.74903e-16
1.33510e+01 2.48646e-16
1.43705e+01 2.23707e-16
1.54678e+01 2.00803e-16
1.66488e+01 1.80330e-16
1.79201e+01 1.61833e-16
1.92884e+01 1.45232e-16
2.07612e+01 1.30186e-16
2.23465e+01 1.16592e-16
2.40528e+01 1.04273e-16
2.58894e+01 9.31677e-17
2.78663e+01 8.27973e-17
2.99940e+01 7.30511e-17
3.22843e+01 6.39971e-17
3.47494e+01 5.54266e-17
3.74028e+01 4.70533e-17
4.02588e+01 3.88553e-17
4.33328e+01 3.05576e-17
4.66416e+01 2.20553e-17
5.02030e+01 1.37042e-17
5.40363e+01 6.38690e-18
5.81624e+01 1.61750e-18
6.26035e+01 8.49408e-20
6.73837e+01 5.78559e-24
7.25290e+01 0.00000e+00
