3.17098e-05 5.69545e-17
3.41272e-05 5.69255e-17
3.67288e-05 5.69147e-17
3.95288e-05 5.68923e-17
4.25423e-05 5.68630e-17
4.57854e-05 5.68961e-17
4.92758e-05 5.68435e-17
5.30323e-05 5.69047e-17
5.70752e-05 5.69513e-17
6.14263e-05 5.68858e-17
6.61091e-05 5.69386e-17
7.11488e-05 5.69260e-17
7.65728e-05 5.68807e-17
8.24103e-05 5.68739e-17
8.86928e-05 5.69340e-17
9.54542e-05 5.69036e-17
1.02731e-04 5.68945e-17
1.10563e-04 5.69590e-17
1.18991e-04 5.69102e-17
1.28063e-04 5.68895e-17
1.37825e-04 5.69554e-17
1.48332e-04 5.68521e-17
1.59640e-04 5.69148e-17
1.71810e-04 5.69586e-17
1.84908e-04 5.69093e-17
1.99004e-04 5.68685e-17
2.14175e-04 5.68974e-17
2.30503e-04 5.69264e-17
2.48075e-04 5.69260e-17
2.66987e-04 5.68637e-17
2.87340e-04 5.69214e-17
3.09245e-04 5.68954e-17
3.32820e-04 5.69596e-17
3.58193e-04 5.68915e-17
3.85499e-04 5.69291e-17
4.14887e-04 5.69268e-17
4.46516e-04 5.68521e-17
4.80556e-04 5.69037e-17
5.17191e-04 5.69236e-17
5.56618e-04 5.68936e-17
5.99052e-04 5.69283e-17
6.44720e-04 5.68888e-17
6.93869e-04 5.69085e-17
7.46766e-04 5.69539e-17
8.03695e-04 5.69249e-17
8.64964e-04 5.69354e-17
9.30904e-04 5.68731e-17
1.00187e-03 5.68654e-17
1.07825e-03 5.68729e-17
1.16045e-03 5.69429e-17
1.24891e-03 5.68773e-17
1.34412e-03 5.69042e-17
1.44659e-03 5.69310e-17
1.55687e-03 5.68873e-17
1.67556e-03 5.68513e-17
1.80329e-03 5.69222e-17
1.94076e-03 5.69706e-17
2.08872e-03 5.69028e-17
2.24795e-03 5.68437e-17
2.41932e-03 5.69249e-17
2.60375e-03 5.68800e-17
2.80225e-03 5.69075e-17
3.01587e-03 5.69085e-17
3.24579e-03 5.69523e-17
3.49323e-03 5.69512e-17
3.75953e-03 5.68904e-17
4.04613e-03 5.69283e-17
4.35459e-03 5.69108e-17
4.68656e-03 5.69542e-17
5.04383e-03 5.69743e-17
5.42834e-03 5.68575e-17
5.84217e-03 5.69192e-17
6.28754e-03 5.68857e-17
6.76687e-03 5.69666e-17
7.28273e-03 5.69100e-17
7.83793e-03 5.69042e-17
8.43544e-03 5.69387e-17
9.07851e-03 5.69067e-17
9.77061e-03 5.68747e-17
1.05155e-02 5.68873e-17
1.13171e-02 5.68826e-17
1.21798e-02 5.68986e-17
1.31084e-02 5.69587e-17
1.41077e-02 5.69293e-17
1.51832e-02 5.69427e-17
1.63406e-02 5.69037e-17
1.75863e-02 5.69555e-17
1.89270e-02 5.69173e-17
2.03699e-02 5.69530e-17
2.19228e-02 5.69595e-17
2.35941e-02 5.69265e-17
2.53927e-02 5.70157e-17
2.73285e-02 5.69424e-17
2.94119e-02 5.69783e-17
3.16541e-02 5.69857e-17
3.40672e-02 5.69641e-17
3.66643e-02 5.69596e-17
3.94594e-02 5.69093e-17
4.24675e-02 5.69831e-17
4.57050e-02 5.70394e-17
4.91893e-02 5.70204e-17
5.29392e-02 5.69835e-17
5.69749e-02 5.70180e-17
6.13184e-02 5.70369e-17
6.59929e-02 5.69719e-17
7.10239e-02 5.70294e-17
7.64383e-02 5.70507e-17
8.22655e-02 5.70132e-17
8.85370e-02 5.70416e-17
9.52865e-02 5.70857e-17
1.02551e-01 5.71170e-17
1.10368e-01 5.71045e-17
1.18782e-01 5.70531e-17
1.27838e-01 5.71647e-17
1.37583e-01 5.71518e-17
1.48072e-01 5.71495e-17
1.59360e-01 5.72247e-17
1.71508e-01 5.72334e-17
1.84583e-01 5.72583e-17
1.98655e-01 5.72725e-17
2.13799e-01 5.73236e-17
2.30098e-01 5.72960e-17
2.47639e-01 5.73172e-17
2.66518e-01 5.73728e-17
2.86835e-01 5.74821e-17
3.08702e-01 5.75323e-17
3.32236e-01 5.75245e-17
3.57564e-01 5.75978e-17
3.84822e-01 5.76601e-17
4.14159e-01 5.77024e-17
4.45732e-01 5.77919e-17
4.79712e-01 5.78598e-17
5.16282e-01 5.79701e-17
5.55640e-01 5.79852e-17
5.97999e-01 5.81087e-17
6.43587e-01 5.82739e-17
6.92650e-01 5.83390e-17
7.45454e-01 5.84519e-17
8.02283e-01 5.87635e-17
8.63445e-01 5.88630e-17
9.29268e-01 5.91033e-17
1.00011e+00 5.95154e-17
1.07635e+00 5.99395e-17
1.15841e+00 6.05618e-17
1.24672e+00 6.19361e-17
1.34176e+00 6.80295e-17
1.44405e+00 2.70370e-15
1.55413e+00 2.69548e-15
1.67261e+00 2.74770e-15
1.80012e+00 2.78876e-15
1.93735e+00 2.82113e-15
2.08505e+00 2.85797e-15
2.24400e+00 2.90175e-15
2.41507e+00 2.92940e-15
2.59918e+00 2.97148e-15
2.79732e+00 3.00764e-15
3.01058e+00 3.06204e-15
3.24008e+00 3.07919e-15
3.48709e+00 3.14246e-15
3.75292e+00 3.16212e-15
4.03903e+00 3.20605e-15
4.34694e+00 3.23467e-15
4.67832e+00 3.25506e-15
5.03497e+00 3.26955e-15
5.41881e+00 3.27571e-15
5.83191e+00 3.25312e-15
6.27650e+00 3.22972e-15
6.75498e+00 3.17400e-15
7.26994e+00 3.10826e-15
7.82416e+00 3.02258e-15
8.42062e+00 2.90204e-15
9.06256e+00 2.77215e-15
9.75344e+00 2.63233e-15
1.04970e+01 2.48350e-15
1.12972e+01 2.32193e-15
1.21584e+01 2.16256e-15
1.30853e+01 2.00645e-15
1.40829e+01 1.86652e-15
1.51565e+01 1.72831e-15
1.63119e+01 1.59938e-15
1.75555e+01 1.47966e-15
1.88938e+01 1.37058e-15
2.03341e+01 1.27474e-15
2.18843e+01 1.18931e-15
2.35526e+01 1.11281e-15
2.53481e+01 1.04449e-15
2.72805e+01 9.83030e-16
2.93602e+01 9.31930e-16
3.15985e+01 8.89202e-16
3.40074e+01 8.52590e-16
3.65999e+01 8.24336e-16
3.93900e+01 8.02442e-16
4.23929e+01 7.78488e-16
4.56247e+01 7.44117e-16
4.91029e+01 6.72307e-16
5.28462e+01 5.22400e-16
5.68749e+01 2.74207e-16
6.12107e+01 4.30674e-17
6.58770e+01 2.09304e-20
7.08991e+01 0.00000e+00
