3.17098e-05 2.42810e-17
3.41272e-05 2.42755e-17
3.67288e-05 2.42815e-17
3.95288e-05 2.42761e-17
4.25423e-05 2.42767e-17
4.57854e-05 2.42573e-17
4.92758e-05 2.42594e-17
5.30323e-05 2.42722e-17
5.70752e-05 2.42806e-17
6.14263e-05 2.42901e-17
6.61091e-05 2.42650e-17
7.11488e-05 2.42465e-17
7.65728e-05 2.42663e-17
8.24103e-05 2.42753e-17
8.86928e-05 2.42735e-17
9.54542e-05 2.42792e-17
1.02731e-04 2.42577e-17
1.10563e-04 2.42931e-17
1.18991e-04 2.42610e-17
1.28063e-04 2.42625e-17
1.37825e-04 2.42625e-17
1.48332e-04 2.42606e-17
1.59640e-04 2.42898e-17
1.71810e-04 2.42781e-17
1.84908e-04 2.42933e-17
1.99004e-04 2.42603e-17
2.14175e-04 2.42857e-17
2.30503e-04 2.42570e-17
2.48075e-04 2.42736e-17
2.66987e-04 2.42738e-17
2.87340e-04 2.42820e-17
3.09245e-04 2.42570e-17
3.32820e-04 2.42860e-17
3.58193e-04 2.42688e-17
3.85499e-04 2.42631e-17
4.14887e-04 2.42718e-17
4.46516e-04 2.42804e-17
4.80556e-04 2.42734e-17
5.17191e-04 2.42602e-17
5.56618e-04 2.42702e-17
5.99052e-04 2.42824e-17
6.44720e-04 2.42505e-17
6.93869e-04 2.42784e-17
7.46766e-04 2.42599e-17
8.03695e-04 2.42743e-17
8.64964e-04 2.42943e-17
9.30904e-04 2.42754e-17
1.00187e-03 2.42715e-17
1.07825e-03 2.42879e-17
1.16045e-03 2.42735e-17
1.24891e-03 2.42748e-17
1.34412e-03 2.42770e-17
1.44659e-03 2.42832e-17
1.55687e-03 2.42793e-17
1.67556e-03 2.42832e-17
1.80329e-03 2.42886e-17
1.94076e-03 2.42929e-17
2.08872e-03 2.42811e-17
2.24795e-03 2.43005e-17
2.41932e-03 2.42862e-17
2.60375e-03 2.43049e-17
2.80225e-03 2.42918e-17
3.01587e-03 2.43201e-17
3.24579e-03 2.42863e-17
3.49323e-03 2.43017e-17
3.75953e-03 2.42953e-17
4.04613e-03 2.43260e-17
4.35459e-03 2.43153e-17
4.68656e-03 2.43357e-17
5.04383e-03 2.43032e-17
5.42834e-03 2.43490e-17
5.84217e-03 2.43220e-17
6.28754e-03 2.43294e-17
6.76687e-03 2.43159e-17
7.28273e-03 2.43073e-17
7.83793e-03 2.43319e-17
8.43544e-03 2.43387e-17
9.07851e-03 2.43544e-17
9.77061e-03 2.43459e-17
1.05155e-02 2.43648e-17
1.13171e-02 2.43676e-17
1.21798e-02 2.43659e-17
1.31084e-02 2.43639e-17
1.41077e-02 2.43771e-17
1.51832e-02 2.43841e-17
1.63406e-02 2.44072e-17
1.75863e-02 2.44022e-17
1.89270e-02 2.44154e-17
2.03699e-02 2.44360e-17
2.19228e-02 2.44220e-17
2.35941e-02 2.44512e-17
2.53927e-02 2.44738e-17
2.73285e-02 2.44989e-17
2.94119e-02 2.45161e-17
3.16541e-02 2.45112e-17
3.40672e-02 2.45402e-17
3.66643e-02 2.45710e-17
3.94594e-02 2.46142e-17
4.24675e-02 2.45933e-17
4.57050e-02 2.46379e-17
4.91893e-02 2.46728e-17
5.29392e-02 2.47048e-17
5.69749e-02 2.47335e-17
6.13184e-02 2.47871e-17
6.59929e-02 2.48262e-17
7.10239e-02 2.48786e-17
7.64383e-02 2.49325e-17
8.22655e-02 2.49613e-17
8.85370e-02 2.50076e-17
9.52865e-02 2.50672e-17
1.02551e-01 2.51254e-17
1.10368e-01 2.52352e-17
1.18782e-01 2.52977e-17
1.27838e-01 2.53794e-17
1.37583e-01 2.54852e-17
1.48072e-01 2.55771e-17
1.59360e-01 2.56850e-17
1.71508e-01 2.58017e-17
1.84583e-01 2.59320e-17
1.98655e-01 2.60895e-17
2.13799e-01 2.62271e-17
2.30098e-01 2.64135e-17
2.47639e-01 2.65977e-17
2.66518e-01 2.68217e-17
2.86835e-01 2.70641e-17
3.08702e-01 2.73115e-17
3.32236e-01 2.76366e-17
3.57564e-01 2.79388e-17
3.84822e-01 2.83016e-17
4.14159e-01 2.87318e-17
4.45732e-01 2.92239e-17
4.79712e-01 2.97935e-17
5.16282e-01 3.04141e-17
5.55640e-01 3.11775e-17
5.97999e-01 3.20595e-17
6.43587e-01 3.30646e-17
6.92650e-01 3.43118e-17
7.45454e-01 3.58800e-17
8.02283e-01 3.78475e-17
8.63445e-01 4.03723e-17
9.29268e-01 4.38254e-17
1.00011e+00 4.88043e-17
1.07635e+00 5.67411e-17
1.15841e+00 7.09367e-17
1.24672e+00 1.05213e-16
1.34176e+00 2.77383e-16
1.44405e+00 1.45928e-15
1.55413e+00 1.23840e-15
1.67261e+00 1.14041e-15
1.80012e+00 1.06725e-15
1.93735e+00 1.00845e-15
2.08505e+00 9.59068e-16
2.24400e+00 9.19458e-16
2.41507e+00 8.82142e-16
2.59918e+00 8.43034e-16
2.79732e+00 8.10429e-16
3.01058e+00 7.77681e-16
3.24008e+00 7.45861e-16
3.48709e+00 7.14761e-16
3.75292e+00 6.83187e-16
4.03903e+00 6.52431e-16
4.34694e+00 6.21630e-16
4.67832e+00 5.90982e-16
5.03497e+00 5.60291e-16
5.41881e+00 5.28707e-16
5.83191e+00 4.98752e-16
6.27650e+00 4.67753e-16
6.75498e+00 4.37264e-16
7.26994e+00 4.08553e-16
7.82416e+00 3.77968e-16
8.42062e+00 3.50256e-16
9.06256e+00 3.22864e-16
9.75344e+00 2.97349e-16
1.04970e+01 2.71868e-16
1.12972e+01 2.49824e-16
1.21584e+01 2.28343e-16
1.30853e+01 2.08710e-16
1.40829e+01 1.90759e-16
1.51565e+01 1.74422e-16
1.63119e+01 1.59141e-16
1.75555e+01 1.45125e-16
1.88938e+01 1.31929e-16
2.03341e+01 1.19946e-16
2.18843e+01 1.08759e-16
2.35526e+01 9.85378e-17
2.53481e+01 8.88199e-17
2.72805e+01 7.97795e-17
2.93602e+01 7.10576e-17
3.15985e+01 6.27488e-17
3.40074e+01 5.45835e-17
3.65999e+01 4.65738e-17
3.93900e+01 3.86564e-17
4.23929e+01 3.04821e-17
4.56247e+01 2.20959e-17
4.91029e+01 1.37647e-17
5.28462e+01 6.40314e-18
5.68749e+01 1.62412e-18
6.12107e+01 8.48419e-20
6.58770e+01 5.68935e-24
7.08991e+01 0.00000e+00
