3.17098e-05 5.43998e-17
3.41311e-05 5.44194e-17
3.67372e-05 5.43994e-17
3.95424e-05 5.43548e-17
4.25617e-05 5.44094e-17
4.58116e-05 5.43589e-17
4.93096e-05 5.42808e-17
5.30748e-05 5.43720e-17
5.71274e-05 5.44061e-17
6.14895e-05 5.44309e-17
6.61846e-05 5.43721e-17
7.12383e-05 5.43260e-17
7.66778e-05 5.43961e-17
8.25327e-05 5.43954e-17
8.88347e-05 5.44250e-17
9.56178e-05 5.43670e-17
1.02919e-04 5.43460e-17
1.10778e-04 5.44222e-17
1.19236e-04 5.44012e-17
1.28341e-04 5.43096e-17
1.38140e-04 5.43749e-17
1.48688e-04 5.43953e-17
1.60042e-04 5.43425e-17
1.72262e-04 5.43758e-17
1.85416e-04 5.43897e-17
1.99573e-04 5.43774e-17
2.14812e-04 5.44026e-17
2.31215e-04 5.42772e-17
2.48870e-04 5.43473e-17
2.67873e-04 5.44209e-17
2.88326e-04 5.44160e-17
3.10342e-04 5.43135e-17
3.34039e-04 5.43934e-17
3.59545e-04 5.43463e-17
3.86999e-04 5.43597e-17
4.16549e-04 5.43626e-17
4.48356e-04 5.43517e-17
4.82591e-04 5.43601e-17
5.19440e-04 5.43580e-17
5.59103e-04 5.43890e-17
6.01795e-04 5.44265e-17
6.47746e-04 5.43763e-17
6.97206e-04 5.43618e-17
7.50442e-04 5.43134e-17
8.07744e-04 5.43860e-17
8.69421e-04 5.43907e-17
9.35807e-04 5.44116e-17
1.00726e-03 5.43865e-17
1.08417e-03 5.44069e-17
1.16696e-03 5.43680e-17
1.25606e-03 5.43538e-17
1.35197e-03 5.44203e-17
1.45521e-03 5.43748e-17
1.56632e-03 5.43844e-17
1.68592e-03 5.43427e-17
1.81465e-03 5.44361e-17
1.95322e-03 5.44432e-17
2.10236e-03 5.43802e-17
2.26289e-03 5.43344e-17
2.43567e-03 5.44220e-17
2.62166e-03 5.43470e-17
2.82184e-03 5.43865e-17
3.03731e-03 5.43892e-17
3.26923e-03 5.43441e-17
3.51885e-03 5.43537e-17
3.78754e-03 5.43665e-17
4.07675e-03 5.43512e-17
4.38804e-03 5.43937e-17
4.72310e-03 5.44056e-17
5.08374e-03 5.44076e-17
5.47192e-03 5.43765e-17
5.88974e-03 5.43740e-17
6.33946e-03 5.43589e-17
6.82352e-03 5.43915e-17
7.34455e-03 5.44218e-17
7.90535e-03 5.43740e-17
8.50898e-03 5.43987e-17
9.15870e-03 5.43801e-17
9.85804e-03 5.43686e-17
1.06108e-02 5.43808e-17
1.14210e-02 5.44550e-17
1.22930e-02 5.43670e-17
1.32317e-02 5.44104e-17
1.42420e-02 5.44109e-17
1.53295e-02 5.43544e-17
1.65000e-02 5.44096e-17
1.77599e-02 5.44118e-17
1.91160e-02 5.44114e-17
2.05757e-02 5.44124e-17
2.21468e-02 5.44092e-17
2.38378e-02 5.44376e-17
2.56580e-02 5.44441e-17
2.76172e-02 5.43983e-17
2.97260e-02 5.43587e-17
3.19958e-02 5.44338e-17
3.44389e-02 5.44497e-17
3.70685e-02 5.44296e-17
3.98989e-02 5.44465e-17
4.29455e-02 5.44127e-17
4.62247e-02 5.44657e-17
4.97543e-02 5.44451e-17
5.35534e-02 5.44810e-17
5.76426e-02 5.44838e-17
6.20440e-02 5.44411e-17
6.67815e-02 5.45080e-17
7.18807e-02 5.45064e-17
7.73693e-02 5.44675e-17
8.32770e-02 5.45182e-17
8.96358e-02 5.45076e-17
9.64801e-02 5.45989e-17
1.03847e-01 5.46243e-17
1.11777e-01 5.45662e-17
1.20311e-01 5.45811e-17
1.29498e-01 5.45604e-17
1.39386e-01 5.45284e-17
1.50029e-01 5.46912e-17
1.61485e-01 5.46577e-17
1.73816e-01 5.46802e-17
1.87088e-01 5.47563e-17
2.01373e-01 5.46981e-17
2.16749e-01 5.47539e-17
2.33300e-01 5.47997e-17
2.51114e-01 5.48748e-17
2.70288e-01 5.49277e-17
2.90927e-01 5.49472e-17
3.13141e-01 5.48805e-17
3.37051e-01 5.49802e-17
3.62788e-01 5.50300e-17
3.90489e-01 5.50932e-17
4.20306e-01 5.52324e-17
4.52399e-01 5.51827e-17
4.86943e-01 5.53410e-17
5.24125e-01 5.53797e-17
5.64145e-01 5.54983e-17
6.07222e-01 5.55105e-17
6.53587e-01 5.57282e-17
7.03493e-01 5.58173e-17
7.57210e-01 5.59636e-17
8.15028e-01 5.60965e-17
8.77262e-01 5.63207e-17
9.44247e-01 5.65478e-17
1.01635e+00 5.68368e-17
1.09395e+00 5.72835e-17
1.17748e+00 5.79636e-17
1.26739e+00 5.93483e-17
1.36417e+00 6.56734e-17
1.46833e+00 1.47510e-15
1.58045e+00 1.81657e-15
1.70113e+00 1.84539e-15
1.83102e+00 1.86684e-15
1.97083e+00 1.89331e-15
2.12132e+00 1.92768e-15
2.28329e+00 1.95202e-15
2.45764e+00 2.00305e-15
2.64530e+00 2.03509e-15
2.84729e+00 2.07181e-15
3.06470e+00 2.11518e-15
3.29871e+00 2.16667e-15
3.55059e+00 2.21866e-15
3.82170e+00 2.27300e-15
4.11351e+00 2.33350e-15
4.42761e+00 2.40256e-15
4.76569e+00 2.47086e-15
5.12958e+00 2.54158e-15
5.52126e+00 2.62863e-15
5.94285e+00 2.71065e-15
6.39663e+00 2.79222e-15
6.88506e+00 2.87842e-15
7.41078e+00 2.96477e-15
7.97664e+00 3.03148e-15
8.58572e+00 3.08194e-15
9.24130e+00 3.10284e-15
9.94694e+00 3.09527e-15
1.07065e+01 3.05130e-15
1.15240e+01 2.96169e-15
1.24039e+01 2.82508e-15
1.33510e+01 2.64584e-15
1.43705e+01 2.45431e-15
1.54678e+01 2.24435e-15
1.66488e+01 2.04291e-15
1.79201e+01 1.84783e-15
1.92884e+01 1.67615e-15
2.07612e+01 1.52185e-15
2.23465e+01 1.38312e-15
2.40528e+01 1.26342e-15
2.58894e+01 1.16242e-15
2.78663e+01 1.07504e-15
2.99940e+01 1.00164e-15
3.22843e+01 9.41190e-16
3.47494e+01 8.93715e-16
3.74028e+01 8.51484e-16
4.02588e+01 8.18157e-16
4.33328e+01 7.86767e-16
4.66416e+01 7.47180e-16
5.02030e+01 6.70607e-16
5.40363e+01 5.19521e-16
5.81624e+01 2.72060e-16
6.26035e+01 4.28681e-17
6.73837e+01 2.12421e-20
7.25290e+01 0.00000e+00
