3.17098e-05 5.95932e-17
3.41232e-05 5.96689e-17
3.67202e-05 5.95732e-17
3.95150e-05 5.96192e-17
4.25224e-05 5.96580e-17
4.57587e-05 5.95827e-17
4.92413e-05 5.96425e-17
5.29890e-05 5.96259e-17
5.70219e-05 5.96142e-17
6.13617e-05 5.95517e-17
6.60319e-05 5.96322e-17
7.10574e-05 5.96188e-17
7.64655e-05 5.96425e-17
8.22852e-05 5.95793e-17
8.85478e-05 5.96222e-17
9.52870e-05 5.96710e-17
1.02539e-04 5.96484e-17
1.10343e-04 5.96135e-17
1.18741e-04 5.95812e-17
1.27778e-04 5.95994e-17
1.37503e-04 5.96772e-17
1.47969e-04 5.96083e-17
1.59230e-04 5.96311e-17
1.71349e-04 5.96480e-17
1.84390e-04 5.96579e-17
1.98424e-04 5.95905e-17
2.13526e-04 5.95877e-17
2.29777e-04 5.95421e-17
2.47265e-04 5.97127e-17
2.66083e-04 5.95804e-17
2.86335e-04 5.96692e-17
3.08127e-04 5.95971e-17
3.31578e-04 5.96295e-17
3.56814e-04 5.96203e-17
3.83971e-04 5.96256e-17
4.13194e-04 5.96156e-17
4.44641e-04 5.96163e-17
4.78482e-04 5.96653e-17
5.14899e-04 5.96334e-17
5.54087e-04 5.95874e-17
5.96258e-04 5.95603e-17
6.41638e-04 5.96268e-17
6.90472e-04 5.96589e-17
7.43023e-04 5.95952e-17
7.99573e-04 5.95789e-17
8.60427e-04 5.95890e-17
9.25913e-04 5.96454e-17
9.96382e-04 5.96073e-17
1.07222e-03 5.95545e-17
1.15382e-03 5.96129e-17
1.24164e-03 5.96137e-17
1.33613e-03 5.96205e-17
1.43783e-03 5.96168e-17
1.54726e-03 5.96466e-17
1.66502e-03 5.96011e-17
1.79174e-03 5.96195e-17
1.92810e-03 5.96157e-17
2.07485e-03 5.96280e-17
2.23276e-03 5.96391e-17
2.40269e-03 5.95833e-17
2.58556e-03 5.96114e-17
2.78234e-03 5.95867e-17
2.99410e-03 5.96113e-17
3.22198e-03 5.96280e-17
3.46720e-03 5.96529e-17
3.73108e-03 5.96209e-17
4.01504e-03 5.96062e-17
4.32062e-03 5.96436e-17
4.64946e-03 5.96234e-17
5.00332e-03 5.95884e-17
5.38412e-03 5.95992e-17
5.79389e-03 5.96352e-17
6.23486e-03 5.96829e-17
6.70938e-03 5.96129e-17
7.22002e-03 5.96525e-17
7.76953e-03 5.96277e-17
8.36085e-03 5.96127e-17
8.99718e-03 5.95656e-17
9.68194e-03 5.96479e-17
1.04188e-02 5.96111e-17
1.12118e-02 5.96775e-17
1.20651e-02 5.95652e-17
1.29833e-02 5.96946e-17
1.39715e-02 5.95927e-17
1.50348e-02 5.96259e-17
1.61791e-02 5.96809e-17
1.74105e-02 5.95652e-17
1.87356e-02 5.96882e-17
2.01615e-02 5.95927e-17
2.16960e-02 5.96056e-17
2.33472e-02 5.97062e-17
2.51241e-02 5.96608e-17
2.70363e-02 5.96745e-17
2.90940e-02 5.96618e-17
3.13082e-02 5.96543e-17
3.36911e-02 5.96932e-17
3.62552e-02 5.96662e-17
3.90146e-02 5.96914e-17
4.19839e-02 5.96819e-17
4.51792e-02 5.97299e-17
4.86178e-02 5.96667e-17
5.23180e-02 5.97136e-17
5.62998e-02 5.96889e-17
6.05847e-02 5.96917e-17
6.51957e-02 5.97491e-17
7.01576e-02 5.97993e-17
7.54972e-02 5.97481e-17
8.12432e-02 5.97671e-17
8.74265e-02 5.98257e-17
9.40804e-02 5.98157e-17
1.01241e-01 5.97853e-17
1.08946e-01 5.97500e-17
1.17238e-01 5.97982e-17
1.26160e-01 5.97841e-17
1.35762e-01 5.98527e-17
1.46095e-01 5.99229e-17
1.57214e-01 5.99182e-17
1.69179e-01 5.99257e-17
1.82055e-01 6.00233e-17
1.95911e-01 6.00541e-17
2.10822e-01 6.00368e-17
2.26867e-01 6.00421e-17
2.44133e-01 6.01091e-17
2.62714e-01 6.01777e-17
2.82709e-01 6.01500e-17
3.04225e-01 6.02503e-17
3.27379e-01 6.03044e-17
3.52296e-01 6.03039e-17
3.79108e-01 6.04272e-17
4.07962e-01 6.04615e-17
4.39011e-01 6.05813e-17
4.72423e-01 6.06213e-17
5.08379e-01 6.07057e-17
5.47071e-01 6.08554e-17
5.88707e-01 6.09180e-17
6.33513e-01 6.09371e-17
6.81728e-01 6.11549e-17
7.33614e-01 6.13263e-17
7.89448e-01 6.14998e-17
8.49531e-01 6.17300e-17
9.14188e-01 6.19222e-17
9.83765e-01 6.22823e-17
1.05864e+00 6.27328e-17
1.13921e+00 6.34612e-17
1.22591e+00 6.48150e-17
1.31921e+00 7.07267e-17
1.41962e+00 3.46710e-15
1.52766e+00 3.50769e-15
1.64393e+00 3.48035e-15
1.76905e+00 3.46722e-15
1.90369e+00 3.45548e-15
2.04857e+00 3.44401e-15
2.20449e+00 3.43956e-15
2.37227e+00 3.40051e-15
2.55282e+00 3.38058e-15
2.74711e+00 3.34964e-15
2.95619e+00 3.29294e-15
3.18118e+00 3.26785e-15
3.42329e+00 3.22257e-15
3.68383e+00 3.16427e-15
3.96420e+00 3.09532e-15
4.26591e+00 3.02580e-15
4.59058e+00 2.95936e-15
4.93996e+00 2.87627e-15
5.31594e+00 2.79182e-15
5.72052e+00 2.70368e-15
6.15590e+00 2.60342e-15
6.62442e+00 2.49910e-15
7.12859e+00 2.39996e-15
7.67114e+00 2.28982e-15
8.25498e+00 2.18587e-15
8.88325e+00 2.07568e-15
9.55934e+00 1.97397e-15
1.02869e+01 1.86981e-15
1.10698e+01 1.76740e-15
1.19123e+01 1.66928e-15
1.28189e+01 1.57490e-15
1.37946e+01 1.48875e-15
1.48444e+01 1.40503e-15
1.59742e+01 1.32535e-15
1.71900e+01 1.24743e-15
1.84983e+01 1.17438e-15
1.99062e+01 1.11422e-15
2.14212e+01 1.05553e-15
2.30515e+01 1.00430e-15
2.48060e+01 9.56508e-16
2.66939e+01 9.16637e-16
2.87255e+01 8.79718e-16
3.09118e+01 8.50531e-16
3.32644e+01 8.24451e-16
3.57961e+01 8.06215e-16
3.85205e+01 7.91394e-16
4.14523e+01 7.73495e-16
4.46071e+01 7.43731e-16
4.80021e+01 6.75123e-16
5.16555e+01 5.27078e-16
5.55869e+01 2.76091e-16
5.98175e+01 4.32226e-17
6.43701e+01 2.07085e-20
6.92692e+01 0.00000e+00
