3.17098e-05 2.54035e-17
3.41232e-05 2.54385e-17
3.67202e-05 2.54015e-17
3.95150e-05 2.54304e-17
4.25224e-05 2.54392e-17
4.57587e-05 2.54267e-17
4.92413e-05 2.54097e-17
5.29890e-05 2.54467e-17
5.70219e-05 2.54139e-17
6.13617e-05 2.54265e-17
6.60319e-05 2.54019e-17
7.10574e-05 2.54085e-17
7.64655e-05 2.54354e-17
8.22852e-05 2.54161e-17
8.85478e-05 2.54264e-17
9.52870e-05 2.54450e-17
1.02539e-04 2.54190e-17
1.10343e-04 2.54226e-17
1.18741e-04 2.54386e-17
1.27778e-04 2.54266e-17
1.37503e-04 2.54303e-17
1.47969e-04 2.54418e-17
1.59230e-04 2.54296e-17
1.71349e-04 2.54178e-17
1.84390e-04 2.54183e-17
1.98424e-04 2.54386e-17
2.13526e-04 2.54270e-17
2.29777e-04 2.54123e-17
2.47265e-04 2.54446e-17
2.66083e-04 2.54323e-17
2.86335e-04 2.54263e-17
3.08127e-04 2.54256e-17
3.31578e-04 2.54391e-17
3.56814e-04 2.54198e-17
3.83971e-04 2.54435e-17
4.13194e-04 2.54311e-17
4.44641e-04 2.54368e-17
4.78482e-04 2.54271e-17
5.14899e-04 2.54183e-17
5.54087e-04 2.54418e-17
5.96258e-04 2.54127e-17
6.41638e-04 2.54326e-17
6.90472e-04 2.54195e-17
7.43023e-04 2.54210e-17
7.99573e-04 2.54453e-17
8.60427e-04 2.54278e-17
9.25913e-04 2.54219e-17
9.96382e-04 2.54208e-17
1.07222e-03 2.54517e-17
1.15382e-03 2.54388e-17
1.24164e-03 2.54410e-17
1.33613e-03 2.54239e-17
1.43783e-03 2.54224e-17
1.54726e-03 2.54544e-17
1.66502e-03 2.54398e-17
1.79174e-03 2.54346e-17
1.92810e-03 2.54410e-17
2.07485e-03 2.54392e-17
2.23276e-03 2.54519e-17
2.40269e-03 2.54444e-17
2.58556e-03 2.54456e-17
2.78234e-03 2.54334e-17
2.99410e-03 2.54607e-17
3.22198e-03 2.54413e-17
3.46720e-03 2.54477e-17
3.73108e-03 2.54619e-17
4.01504e-03 2.54708e-17
4.32062e-03 2.54792e-17
4.64946e-03 2.54779e-17
5.00332e-03 2.54760e-17
5.38412e-03 2.54706e-17
5.79389e-03 2.54671e-17
6.23486e-03 2.54634e-17
6.70938e-03 2.54745e-17
7.22002e-03 2.54870e-17
7.76953e-03 2.54920e-17
8.36085e-03 2.55016e-17
8.99718e-03 2.55202e-17
9.68194e-03 2.55038e-17
1.04188e-02 2.55336e-17
1.12118e-02 2.55217e-17
1.20651e-02 2.55459e-17
1.29833e-02 2.55332e-17
1.39715e-02 2.55514e-17
1.50348e-02 2.55363e-17
1.61791e-02 2.55572e-17
1.74105e-02 2.55839e-17
1.87356e-02 2.55893e-17
2.01615e-02 2.56207e-17
2.16960e-02 2.56082e-17
2.33472e-02 2.56308e-17
2.51241e-02 2.56421e-17
2.70363e-02 2.56638e-17
2.90940e-02 2.56710e-17
3.13082e-02 2.56883e-17
3.36911e-02 2.57291e-17
3.62552e-02 2.57433e-17
3.90146e-02 2.57368e-17
4.19839e-02 2.57890e-17
4.51792e-02 2.58351e-17
4.86178e-02 2.58553e-17
5.23180e-02 2.58853e-17
5.62998e-02 2.59087e-17
6.05847e-02 2.59731e-17
6.51957e-02 2.60067e-17
7.01576e-02 2.60548e-17
7.54972e-02 2.60857e-17
8.12432e-02 2.61596e-17
8.74265e-02 2.62059e-17
9.40804e-02 2.62782e-17
1.01241e-01 2.63339e-17
1.08946e-01 2.64112e-17
1.17238e-01 2.64976e-17
1.26160e-01 2.65638e-17
1.35762e-01 2.66760e-17
1.46095e-01 2.68136e-17
1.57214e-01 2.68891e-17
1.69179e-01 2.70024e-17
1.82055e-01 2.71685e-17
1.95911e-01 2.73026e-17
2.10822e-01 2.74631e-17
2.26867e-01 2.76576e-17
2.44133e-01 2.78521e-17
2.62714e-01 2.80859e-17
2.82709e-01 2.83298e-17
3.04225e-01 2.85973e-17
3.27379e-01 2.89146e-17
3.52296e-01 2.92698e-17
3.79108e-01 2.96444e-17
4.07962e-01 3.00972e-17
4.39011e-01 3.05773e-17
4.72423e-01 3.11452e-17
5.08379e-01 3.18131e-17
5.47071e-01 3.25608e-17
5.88707e-01 3.34400e-17
6.33513e-01 3.45494e-17
6.81728e-01 3.58227e-17
7.33614e-01 3.74286e-17
7.89448e-01 3.94203e-17
8.49531e-01 4.20065e-17
9.14188e-01 4.55444e-17
9.83765e-01 5.06497e-17
1.05864e+00 5.85879e-17
1.13921e+00 7.26355e-17
1.22591e+00 1.05503e-16
1.31921e+00 2.64685e-16
1.41962e+00 1.57998e-15
1.52766e+00 1.31320e-15
1.64393e+00 1.17444e-15
1.76905e+00 1.07802e-15
1.90369e+00 9.99229e-16
2.04857e+00 9.34801e-16
2.20449e+00 8.78103e-16
2.37227e+00 8.26460e-16
2.55282e+00 7.77201e-16
2.74711e+00 7.35023e-16
2.95619e+00 6.94422e-16
3.18118e+00 6.57066e-16
3.42329e+00 6.19083e-16
3.68383e+00 5.83764e-16
3.96420e+00 5.49477e-16
4.26591e+00 5.17927e-16
4.59058e+00 4.86483e-16
4.93996e+00 4.57539e-16
5.31594e+00 4.30519e-16
5.72052e+00 4.02595e-16
6.15590e+00 3.76952e-16
6.62442e+00 3.52124e-16
7.12859e+00 3.28977e-16
7.67114e+00 3.07138e-16
8.25498e+00 2.85990e-16
8.88325e+00 2.66259e-16
9.55934e+00 2.47574e-16
1.02869e+01 2.30102e-16
1.10698e+01 2.13581e-16
1.19123e+01 1.97787e-16
1.28189e+01 1.83424e-16
1.37946e+01 1.69963e-16
1.48444e+01 1.57086e-16
1.59742e+01 1.44825e-16
1.71900e+01 1.33522e-16
1.84983e+01 1.23019e-16
1.99062e+01 1.12950e-16
2.14212e+01 1.03464e-16
2.30515e+01 9.43953e-17
2.48060e+01 8.56638e-17
2.66939e+01 7.75329e-17
2.87255e+01 6.95045e-17
3.09118e+01 6.16830e-17
3.32644e+01 5.39893e-17
3.57961e+01 4.63317e-17
3.85205e+01 3.85676e-17
4.14523e+01 3.05580e-17
4.46071e+01 2.21798e-17
4.80021e+01 1.38386e-17
5.16555e+01 6.44705e-18
5.55869e+01 1.62917e-18
5.98175e+01 8.48320e-20
6.43701e+01 5.59939e-24
6.92692e+01 0.00000e+00
