3.17098e-05 2.21730e-17
3.41349e-05 2.21812e-17
3.67454e-05 2.21863e-17
3.95556e-05 2.21992e-17
4.25807e-05 2.21886e-17
4.58372e-05 2.21821e-17
4.93427e-05 2.21754e-17
5.31163e-05 2.21887e-17
5.71784e-05 2.21799e-17
6.15513e-05 2.21957e-17
6.62586e-05 2.21792e-17
7.13259e-05 2.21853e-17
7.67807e-05 2.21755e-17
8.26526e-05 2.22030e-17
8.89737e-05 2.21831e-17
9.57782e-05 2.21814e-17
1.03103e-04 2.21846e-17
1.10988e-04 2.21712e-17
1.19476e-04 2.21745e-17
1.28613e-04 2.21811e-17
1.38449e-04 2.21809e-17
1.49038e-04 2.21739e-17
1.60436e-04 2.21927e-17
1.72705e-04 2.21731e-17
1.85913e-04 2.21927e-17
2.00131e-04 2.21832e-17
2.15437e-04 2.21782e-17
2.31913e-04 2.21867e-17
2.49649e-04 2.21900e-17
2.68741e-04 2.21967e-17
2.89294e-04 2.21815e-17
3.11418e-04 2.21777e-17
3.35235e-04 2.21893e-17
3.60873e-04 2.21952e-17
3.88471e-04 2.21638e-17
4.18181e-04 2.21792e-17
4.50162e-04 2.21855e-17
4.84589e-04 2.21720e-17
5.21649e-04 2.21999e-17
5.61543e-04 2.21914e-17
6.04489e-04 2.21927e-17
6.50718e-04 2.21886e-17
7.00484e-04 2.22000e-17
7.54055e-04 2.21809e-17
8.11723e-04 2.21883e-17
8.73801e-04 2.22017e-17
9.40627e-04 2.22052e-17
1.01256e-03 2.21818e-17
1.09000e-03 2.21880e-17
1.17336e-03 2.21838e-17
1.26310e-03 2.21963e-17
1.35970e-03 2.21803e-17
1.46368e-03 2.22011e-17
1.57562e-03 2.21853e-17
1.69612e-03 2.21955e-17
1.82583e-03 2.21832e-17
1.96547e-03 2.21921e-17
2.11578e-03 2.21751e-17
2.27759e-03 2.22005e-17
2.45178e-03 2.21831e-17
2.63928e-03 2.22063e-17
2.84113e-03 2.22132e-17
3.05841e-03 2.22065e-17
3.29231e-03 2.21936e-17
3.54409e-03 2.21936e-17
3.81514e-03 2.22004e-17
4.10691e-03 2.22123e-17
4.42099e-03 2.22141e-17
4.75910e-03 2.22099e-17
5.12306e-03 2.22262e-17
5.51486e-03 2.22070e-17
5.93662e-03 2.22350e-17
6.39064e-03 2.22205e-17
6.87938e-03 2.22364e-17
7.40549e-03 2.22198e-17
7.97184e-03 2.22435e-17
8.58151e-03 2.22406e-17
9.23780e-03 2.22434e-17
9.94428e-03 2.22413e-17
1.07048e-02 2.22577e-17
1.15235e-02 2.22501e-17
1.24047e-02 2.22760e-17
1.33534e-02 2.22937e-17
1.43747e-02 2.22723e-17
1.54740e-02 2.22962e-17
1.66574e-02 2.23173e-17
1.79313e-02 2.23181e-17
1.93027e-02 2.23232e-17
2.07789e-02 2.23386e-17
2.23680e-02 2.23467e-17
2.40786e-02 2.23623e-17
2.59201e-02 2.23725e-17
2.79024e-02 2.23662e-17
3.00363e-02 2.23894e-17
3.23334e-02 2.24448e-17
3.48062e-02 2.24412e-17
3.74680e-02 2.24548e-17
4.03335e-02 2.25029e-17
4.34181e-02 2.24932e-17
4.67386e-02 2.25256e-17
5.03130e-02 2.25678e-17
5.41608e-02 2.25997e-17
5.83029e-02 2.26178e-17
6.27618e-02 2.26619e-17
6.75616e-02 2.26880e-17
7.27285e-02 2.27197e-17
7.82906e-02 2.27794e-17
8.42781e-02 2.28237e-17
9.07234e-02 2.28792e-17
9.76617e-02 2.29294e-17
1.05131e-01 2.29806e-17
1.13171e-01 2.30728e-17
1.21826e-01 2.31270e-17
1.31143e-01 2.32113e-17
1.41172e-01 2.32689e-17
1.51969e-01 2.34056e-17
1.63591e-01 2.34762e-17
1.76102e-01 2.35951e-17
1.89569e-01 2.37243e-17
2.04067e-01 2.38582e-17
2.19674e-01 2.39932e-17
2.36474e-01 2.41934e-17
2.54559e-01 2.43376e-17
2.74027e-01 2.45436e-17
2.94983e-01 2.47713e-17
3.17543e-01 2.50191e-17
3.41828e-01 2.52990e-17
3.67970e-01 2.55981e-17
3.96111e-01 2.59299e-17
4.26405e-01 2.63428e-17
4.59015e-01 2.68095e-17
4.94119e-01 2.73075e-17
5.31908e-01 2.78797e-17
5.72587e-01 2.85946e-17
6.16377e-01 2.93985e-17
6.63515e-01 3.03969e-17
7.14259e-01 3.15748e-17
7.68884e-01 3.30806e-17
8.27686e-01 3.49373e-17
8.90985e-01 3.74337e-17
9.59125e-01 4.07449e-17
1.03248e+00 4.56879e-17
1.11144e+00 5.35832e-17
1.19644e+00 6.84853e-17
1.28794e+00 1.07691e-16
1.38644e+00 2.86190e-16
1.49247e+00 9.19275e-16
1.60661e+00 8.00650e-16
1.72948e+00 7.50354e-16
1.86174e+00 7.18264e-16
2.00412e+00 6.93384e-16
2.15739e+00 6.74639e-16
2.32238e+00 6.56994e-16
2.49999e+00 6.40784e-16
2.69119e+00 6.29548e-16
2.89700e+00 6.15500e-16
3.11855e+00 6.03660e-16
3.35705e+00 5.92517e-16
3.61379e+00 5.81613e-16
3.89016e+00 5.72006e-16
4.18767e+00 5.60561e-16
4.50794e+00 5.50000e-16
4.85269e+00 5.39265e-16
5.22381e+00 5.28090e-16
5.62331e+00 5.18106e-16
6.05337e+00 5.04227e-16
6.51631e+00 4.92239e-16
7.01466e+00 4.79368e-16
7.55113e+00 4.64606e-16
8.12862e+00 4.49208e-16
8.75027e+00 4.32230e-16
9.41947e+00 4.13420e-16
1.01398e+01 3.93528e-16
1.09153e+01 3.71492e-16
1.17501e+01 3.47195e-16
1.26487e+01 3.22216e-16
1.36160e+01 2.95274e-16
1.46574e+01 2.67493e-16
1.57783e+01 2.39234e-16
1.69850e+01 2.12752e-16
1.82840e+01 1.87862e-16
1.96823e+01 1.65265e-16
2.11875e+01 1.45249e-16
2.28079e+01 1.28103e-16
2.45522e+01 1.12720e-16
2.64298e+01 9.90411e-17
2.84511e+01 8.70062e-17
3.06270e+01 7.60966e-17
3.29693e+01 6.60285e-17
3.54907e+01 5.66412e-17
3.82049e+01 4.77808e-17
4.11267e+01 3.92323e-17
4.42720e+01 3.06698e-17
4.76578e+01 2.20959e-17
5.13025e+01 1.37091e-17
5.52260e+01 6.36284e-18
5.94495e+01 1.61632e-18
6.39960e+01 8.51773e-20
6.88903e+01 5.88760e-24
7.41588e+01 0.00000e+00
