3.17098e-05 5.20089e-17
3.41349e-05 5.19777e-17
3.67454e-05 5.20186e-17
3.95556e-05 5.20140e-17
4.25807e-05 5.19539e-17
4.58372e-05 5.20442e-17
4.93427e-05 5.19751e-17
5.31163e-05 5.19992e-17
5.71784e-05 5.19536e-17
6.15513e-05 5.20438e-17
6.62586e-05 5.20680e-17
7.13259e-05 5.20477e-17
7.67807e-05 5.20826e-17
8.26526e-05 5.19630e-17
8.89737e-05 5.20356e-17
9.57782e-05 5.20680e-17
1.03103e-04 5.20585e-17
1.10988e-04 5.20198e-17
1.19476e-04 5.19700e-17
1.28613e-04 5.19651e-17
1.38449e-04 5.19863e-17
1.49038e-04 5.19952e-17
1.60436e-04 5.20433e-17
1.72705e-04 5.20357e-17
1.85913e-04 5.20276e-17
2.00131e-04 5.19556e-17
2.15437e-04 5.19892e-17
2.31913e-04 5.20648e-17
2.49649e-04 5.19674e-17
2.68741e-04 5.20141e-17
2.89294e-04 5.20315e-17
3.11418e-04 5.20232e-17
3.35235e-04 5.20378e-17
3.60873e-04 5.19639e-17
3.88471e-04 5.19987e-17
4.18181e-04 5.20240e-17
4.50162e-04 5.20200e-17
4.84589e-04 5.19800e-17
5.21649e-04 5.19963e-17
5.61543e-04 5.19759e-17
6.04489e-04 5.19713e-17
6.50718e-04 5.19925e-17
7.00484e-04 5.19836e-17
7.54055e-04 5.19704e-17
8.11723e-04 5.20355e-17
8.73801e-04 5.20001e-17
9.40627e-04 5.20332e-17
1.01256e-03 5.20361e-17
1.09000e-03 5.20039e-17
1.17336e-03 5.20036e-17
1.26310e-03 5.20084e-17
1.35970e-03 5.20536e-17
1.46368e-03 5.20510e-17
1.57562e-03 5.20628e-17
1.69612e-03 5.19868e-17
1.82583e-03 5.20315e-17
1.96547e-03 5.20248e-17
2.11578e-03 5.20037e-17
2.27759e-03 5.20309e-17
2.45178e-03 5.19945e-17
2.63928e-03 5.20213e-17
2.84113e-03 5.20295e-17
3.05841e-03 5.20253e-17
3.29231e-03 5.20144e-17
3.54409e-03 5.20243e-17
3.81514e-03 5.20255e-17
4.10691e-03 5.19874e-17
4.42099e-03 5.20248e-17
4.75910e-03 5.20312e-17
5.12306e-03 5.20478e-17
5.51486e-03 5.20238e-17
5.93662e-03 5.19738e-17
6.39064e-03 5.20972e-17
6.87938e-03 5.20092e-17
7.40549e-03 5.19758e-17
7.97184e-03 5.20792e-17
8.58151e-03 5.20427e-17
9.23780e-03 5.20186e-17
9.94428e-03 5.20325e-17
1.07048e-02 5.20413e-17
1.15235e-02 5.19245e-17
1.24047e-02 5.20882e-17
1.33534e-02 5.19846e-17
1.43747e-02 5.20586e-17
1.54740e-02 5.19836e-17
1.66574e-02 5.20575e-17
1.79313e-02 5.20572e-17
1.93027e-02 5.19624e-17
2.07789e-02 5.20104e-17
2.23680e-02 5.20519e-17
2.40786e-02 5.20697e-17
2.59201e-02 5.21077e-17
2.79024e-02 5.20738e-17
3.00363e-02 5.20772e-17
3.23334e-02 5.20807e-17
3.48062e-02 5.20860e-17
3.74680e-02 5.20530e-17
4.03335e-02 5.21481e-17
4.34181e-02 5.20992e-17
4.67386e-02 5.21489e-17
5.03130e-02 5.20931e-17
5.41608e-02 5.21120e-17
5.83029e-02 5.21033e-17
6.27618e-02 5.21027e-17
6.75616e-02 5.21220e-17
7.27285e-02 5.20881e-17
7.82906e-02 5.21672e-17
8.42781e-02 5.21547e-17
9.07234e-02 5.21755e-17
9.76617e-02 5.22139e-17
1.05131e-01 5.22086e-17
1.13171e-01 5.21775e-17
1.21826e-01 5.21990e-17
1.31143e-01 5.21922e-17
1.41172e-01 5.22824e-17
1.51969e-01 5.22782e-17
1.63591e-01 5.22905e-17
1.76102e-01 5.22804e-17
1.89569e-01 5.23285e-17
2.04067e-01 5.23568e-17
2.19674e-01 5.23505e-17
2.36474e-01 5.23597e-17
2.54559e-01 5.24415e-17
2.74027e-01 5.24267e-17
2.94983e-01 5.24913e-17
3.17543e-01 5.25769e-17
3.41828e-01 5.25844e-17
3.67970e-01 5.26807e-17
3.96111e-01 5.27099e-17
4.26405e-01 5.27706e-17
4.59015e-01 5.28233e-17
4.94119e-01 5.28997e-17
5.31908e-01 5.29896e-17
5.72587e-01 5.30610e-17
6.16377e-01 5.30973e-17
6.63515e-01 5.32614e-17
7.14259e-01 5.33874e-17
7.68884e-01 5.35328e-17
8.27686e-01 5.36829e-17
8.90985e-01 5.38600e-17
9.59125e-01 5.40760e-17
1.03248e+00 5.44293e-17
1.11144e+00 5.48553e-17
1.19644e+00 5.54858e-17
1.28794e+00 5.68971e-17
1.38644e+00 6.31167e-17
1.49247e+00 1.24405e-15
1.60661e+00 1.27436e-15
1.72948e+00 1.29339e-15
1.86174e+00 1.30655e-15
2.00412e+00 1.32528e-15
2.15739e+00 1.34343e-15
2.32238e+00 1.36714e-15
2.49999e+00 1.39279e-15
2.69119e+00 1.41683e-15
2.89700e+00 1.43868e-15
3.11855e+00 1.47459e-15
3.35705e+00 1.50235e-15
3.61379e+00 1.54299e-15
3.89016e+00 1.58161e-15
4.18767e+00 1.62295e-15
4.50794e+00 1.67011e-15
4.85269e+00 1.72651e-15
5.22381e+00 1.78091e-15
5.62331e+00 1.84759e-15
6.05337e+00 1.91989e-15
6.51631e+00 1.99755e-15
7.01466e+00 2.09236e-15
7.55113e+00 2.18605e-15
8.12862e+00 2.29259e-15
8.75027e+00 2.40749e-15
9.41947e+00 2.52335e-15
1.01398e+01 2.64464e-15
1.09153e+01 2.75838e-15
1.17501e+01 2.85436e-15
1.26487e+01 2.93802e-15
1.36160e+01 2.97431e-15
1.46574e+01 2.92990e-15
1.57783e+01 2.81970e-15
1.69850e+01 2.64196e-15
1.82840e+01 2.39939e-15
1.96823e+01 2.14627e-15
2.11875e+01 1.90332e-15
2.28079e+01 1.68421e-15
2.45522e+01 1.49771e-15
2.64298e+01 1.33715e-15
2.84511e+01 1.20911e-15
3.06270e+01 1.10086e-15
3.29693e+01 1.01450e-15
3.54907e+01 9.42294e-16
3.82049e+01 8.86862e-16
4.11267e+01 8.39708e-16
4.42720e+01 7.99899e-16
4.76578e+01 7.52152e-16
5.13025e+01 6.70639e-16
5.52260e+01 5.18899e-16
5.94495e+01 2.71391e-16
6.39960e+01 4.28638e-17
6.88903e+01 2.14905e-20
7.41588e+01 0.00000e+00
