3.17098e-05 3.56038e-17
3.41674e-05 3.56320e-17
3.68155e-05 3.55607e-17
3.96688e-05 3.56304e-17
4.27433e-05 3.55987e-17
4.60561e-05 3.56059e-17
4.96256e-05 3.56155e-17
5.34717e-05 3.56209e-17
5.76160e-05 3.55638e-17
6.20814e-05 3.55486e-17
6.68930e-05 3.56077e-17
7.20774e-05 3.56142e-17
7.76636e-05 3.55917e-17
8.36828e-05 3.55939e-17
9.01686e-05 3.56347e-17
9.71569e-05 3.56049e-17
1.04687e-04 3.55914e-17
1.12801e-04 3.55921e-17
1.21543e-04 3.55936e-17
1.30963e-04 3.55954e-17
1.41113e-04 3.55727e-17
1.52050e-04 3.56004e-17
1.63834e-04 3.55935e-17
1.76532e-04 3.55935e-17
1.90214e-04 3.55991e-17
2.04956e-04 3.55714e-17
2.20841e-04 3.55937e-17
2.37957e-04 3.55863e-17
2.56399e-04 3.55795e-17
2.76271e-04 3.55965e-17
2.97683e-04 3.55993e-17
3.20755e-04 3.56238e-17
3.45614e-04 3.55720e-17
3.72401e-04 3.56084e-17
4.01263e-04 3.56202e-17
4.32362e-04 3.56044e-17
4.65872e-04 3.56032e-17
5.01979e-04 3.55676e-17
5.40884e-04 3.55941e-17
5.82804e-04 3.56205e-17
6.27973e-04 3.56273e-17
6.76644e-04 3.55811e-17
7.29086e-04 3.55920e-17
7.85593e-04 3.55901e-17
8.46479e-04 3.56128e-17
9.12084e-04 3.56083e-17
9.82774e-04 3.56051e-17
1.05894e-03 3.55819e-17
1.14101e-03 3.56019e-17
1.22945e-03 3.56466e-17
1.32473e-03 3.55573e-17
1.42740e-03 3.55814e-17
1.53803e-03 3.56022e-17
1.65724e-03 3.55983e-17
1.78568e-03 3.55877e-17
1.92407e-03 3.56109e-17
2.07320e-03 3.56031e-17
2.23388e-03 3.56161e-17
2.40701e-03 3.55952e-17
2.59356e-03 3.55814e-17
2.79457e-03 3.55888e-17
3.01116e-03 3.56250e-17
3.24454e-03 3.56044e-17
3.49600e-03 3.55644e-17
3.76695e-03 3.55803e-17
4.05890e-03 3.56371e-17
4.37348e-03 3.55929e-17
4.71244e-03 3.55784e-17
5.07767e-03 3.56058e-17
5.47121e-03 3.56547e-17
5.89525e-03 3.56108e-17
6.35215e-03 3.55677e-17
6.84447e-03 3.55744e-17
7.37494e-03 3.55871e-17
7.94652e-03 3.55929e-17
8.56240e-03 3.56042e-17
9.22602e-03 3.55870e-17
9.94107e-03 3.55880e-17
1.07115e-02 3.55830e-17
1.15417e-02 3.55623e-17
1.24362e-02 3.56055e-17
1.34001e-02 3.55839e-17
1.44386e-02 3.56094e-17
1.55577e-02 3.56236e-17
1.67635e-02 3.55880e-17
1.80627e-02 3.55991e-17
1.94626e-02 3.55902e-17
2.09710e-02 3.56178e-17
2.25964e-02 3.55860e-17
2.43477e-02 3.56216e-17
2.62347e-02 3.56042e-17
2.82680e-02 3.55520e-17
3.04589e-02 3.55956e-17
3.28195e-02 3.55894e-17
3.53631e-02 3.56178e-17
3.81039e-02 3.56038e-17
4.10571e-02 3.55968e-17
4.42392e-02 3.55793e-17
4.76679e-02 3.56224e-17
5.13623e-02 3.56603e-17
5.53430e-02 3.56439e-17
5.96323e-02 3.55873e-17
6.42540e-02 3.55976e-17
6.92340e-02 3.56230e-17
7.45998e-02 3.56498e-17
8.03816e-02 3.56237e-17
8.66114e-02 3.56605e-17
9.33241e-02 3.56258e-17
1.00557e-01 3.56206e-17
1.08351e-01 3.56489e-17
1.16748e-01 3.56221e-17
1.25797e-01 3.56270e-17
1.35546e-01 3.56730e-17
1.46052e-01 3.56335e-17
1.57371e-01 3.56774e-17
1.69568e-01 3.56973e-17
1.82710e-01 3.56979e-17
1.96871e-01 3.56859e-17
2.12129e-01 3.56995e-17
2.28570e-01 3.57062e-17
2.46284e-01 3.57382e-17
2.65372e-01 3.57425e-17
2.85940e-01 3.57050e-17
3.08101e-01 3.57256e-17
3.31980e-01 3.57503e-17
3.57710e-01 3.58012e-17
3.85433e-01 3.57778e-17
4.15306e-01 3.58095e-17
4.47493e-01 3.57919e-17
4.82176e-01 3.58488e-17
5.19546e-01 3.58098e-17
5.59813e-01 3.58532e-17
6.03200e-01 3.58685e-17
6.49950e-01 3.59392e-17
7.00324e-01 3.59201e-17
7.54601e-01 3.59523e-17
8.13085e-01 3.59903e-17
8.76102e-01 3.60427e-17
9.44003e-01 3.60543e-17
1.01717e+00 3.60809e-17
1.09600e+00 3.61292e-17
1.18094e+00 3.62174e-17
1.27247e+00 3.62490e-17
1.37109e+00 3.63286e-17
1.47736e+00 3.63689e-17
1.59186e+00 3.64687e-17
1.71523e+00 3.65895e-17
1.84817e+00 4.79712e-17
1.99141e+00 5.29919e-17
2.14575e+00 5.30329e-17
2.31205e+00 5.33269e-17
2.49125e+00 5.32081e-17
2.68433e+00 5.34166e-17
2.89237e+00 5.37843e-17
3.11654e+00 5.38061e-17
3.35808e+00 5.39784e-17
3.61835e+00 5.40926e-17
3.89878e+00 5.43710e-17
4.20095e+00 5.44861e-17
4.52654e+00 5.47827e-17
4.87736e+00 5.48309e-17
5.25537e+00 5.50991e-17
5.66268e+00 5.54861e-17
6.10156e+00 5.56651e-17
6.57445e+00 5.59327e-17
7.08400e+00 5.61075e-17
7.63303e+00 5.65982e-17
8.22462e+00 5.71688e-17
8.86206e+00 5.74959e-17
9.54890e+00 5.77966e-17
1.02890e+01 5.85419e-17
1.10864e+01 5.90363e-17
1.19456e+01 5.96296e-17
1.28715e+01 6.03216e-17
1.38690e+01 6.10817e-17
1.49439e+01 6.18875e-17
1.61022e+01 6.26309e-17
1.73501e+01 6.37347e-17
1.86948e+01 6.49353e-17
2.01437e+01 6.59762e-17
2.17050e+01 6.74767e-17
2.33872e+01 6.87670e-17
2.51997e+01 7.08312e-17
2.71528e+01 7.26912e-17
2.92573e+01 7.49047e-17
3.15248e+01 7.75009e-17
3.39681e+01 8.04115e-17
3.66007e+01 8.38001e-17
3.94374e+01 8.77816e-17
4.24940e+01 9.21079e-17
4.57874e+01 9.72129e-17
4.93361e+01 1.02637e-16
5.31598e+01 1.07574e-16
5.72799e+01 1.10253e-16
6.17192e+01 1.06149e-16
6.65027e+01 8.73156e-17
7.16569e+01 4.84202e-17
7.72106e+01 8.18219e-18
8.31946e+01 4.76553e-21
8.96425e+01 0.00000e+00
