3.17098e-05 4.30685e-17
3.41511e-05 4.30789e-17
3.67803e-05 4.30506e-17
3.96119e-05 4.30544e-17
4.26615e-05 4.30831e-17
4.59459e-05 4.30638e-17
4.94832e-05 4.30733e-17
5.32928e-05 4.30714e-17
5.73956e-05 4.30824e-17
6.18144e-05 4.30781e-17
6.65733e-05 4.30786e-17
7.16987e-05 4.30647e-17
7.72186e-05 4.30188e-17
8.31634e-05 4.30891e-17
8.95660e-05 4.30708e-17
9.64615e-05 4.30727e-17
1.03888e-04 4.30861e-17
1.11886e-04 4.31193e-17
1.20500e-04 4.30598e-17
1.29777e-04 4.30428e-17
1.39768e-04 4.30868e-17
1.50528e-04 4.30699e-17
1.62117e-04 4.30093e-17
1.74598e-04 4.30892e-17
1.88040e-04 4.30741e-17
2.02517e-04 4.30657e-17
2.18108e-04 4.30765e-17
2.34900e-04 4.30440e-17
2.52984e-04 4.29948e-17
2.72460e-04 4.30559e-17
2.93437e-04 4.30690e-17
3.16028e-04 4.31066e-17
3.40358e-04 4.31041e-17
3.66561e-04 4.30510e-17
3.94782e-04 4.30964e-17
4.25175e-04 4.30847e-17
4.57908e-04 4.31099e-17
4.93161e-04 4.30371e-17
5.31129e-04 4.30898e-17
5.72019e-04 4.30745e-17
6.16057e-04 4.30691e-17
6.63486e-04 4.30590e-17
7.14566e-04 4.31083e-17
7.69579e-04 4.30595e-17
8.28827e-04 4.30729e-17
8.92636e-04 4.30753e-17
9.61358e-04 4.31033e-17
1.03537e-03 4.30479e-17
1.11508e-03 4.30770e-17
1.20093e-03 4.30582e-17
1.29339e-03 4.30445e-17
1.39296e-03 4.30196e-17
1.50020e-03 4.30370e-17
1.61570e-03 4.30360e-17
1.74009e-03 4.30789e-17
1.87405e-03 4.30408e-17
2.01833e-03 4.30437e-17
2.17372e-03 4.30903e-17
2.34107e-03 4.30984e-17
2.52130e-03 4.30196e-17
2.71541e-03 4.30465e-17
2.92446e-03 4.30876e-17
3.14961e-03 4.30621e-17
3.39209e-03 4.30653e-17
3.65324e-03 4.30861e-17
3.93449e-03 4.31096e-17
4.23740e-03 4.31081e-17
4.56362e-03 4.30522e-17
4.91497e-03 4.31006e-17
5.29336e-03 4.30866e-17
5.70088e-03 4.31407e-17
6.13978e-03 4.31002e-17
6.61246e-03 4.30776e-17
7.12154e-03 4.30907e-17
7.66981e-03 4.30477e-17
8.26029e-03 4.30547e-17
8.89623e-03 4.30489e-17
9.58113e-03 4.30980e-17
1.03188e-02 4.30506e-17
1.11132e-02 4.30949e-17
1.19688e-02 4.30788e-17
1.28902e-02 4.30910e-17
1.38826e-02 4.31037e-17
1.49514e-02 4.30981e-17
1.61024e-02 4.30342e-17
1.73421e-02 4.30822e-17
1.86773e-02 4.30497e-17
2.01152e-02 4.30982e-17
2.16638e-02 4.30737e-17
2.33316e-02 4.31179e-17
2.51279e-02 4.30800e-17
2.70624e-02 4.31075e-17
2.91459e-02 4.31139e-17
3.13898e-02 4.30914e-17
3.38064e-02 4.31070e-17
3.64090e-02 4.31170e-17
3.92121e-02 4.31373e-17
4.22309e-02 4.31394e-17
4.54822e-02 4.31121e-17
4.89838e-02 4.31119e-17
5.27549e-02 4.30915e-17
5.68164e-02 4.30978e-17
6.11905e-02 4.31355e-17
6.59014e-02 4.30697e-17
7.09750e-02 4.31530e-17
7.64392e-02 4.31203e-17
8.23241e-02 4.31001e-17
8.86620e-02 4.31297e-17
9.54879e-02 4.31244e-17
1.02839e-01 4.30954e-17
1.10757e-01 4.31812e-17
1.19283e-01 4.31018e-17
1.28467e-01 4.31300e-17
1.38357e-01 4.31512e-17
1.49009e-01 4.31510e-17
1.60481e-01 4.31739e-17
1.72836e-01 4.31877e-17
1.86142e-01 4.31871e-17
2.00473e-01 4.31885e-17
2.15907e-01 4.32110e-17
2.32529e-01 4.32553e-17
2.50431e-01 4.32293e-17
2.69711e-01 4.32159e-17
2.90475e-01 4.32674e-17
3.12838e-01 4.32706e-17
3.36923e-01 4.32550e-17
3.62861e-01 4.33626e-17
3.90797e-01 4.33320e-17
4.20884e-01 4.33400e-17
4.53287e-01 4.33320e-17
4.88184e-01 4.34117e-17
5.25768e-01 4.34129e-17
5.66246e-01 4.34192e-17
6.09840e-01 4.34992e-17
6.56790e-01 4.34866e-17
7.07354e-01 4.35289e-17
7.61812e-01 4.35544e-17
8.20462e-01 4.36686e-17
8.83627e-01 4.36796e-17
9.51656e-01 4.36790e-17
1.02492e+00 4.37766e-17
1.10383e+00 4.37979e-17
1.18881e+00 4.39192e-17
1.28033e+00 4.39814e-17
1.37890e+00 4.40727e-17
1.48506e+00 4.41823e-17
1.59939e+00 4.45836e-17
1.72252e+00 6.63564e-17
1.85514e+00 6.65493e-17
1.99796e+00 6.65062e-17
2.15178e+00 6.68151e-17
2.31744e+00 6.69708e-17
2.49585e+00 6.70516e-17
2.68800e+00 6.69870e-17
2.89494e+00 6.71004e-17
3.11782e+00 6.74812e-17
3.35785e+00 6.75255e-17
3.61637e+00 6.79638e-17
3.89478e+00 6.83257e-17
4.19463e+00 6.83358e-17
4.51756e+00 6.85099e-17
4.86536e+00 6.90661e-17
5.23993e+00 6.93110e-17
5.64334e+00 6.97733e-17
6.07781e+00 7.00599e-17
6.54573e+00 7.03955e-17
7.04967e+00 7.08982e-17
7.59240e+00 7.13330e-17
8.17692e+00 7.20406e-17
8.80644e+00 7.26047e-17
9.48443e+00 7.33842e-17
1.02146e+01 7.37626e-17
1.10010e+01 7.44698e-17
1.18480e+01 7.55494e-17
1.27601e+01 7.64278e-17
1.37425e+01 7.74937e-17
1.48005e+01 7.85476e-17
1.59399e+01 7.97708e-17
1.71671e+01 8.12614e-17
1.84887e+01 8.26606e-17
1.99122e+01 8.45591e-17
2.14451e+01 8.64923e-17
2.30962e+01 8.89435e-17
2.48743e+01 9.13466e-17
2.67893e+01 9.41381e-17
2.88517e+01 9.74435e-17
3.10729e+01 1.01140e-16
3.34652e+01 1.05627e-16
3.60416e+01 1.10402e-16
3.88163e+01 1.16089e-16
4.18047e+01 1.22460e-16
4.50231e+01 1.29135e-16
4.84894e+01 1.35431e-16
5.22224e+01 1.38646e-16
5.62429e+01 1.33128e-16
6.05729e+01 1.09112e-16
6.52363e+01 5.99164e-17
7.02587e+01 9.91905e-18
7.56677e+01 5.40115e-21
8.14932e+01 0.00000e+00
