3.17098e-05 2.54742e-17
3.41961e-05 2.54865e-17
3.68774e-05 2.54859e-17
3.97689e-05 2.54970e-17
4.28871e-05 2.54861e-17
4.62498e-05 2.54740e-17
4.98762e-05 2.54974e-17
5.37869e-05 2.54911e-17
5.80042e-05 2.54703e-17
6.25522e-05 2.55088e-17
6.74569e-05 2.54698e-17
7.27460e-05 2.54572e-17
7.84499e-05 2.54800e-17
8.46011e-05 2.54967e-17
9.12345e-05 2.54825e-17
9.83881e-05 2.54841e-17
1.06103e-04 2.54914e-17
1.14422e-04 2.54631e-17
1.23394e-04 2.55018e-17
1.33069e-04 2.54810e-17
1.43502e-04 2.55025e-17
1.54754e-04 2.54612e-17
1.66888e-04 2.54900e-17
1.79974e-04 2.54908e-17
1.94085e-04 2.54748e-17
2.09303e-04 2.54774e-17
2.25714e-04 2.54878e-17
2.43412e-04 2.54695e-17
2.62497e-04 2.54790e-17
2.83079e-04 2.54618e-17
3.05275e-04 2.54687e-17
3.29211e-04 2.54726e-17
3.55024e-04 2.54467e-17
3.82861e-04 2.54632e-17
4.12881e-04 2.54953e-17
4.45254e-04 2.55042e-17
4.80166e-04 2.55032e-17
5.17815e-04 2.54804e-17
5.58416e-04 2.54581e-17
6.02200e-04 2.54768e-17
6.49418e-04 2.54819e-17
7.00338e-04 2.54741e-17
7.55250e-04 2.54956e-17
8.14468e-04 2.54796e-17
8.78329e-04 2.54754e-17
9.47198e-04 2.54630e-17
1.02147e-03 2.54877e-17
1.10156e-03 2.54835e-17
1.18793e-03 2.55121e-17
1.28107e-03 2.54821e-17
1.38152e-03 2.54797e-17
1.48984e-03 2.54645e-17
1.60666e-03 2.54772e-17
1.73263e-03 2.54700e-17
1.86849e-03 2.54766e-17
2.01499e-03 2.54916e-17
2.17298e-03 2.54899e-17
2.34337e-03 2.54780e-17
2.52710e-03 2.54497e-17
2.72525e-03 2.54714e-17
2.93893e-03 2.54504e-17
3.16937e-03 2.55050e-17
3.41788e-03 2.54866e-17
3.68587e-03 2.54856e-17
3.97487e-03 2.54807e-17
4.28653e-03 2.54483e-17
4.62263e-03 2.55053e-17
4.98509e-03 2.54843e-17
5.37596e-03 2.54996e-17
5.79748e-03 2.54995e-17
6.25205e-03 2.54819e-17
6.74226e-03 2.55113e-17
7.27091e-03 2.55040e-17
7.84102e-03 2.54894e-17
8.45582e-03 2.54901e-17
9.11882e-03 2.54960e-17
9.83382e-03 2.54985e-17
1.06049e-02 2.55087e-17
1.14364e-02 2.55054e-17
1.23331e-02 2.54932e-17
1.33001e-02 2.54649e-17
1.43430e-02 2.54666e-17
1.54676e-02 2.54921e-17
1.66803e-02 2.54789e-17
1.79882e-02 2.54742e-17
1.93987e-02 2.54673e-17
2.09197e-02 2.55035e-17
2.25600e-02 2.55088e-17
2.43288e-02 2.55054e-17
2.62364e-02 2.54835e-17
2.82936e-02 2.55001e-17
3.05120e-02 2.54909e-17
3.29044e-02 2.54560e-17
3.54844e-02 2.54877e-17
3.82667e-02 2.54961e-17
4.12671e-02 2.55015e-17
4.45028e-02 2.55150e-17
4.79922e-02 2.55316e-17
5.17552e-02 2.54963e-17
5.58133e-02 2.54995e-17
6.01895e-02 2.55094e-17
6.49089e-02 2.55222e-17
6.99983e-02 2.55162e-17
7.54867e-02 2.55060e-17
8.14055e-02 2.55157e-17
8.77884e-02 2.54892e-17
9.46717e-02 2.54902e-17
1.02095e-01 2.54943e-17
1.10100e-01 2.55058e-17
1.18733e-01 2.55225e-17
1.28042e-01 2.55306e-17
1.38082e-01 2.55310e-17
1.48909e-01 2.55453e-17
1.60584e-01 2.55354e-17
1.73176e-01 2.55315e-17
1.86754e-01 2.55617e-17
2.01397e-01 2.55339e-17
2.17188e-01 2.55504e-17
2.34218e-01 2.55689e-17
2.52582e-01 2.55596e-17
2.72387e-01 2.55549e-17
2.93744e-01 2.55650e-17
3.16776e-01 2.55918e-17
3.41614e-01 2.55818e-17
3.68400e-01 2.56183e-17
3.97285e-01 2.55902e-17
4.28436e-01 2.56084e-17
4.62029e-01 2.56154e-17
4.98256e-01 2.56598e-17
5.37323e-01 2.56140e-17
5.79454e-01 2.56274e-17
6.24888e-01 2.56550e-17
6.73884e-01 2.56670e-17
7.26723e-01 2.56815e-17
7.83704e-01 2.56942e-17
8.45153e-01 2.57311e-17
9.11420e-01 2.57635e-17
9.82883e-01 2.57930e-17
1.05995e+00 2.57919e-17
1.14306e+00 2.58208e-17
1.23268e+00 2.58557e-17
1.32934e+00 2.58924e-17
1.43357e+00 2.59061e-17
1.54597e+00 2.59441e-17
1.66719e+00 2.59881e-17
1.79791e+00 2.60519e-17
1.93888e+00 2.61032e-17
2.09091e+00 3.03766e-17
2.25485e+00 3.60411e-17
2.43165e+00 3.56971e-17
2.62231e+00 3.60043e-17
2.82792e+00 3.59046e-17
3.04966e+00 3.62511e-17
3.28878e+00 3.62749e-17
3.54664e+00 3.63674e-17
3.82473e+00 3.65084e-17
4.12462e+00 3.65540e-17
4.44803e+00 3.67863e-17
4.79679e+00 3.67388e-17
5.17290e+00 3.69055e-17
5.57850e+00 3.70114e-17
6.01590e+00 3.72468e-17
6.48759e+00 3.73000e-17
6.99628e+00 3.75036e-17
7.54484e+00 3.77455e-17
8.13642e+00 3.79165e-17
8.77439e+00 3.81451e-17
9.46237e+00 3.84350e-17
1.02043e+01 3.87629e-17
1.10044e+01 3.90146e-17
1.18672e+01 3.93338e-17
1.27977e+01 3.97959e-17
1.38012e+01 4.00337e-17
1.48833e+01 4.05175e-17
1.60503e+01 4.10227e-17
1.73088e+01 4.14928e-17
1.86659e+01 4.21440e-17
2.01295e+01 4.27684e-17
2.17078e+01 4.35170e-17
2.34099e+01 4.42443e-17
2.52454e+01 4.51381e-17
2.72249e+01 4.61125e-17
2.93595e+01 4.72552e-17
3.16616e+01 4.85050e-17
3.41441e+01 4.99865e-17
3.68213e+01 5.16563e-17
3.97084e+01 5.34429e-17
4.28219e+01 5.56215e-17
4.61794e+01 5.81064e-17
4.98003e+01 6.09737e-17
5.37051e+01 6.41747e-17
5.79160e+01 6.76034e-17
6.24571e+01 7.09115e-17
6.73543e+01 7.25929e-17
7.26354e+01 7.00606e-17
7.83306e+01 5.82113e-17
8.44724e+01 3.27476e-17
9.10958e+01 5.74046e-18
9.82384e+01 3.75161e-21
1.05941e+02 0.00000e+00
