3.17098e-05 1.08680e-17
3.41961e-05 1.08615e-17
3.68774e-05 1.08682e-17
3.97689e-05 1.08661e-17
4.28871e-05 1.08669e-17
4.62498e-05 1.08724e-17
4.98762e-05 1.08726e-17
5.37869e-05 1.08674e-17
5.80042e-05 1.08712e-17
6.25522e-05 1.08619e-17
6.74569e-05 1.08790e-17
7.27460e-05 1.08688e-17
7.84499e-05 1.08733e-17
8.46011e-05 1.08668e-17
9.12345e-05 1.08663e-17
9.83881e-05 1.08655e-17
1.06103e-04 1.08719e-17
1.14422e-04 1.08674e-17
1.23394e-04 1.08729e-17
1.33069e-04 1.08689e-17
1.43502e-04 1.08713e-17
1.54754e-04 1.08717e-17
1.66888e-04 1.08741e-17
1.79974e-04 1.08708e-17
1.94085e-04 1.08696e-17
2.09303e-04 1.08683e-17
2.25714e-04 1.08736e-17
2.43412e-04 1.08641e-17
2.62497e-04 1.08739e-17
2.83079e-04 1.08712e-17
3.05275e-04 1.08781e-17
3.29211e-04 1.08733e-17
3.55024e-04 1.08746e-17
3.82861e-04 1.08703e-17
4.12881e-04 1.08695e-17
4.45254e-04 1.08668e-17
4.80166e-04 1.08700e-17
5.17815e-04 1.08774e-17
5.58416e-04 1.08726e-17
6.02200e-04 1.08700e-17
6.49418e-04 1.08663e-17
7.00338e-04 1.08656e-17
7.55250e-04 1.08780e-17
8.14468e-04 1.08667e-17
8.78329e-04 1.08691e-17
9.47198e-04 1.08730e-17
1.02147e-03 1.08728e-17
1.10156e-03 1.08758e-17
1.18793e-03 1.08700e-17
1.28107e-03 1.08786e-17
1.38152e-03 1.08639e-17
1.48984e-03 1.08654e-17
1.60666e-03 1.08680e-17
1.73263e-03 1.08721e-17
1.86849e-03 1.08670e-17
2.01499e-03 1.08730e-17
2.17298e-03 1.08698e-17
2.34337e-03 1.08761e-17
2.52710e-03 1.08727e-17
2.72525e-03 1.08763e-17
2.93893e-03 1.08819e-17
3.16937e-03 1.08665e-17
3.41788e-03 1.08784e-17
3.68587e-03 1.08773e-17
3.97487e-03 1.08660e-17
4.28653e-03 1.08844e-17
4.62263e-03 1.08746e-17
4.98509e-03 1.08675e-17
5.37596e-03 1.08747e-17
5.79748e-03 1.08817e-17
6.25205e-03 1.08721e-17
6.74226e-03 1.08768e-17
7.27091e-03 1.08780e-17
7.84102e-03 1.08753e-17
8.45582e-03 1.08761e-17
9.11882e-03 1.08808e-17
9.83382e-03 1.08758e-17
1.06049e-02 1.08805e-17
1.14364e-02 1.08826e-17
1.23331e-02 1.08737e-17
1.33001e-02 1.08764e-17
1.43430e-02 1.08769e-17
1.54676e-02 1.08901e-17
1.66803e-02 1.08818e-17
1.79882e-02 1.08935e-17
1.93987e-02 1.08890e-17
2.09197e-02 1.08879e-17
2.25600e-02 1.08830e-17
2.43288e-02 1.08943e-17
2.62364e-02 1.08897e-17
2.82936e-02 1.08931e-17
3.05120e-02 1.08914e-17
3.29044e-02 1.08990e-17
3.54844e-02 1.09084e-17
3.82667e-02 1.09056e-17
4.12671e-02 1.09126e-17
4.45028e-02 1.09133e-17
4.79922e-02 1.09131e-17
5.17552e-02 1.09209e-17
5.58133e-02 1.09239e-17
6.01895e-02 1.09226e-17
6.49089e-02 1.09349e-17
6.99983e-02 1.09370e-17
7.54867e-02 1.09415e-17
8.14055e-02 1.09474e-17
8.77884e-02 1.09551e-17
9.46717e-02 1.09533e-17
1.02095e-01 1.09683e-17
1.10100e-01 1.09732e-17
1.18733e-01 1.09830e-17
1.28042e-01 1.09799e-17
1.38082e-01 1.09949e-17
1.48909e-01 1.10098e-17
1.60584e-01 1.10310e-17
1.73176e-01 1.10213e-17
1.86754e-01 1.10400e-17
2.01397e-01 1.10518e-17
2.17188e-01 1.10634e-17
2.34218e-01 1.10823e-17
2.52582e-01 1.10924e-17
2.72387e-01 1.11176e-17
2.93744e-01 1.11283e-17
3.16776e-01 1.11450e-17
3.41614e-01 1.11689e-17
3.68400e-01 1.11993e-17
3.97285e-01 1.12036e-17
4.28436e-01 1.12380e-17
4.62029e-01 1.12686e-17
4.98256e-01 1.12910e-17
5.37323e-01 1.13178e-17
5.79454e-01 1.13579e-17
6.24888e-01 1.13954e-17
6.73884e-01 1.14263e-17
7.26723e-01 1.14694e-17
7.83704e-01 1.15063e-17
8.45153e-01 1.15471e-17
9.11420e-01 1.16024e-17
9.82883e-01 1.16522e-17
1.05995e+00 1.17205e-17
1.14306e+00 1.17736e-17
1.23268e+00 1.18543e-17
1.32934e+00 1.19472e-17
1.43357e+00 1.20504e-17
1.54597e+00 1.21754e-17
1.66719e+00 1.23505e-17
1.79791e+00 1.26077e-17
1.93888e+00 1.30974e-17
2.09091e+00 1.88930e-17
2.25485e+00 1.68327e-17
2.43165e+00 1.61884e-17
2.62231e+00 1.57741e-17
2.82792e+00 1.54168e-17
3.04966e+00 1.50790e-17
3.28878e+00 1.47903e-17
3.54664e+00 1.45307e-17
3.82473e+00 1.42385e-17
4.12462e+00 1.40159e-17
4.44803e+00 1.37727e-17
4.79679e+00 1.35321e-17
5.17290e+00 1.32837e-17
5.57850e+00 1.30545e-17
6.01590e+00 1.28451e-17
6.48759e+00 1.26115e-17
6.99628e+00 1.23935e-17
7.54484e+00 1.21970e-17
8.13642e+00 1.19628e-17
8.77439e+00 1.17592e-17
9.46237e+00 1.15397e-17
1.02043e+01 1.13155e-17
1.10044e+01 1.11018e-17
1.18672e+01 1.09018e-17
1.27977e+01 1.06619e-17
1.38012e+01 1.04364e-17
1.48833e+01 1.02075e-17
1.60503e+01 9.97031e-18
1.73088e+01 9.74978e-18
1.86659e+01 9.49453e-18
2.01295e+01 9.25157e-18
2.17078e+01 8.99517e-18
2.34099e+01 8.72917e-18
2.52454e+01 8.45185e-18
2.72249e+01 8.15622e-18
2.93595e+01 7.85545e-18
3.16616e+01 7.52922e-18
3.41441e+01 7.20552e-18
3.68213e+01 6.83583e-18
3.97084e+01 6.44117e-18
4.28219e+01 6.02460e-18
4.61794e+01 5.57424e-18
4.98003e+01 5.08260e-18
5.37051e+01 4.53382e-18
5.79160e+01 3.92407e-18
6.24571e+01 3.22864e-18
6.73543e+01 2.44487e-18
7.26354e+01 1.59082e-18
7.83306e+01 7.78702e-19
8.44724e+01 2.10587e-19
9.10958e+01 1.22242e-20
9.82384e+01 1.10431e-24
1.05941e+02 0.00000e+00
