3.17098e-05 1.83700e-17
3.41511e-05 1.83597e-17
3.67803e-05 1.83755e-17
3.96119e-05 1.83722e-17
4.26615e-05 1.83592e-17
4.59459e-05 1.83784e-17
4.94832e-05 1.83605e-17
5.32928e-05 1.83705e-17
5.73956e-05 1.83656e-17
6.18144e-05 1.83652e-17
6.65733e-05 1.83791e-17
7.16987e-05 1.83786e-17
7.72186e-05 1.83620e-17
8.31634e-05 1.83762e-17
8.95660e-05 1.83704e-17
9.64615e-05 1.83788e-17
1.03888e-04 1.83684e-17
1.11886e-04 1.83706e-17
1.20500e-04 1.83584e-17
1.29777e-04 1.83621e-17
1.39768e-04 1.83672e-17
1.50528e-04 1.83692e-17
1.62117e-04 1.83620e-17
1.74598e-04 1.83729e-17
1.88040e-04 1.83753e-17
2.02517e-04 1.83842e-17
2.18108e-04 1.83741e-17
2.34900e-04 1.83663e-17
2.52984e-04 1.83680e-17
2.72460e-04 1.83743e-17
2.93437e-04 1.83702e-17
3.16028e-04 1.83632e-17
3.40358e-04 1.83646e-17
3.66561e-04 1.83621e-17
3.94782e-04 1.83719e-17
4.25175e-04 1.83652e-17
4.57908e-04 1.83766e-17
4.93161e-04 1.83716e-17
5.31129e-04 1.83726e-17
5.72019e-04 1.83758e-17
6.16057e-04 1.83576e-17
6.63486e-04 1.83641e-17
7.14566e-04 1.83846e-17
7.69579e-04 1.83652e-17
8.28827e-04 1.83508e-17
8.92636e-04 1.83763e-17
9.61358e-04 1.83832e-17
1.03537e-03 1.83852e-17
1.11508e-03 1.83735e-17
1.20093e-03 1.83649e-17
1.29339e-03 1.83717e-17
1.39296e-03 1.83749e-17
1.50020e-03 1.83672e-17
1.61570e-03 1.83662e-17
1.74009e-03 1.83845e-17
1.87405e-03 1.83786e-17
2.01833e-03 1.83829e-17
2.17372e-03 1.83803e-17
2.34107e-03 1.83933e-17
2.52130e-03 1.83644e-17
2.71541e-03 1.83845e-17
2.92446e-03 1.83787e-17
3.14961e-03 1.83762e-17
3.39209e-03 1.83748e-17
3.65324e-03 1.83788e-17
3.93449e-03 1.83637e-17
4.23740e-03 1.83850e-17
4.56362e-03 1.83752e-17
4.91497e-03 1.83647e-17
5.29336e-03 1.83777e-17
5.70088e-03 1.83791e-17
6.13978e-03 1.83707e-17
6.61246e-03 1.83952e-17
7.12154e-03 1.83741e-17
7.66981e-03 1.83985e-17
8.26029e-03 1.83853e-17
8.89623e-03 1.83968e-17
9.58113e-03 1.84014e-17
1.03188e-02 1.83898e-17
1.11132e-02 1.84031e-17
1.19688e-02 1.83887e-17
1.28902e-02 1.84081e-17
1.38826e-02 1.83807e-17
1.49514e-02 1.83918e-17
1.61024e-02 1.84169e-17
1.73421e-02 1.84018e-17
1.86773e-02 1.84148e-17
2.01152e-02 1.84190e-17
2.16638e-02 1.84115e-17
2.33316e-02 1.84073e-17
2.51279e-02 1.84143e-17
2.70624e-02 1.84264e-17
2.91459e-02 1.84306e-17
3.13898e-02 1.84278e-17
3.38064e-02 1.84441e-17
3.64090e-02 1.84377e-17
3.92121e-02 1.84465e-17
4.22309e-02 1.84499e-17
4.54822e-02 1.84546e-17
4.89838e-02 1.84876e-17
5.27549e-02 1.84779e-17
5.68164e-02 1.84767e-17
6.11905e-02 1.84989e-17
6.59014e-02 1.85049e-17
7.09750e-02 1.85221e-17
7.64392e-02 1.85185e-17
8.23241e-02 1.85459e-17
8.86620e-02 1.85419e-17
9.54879e-02 1.85604e-17
1.02839e-01 1.85741e-17
1.10757e-01 1.86139e-17
1.19283e-01 1.85968e-17
1.28467e-01 1.86373e-17
1.38357e-01 1.86527e-17
1.49009e-01 1.86811e-17
1.60481e-01 1.86937e-17
1.72836e-01 1.87404e-17
1.86142e-01 1.87571e-17
2.00473e-01 1.87990e-17
2.15907e-01 1.88053e-17
2.32529e-01 1.88537e-17
2.50431e-01 1.88980e-17
2.69711e-01 1.89405e-17
2.90475e-01 1.89830e-17
3.12838e-01 1.90178e-17
3.36923e-01 1.90598e-17
3.62861e-01 1.91351e-17
3.90797e-01 1.91857e-17
4.20884e-01 1.92483e-17
4.53287e-01 1.93143e-17
4.88184e-01 1.93834e-17
5.25768e-01 1.94649e-17
5.66246e-01 1.95545e-17
6.09840e-01 1.96601e-17
6.56790e-01 1.97612e-17
7.07354e-01 1.98552e-17
7.61812e-01 2.00090e-17
8.20462e-01 2.01359e-17
8.83627e-01 2.02934e-17
9.51656e-01 2.04880e-17
1.02492e+00 2.07122e-17
1.10383e+00 2.09587e-17
1.18881e+00 2.12833e-17
1.28033e+00 2.17324e-17
1.37890e+00 2.23383e-17
1.48506e+00 2.33936e-17
1.59939e+00 3.23081e-17
1.72252e+00 3.23155e-17
1.85514e+00 3.09435e-17
1.99796e+00 2.99879e-17
2.15178e+00 2.92711e-17
2.31744e+00 2.85414e-17
2.49585e+00 2.79712e-17
2.68800e+00 2.74055e-17
2.89494e+00 2.69079e-17
3.11782e+00 2.64389e-17
3.35785e+00 2.60168e-17
3.61637e+00 2.55258e-17
3.89478e+00 2.50817e-17
4.19463e+00 2.46674e-17
4.51756e+00 2.42726e-17
4.86536e+00 2.38467e-17
5.23993e+00 2.34532e-17
5.64334e+00 2.30350e-17
6.07781e+00 2.26550e-17
6.54573e+00 2.22415e-17
7.04967e+00 2.18282e-17
7.59240e+00 2.14214e-17
8.17692e+00 2.10367e-17
8.80644e+00 2.06660e-17
9.48443e+00 2.02496e-17
1.02146e+01 1.98436e-17
1.10010e+01 1.94130e-17
1.18480e+01 1.90258e-17
1.27601e+01 1.85849e-17
1.37425e+01 1.81524e-17
1.48005e+01 1.77063e-17
1.59399e+01 1.72721e-17
1.71671e+01 1.67918e-17
1.84887e+01 1.62902e-17
1.99122e+01 1.57842e-17
2.14451e+01 1.52575e-17
2.30962e+01 1.46759e-17
2.48743e+01 1.40992e-17
2.67893e+01 1.34607e-17
2.88517e+01 1.27956e-17
3.10729e+01 1.20702e-17
3.34652e+01 1.12848e-17
3.60416e+01 1.04444e-17
3.88163e+01 9.52373e-18
4.18047e+01 8.49162e-18
4.50231e+01 7.32737e-18
4.84894e+01 6.01431e-18
5.22224e+01 4.52227e-18
5.62429e+01 2.91263e-18
6.05729e+01 1.39901e-18
6.52363e+01 3.67835e-19
7.02587e+01 2.01197e-20
7.56677e+01 1.50849e-24
8.14932e+01 0.00000e+00
