3.17098e-05 8.16659e-18
3.42207e-05 8.15725e-18
3.69304e-05 8.16023e-18
3.98548e-05 8.16406e-18
4.30106e-05 8.16202e-18
4.64164e-05 8.16721e-18
5.00918e-05 8.16205e-18
5.40583e-05 8.15984e-18
5.83389e-05 8.16330e-18
6.29584e-05 8.16619e-18
6.79437e-05 8.16281e-18
7.33238e-05 8.16845e-18
7.91298e-05 8.16543e-18
8.53957e-05 8.16231e-18
9.21577e-05 8.16480e-18
9.94551e-05 8.15969e-18
1.07330e-04 8.15970e-18
1.15829e-04 8.16701e-18
1.25001e-04 8.16340e-18
1.34899e-04 8.16467e-18
1.45581e-04 8.16714e-18
1.57109e-04 8.17751e-18
1.69549e-04 8.15884e-18
1.82975e-04 8.16809e-18
1.97464e-04 8.16631e-18
2.13100e-04 8.16323e-18
2.29974e-04 8.16281e-18
2.48184e-04 8.16611e-18
2.67836e-04 8.16220e-18
2.89045e-04 8.16208e-18
3.11932e-04 8.16648e-18
3.36633e-04 8.15790e-18
3.63289e-04 8.16419e-18
3.92055e-04 8.16467e-18
4.23100e-04 8.16051e-18
4.56603e-04 8.16254e-18
4.92758e-04 8.16028e-18
5.31777e-04 8.16721e-18
5.73885e-04 8.16502e-18
6.19328e-04 8.16154e-18
6.68369e-04 8.16601e-18
7.21293e-04 8.16406e-18
7.78408e-04 8.16471e-18
8.40046e-04 8.16689e-18
9.06564e-04 8.16166e-18
9.78350e-04 8.16527e-18
1.05582e-03 8.16678e-18
1.13942e-03 8.16566e-18
1.22965e-03 8.16657e-18
1.32702e-03 8.16768e-18
1.43210e-03 8.16776e-18
1.54550e-03 8.16201e-18
1.66787e-03 8.16881e-18
1.79994e-03 8.16236e-18
1.94247e-03 8.16566e-18
2.09628e-03 8.16970e-18
2.26228e-03 8.16866e-18
2.44141e-03 8.16920e-18
2.63473e-03 8.16623e-18
2.84336e-03 8.16108e-18
3.06851e-03 8.16516e-18
3.31149e-03 8.16717e-18
3.57371e-03 8.17138e-18
3.85669e-03 8.16369e-18
4.16208e-03 8.17010e-18
4.49165e-03 8.16294e-18
4.84732e-03 8.17209e-18
5.23115e-03 8.15763e-18
5.64537e-03 8.16687e-18
6.09239e-03 8.16617e-18
6.57482e-03 8.16917e-18
7.09544e-03 8.16350e-18
7.65728e-03 8.16960e-18
8.26362e-03 8.17175e-18
8.91797e-03 8.16694e-18
9.62413e-03 8.17500e-18
1.03862e-02 8.16876e-18
1.12086e-02 8.17177e-18
1.20962e-02 8.16470e-18
1.30540e-02 8.17369e-18
1.40877e-02 8.16802e-18
1.52032e-02 8.17000e-18
1.64070e-02 8.17408e-18
1.77062e-02 8.17738e-18
1.91083e-02 8.17374e-18
2.06214e-02 8.18446e-18
2.22542e-02 8.17393e-18
2.40164e-02 8.17835e-18
2.59181e-02 8.17654e-18
2.79705e-02 8.17692e-18
3.01853e-02 8.18273e-18
3.25755e-02 8.18113e-18
3.51549e-02 8.18813e-18
3.79386e-02 8.18795e-18
4.09428e-02 8.18699e-18
4.41848e-02 8.19669e-18
4.76835e-02 8.19535e-18
5.14593e-02 8.18947e-18
5.55341e-02 8.19801e-18
5.99315e-02 8.20042e-18
6.46771e-02 8.20140e-18
6.97985e-02 8.20168e-18
7.53255e-02 8.21008e-18
8.12901e-02 8.20966e-18
8.77270e-02 8.21503e-18
9.46736e-02 8.21748e-18
1.02170e-01 8.22568e-18
1.10260e-01 8.22766e-18
1.18991e-01 8.23461e-18
1.28414e-01 8.23930e-18
1.38582e-01 8.24837e-18
1.49555e-01 8.25563e-18
1.61398e-01 8.26111e-18
1.74178e-01 8.25711e-18
1.87970e-01 8.27819e-18
2.02854e-01 8.28530e-18
2.18917e-01 8.29078e-18
2.36252e-01 8.29969e-18
2.54959e-01 8.30816e-18
2.75148e-01 8.32024e-18
2.96936e-01 8.32778e-18
3.20448e-01 8.35007e-18
3.45823e-01 8.35887e-18
3.73206e-01 8.37276e-18
4.02758e-01 8.38008e-18
4.34650e-01 8.40231e-18
4.69068e-01 8.41479e-18
5.06211e-01 8.42067e-18
5.46295e-01 8.43744e-18
5.89552e-01 8.46826e-18
6.36236e-01 8.48408e-18
6.86616e-01 8.49536e-18
7.40985e-01 8.52562e-18
7.99659e-01 8.54738e-18
8.62979e-01 8.57564e-18
9.31314e-01 8.59727e-18
1.00506e+00 8.61080e-18
1.08464e+00 8.64084e-18
1.17053e+00 8.67030e-18
1.26322e+00 8.71013e-18
1.36324e+00 8.73897e-18
1.47119e+00 8.77768e-18
1.58769e+00 8.83732e-18
1.71341e+00 8.89767e-18
1.84908e+00 8.97869e-18
1.99550e+00 9.10455e-18
2.15351e+00 9.30026e-18
2.32404e+00 9.80558e-18
2.50806e+00 1.21194e-17
2.70666e+00 1.15590e-17
2.92099e+00 1.11929e-17
3.15228e+00 1.09358e-17
3.40189e+00 1.07059e-17
3.67127e+00 1.04939e-17
3.96198e+00 1.03150e-17
4.27570e+00 1.01096e-17
4.61427e+00 9.92127e-18
4.97965e+00 9.73910e-18
5.37396e+00 9.58542e-18
5.79949e+00 9.41796e-18
6.25872e+00 9.25143e-18
6.75431e+00 9.10418e-18
7.28914e+00 8.92217e-18
7.86633e+00 8.78600e-18
8.48922e+00 8.63737e-18
9.16143e+00 8.46688e-18
9.88687e+00 8.31043e-18
1.06698e+01 8.16456e-18
1.15146e+01 8.00233e-18
1.24264e+01 7.84883e-18
1.34104e+01 7.69745e-18
1.44723e+01 7.53268e-18
1.56182e+01 7.36644e-18
1.68550e+01 7.20077e-18
1.81896e+01 7.03836e-18
1.96299e+01 6.87258e-18
2.11843e+01 6.69312e-18
2.28618e+01 6.50754e-18
2.46721e+01 6.32610e-18
2.66257e+01 6.14381e-18
2.87340e+01 5.94151e-18
3.10093e+01 5.72727e-18
3.34648e+01 5.51813e-18
3.61147e+01 5.27925e-18
3.89744e+01 5.03885e-18
4.20605e+01 4.78680e-18
4.53910e+01 4.50872e-18
4.89853e+01 4.21447e-18
5.28642e+01 3.89489e-18
5.70502e+01 3.54513e-18
6.15676e+01 3.16754e-18
6.64428e+01 2.74191e-18
7.17040e+01 2.25889e-18
7.73819e+01 1.70991e-18
8.35093e+01 1.12148e-18
9.01219e+01 5.53151e-19
9.72581e+01 1.51866e-19
1.04959e+02 9.09768e-21
1.13271e+02 9.03331e-25
1.22240e+02 0.00000e+00
