3.17098e-05 1.51812e-17
3.41674e-05 1.51749e-17
3.68155e-05 1.51795e-17
3.96688e-05 1.51754e-17
4.27433e-05 1.51867e-17
4.60561e-05 1.51839e-17
4.96256e-05 1.51790e-17
5.34717e-05 1.51767e-17
5.76160e-05 1.51818e-17
6.20814e-05 1.51843e-17
6.68930e-05 1.51753e-17
7.20774e-05 1.51863e-17
7.76636e-05 1.51797e-17
8.36828e-05 1.51847e-17
9.01686e-05 1.51767e-17
9.71569e-05 1.51725e-17
1.04687e-04 1.51835e-17
1.12801e-04 1.51780e-17
1.21543e-04 1.51790e-17
1.30963e-04 1.51788e-17
1.41113e-04 1.51810e-17
1.52050e-04 1.51895e-17
1.63834e-04 1.51801e-17
1.76532e-04 1.51753e-17
1.90214e-04 1.51861e-17
2.04956e-04 1.51827e-17
2.20841e-04 1.51747e-17
2.37957e-04 1.51800e-17
2.56399e-04 1.51804e-17
2.76271e-04 1.51867e-17
2.97683e-04 1.51910e-17
3.20755e-04 1.51873e-17
3.45614e-04 1.51852e-17
3.72401e-04 1.51840e-17
4.01263e-04 1.51720e-17
4.32362e-04 1.51820e-17
4.65872e-04 1.51795e-17
5.01979e-04 1.51702e-17
5.40884e-04 1.51848e-17
5.82804e-04 1.51741e-17
6.27973e-04 1.51838e-17
6.76644e-04 1.51879e-17
7.29086e-04 1.51863e-17
7.85593e-04 1.51870e-17
8.46479e-04 1.51758e-17
9.12084e-04 1.51901e-17
9.82774e-04 1.51995e-17
1.05894e-03 1.51779e-17
1.14101e-03 1.51822e-17
1.22945e-03 1.51827e-17
1.32473e-03 1.51811e-17
1.42740e-03 1.51757e-17
1.53803e-03 1.51960e-17
1.65724e-03 1.51807e-17
1.78568e-03 1.51850e-17
1.92407e-03 1.51853e-17
2.07320e-03 1.51716e-17
2.23388e-03 1.51839e-17
2.40701e-03 1.51896e-17
2.59356e-03 1.51864e-17
2.79457e-03 1.51852e-17
3.01116e-03 1.51889e-17
3.24454e-03 1.51741e-17
3.49600e-03 1.51826e-17
3.76695e-03 1.51753e-17
4.05890e-03 1.51795e-17
4.37348e-03 1.51894e-17
4.71244e-03 1.51867e-17
5.07767e-03 1.51868e-17
5.47121e-03 1.51895e-17
5.89525e-03 1.51868e-17
6.35215e-03 1.51904e-17
6.84447e-03 1.51962e-17
7.37494e-03 1.51912e-17
7.94652e-03 1.51942e-17
8.56240e-03 1.51933e-17
9.22602e-03 1.51863e-17
9.94107e-03 1.52065e-17
1.07115e-02 1.52112e-17
1.15417e-02 1.51975e-17
1.24362e-02 1.52027e-17
1.34001e-02 1.52025e-17
1.44386e-02 1.52123e-17
1.55577e-02 1.52043e-17
1.67635e-02 1.52035e-17
1.80627e-02 1.52049e-17
1.94626e-02 1.52220e-17
2.09710e-02 1.52207e-17
2.25964e-02 1.52069e-17
2.43477e-02 1.52169e-17
2.62347e-02 1.52172e-17
2.82680e-02 1.52187e-17
3.04589e-02 1.52379e-17
3.28195e-02 1.52372e-17
3.53631e-02 1.52279e-17
3.81039e-02 1.52476e-17
4.10571e-02 1.52439e-17
4.42392e-02 1.52543e-17
4.76679e-02 1.52562e-17
5.13623e-02 1.52679e-17
5.53430e-02 1.52591e-17
5.96323e-02 1.52836e-17
6.42540e-02 1.52754e-17
6.92340e-02 1.52841e-17
7.45998e-02 1.53012e-17
8.03816e-02 1.53134e-17
8.66114e-02 1.53212e-17
9.33241e-02 1.53251e-17
1.00557e-01 1.53422e-17
1.08351e-01 1.53468e-17
1.16748e-01 1.53652e-17
1.25797e-01 1.53778e-17
1.35546e-01 1.53874e-17
1.46052e-01 1.53950e-17
1.57371e-01 1.54208e-17
1.69568e-01 1.54465e-17
1.82710e-01 1.54788e-17
1.96871e-01 1.54821e-17
2.12129e-01 1.55101e-17
2.28570e-01 1.55245e-17
2.46284e-01 1.55632e-17
2.65372e-01 1.55867e-17
2.85940e-01 1.56104e-17
3.08101e-01 1.56463e-17
3.31980e-01 1.56851e-17
3.57710e-01 1.57292e-17
3.85433e-01 1.57735e-17
4.15306e-01 1.58121e-17
4.47493e-01 1.58613e-17
4.82176e-01 1.59072e-17
5.19546e-01 1.59785e-17
5.59813e-01 1.60252e-17
6.03200e-01 1.60905e-17
6.49950e-01 1.61722e-17
7.00324e-01 1.62304e-17
7.54601e-01 1.63141e-17
8.13085e-01 1.64062e-17
8.76102e-01 1.65166e-17
9.44003e-01 1.66339e-17
1.01717e+00 1.67424e-17
1.09600e+00 1.69048e-17
1.18094e+00 1.70823e-17
1.27247e+00 1.73172e-17
1.37109e+00 1.75851e-17
1.47736e+00 1.79934e-17
1.59186e+00 1.86103e-17
1.71523e+00 2.02321e-17
1.84817e+00 2.61477e-17
1.99141e+00 2.48573e-17
2.14575e+00 2.39892e-17
2.31205e+00 2.33568e-17
2.49125e+00 2.28566e-17
2.68433e+00 2.23973e-17
2.89237e+00 2.19804e-17
3.11654e+00 2.15305e-17
3.35808e+00 2.11673e-17
3.61835e+00 2.07715e-17
3.89878e+00 2.04409e-17
4.20095e+00 2.01056e-17
4.52654e+00 1.97564e-17
4.87736e+00 1.93927e-17
5.25537e+00 1.90881e-17
5.66268e+00 1.87913e-17
6.10156e+00 1.84434e-17
6.57445e+00 1.81316e-17
7.08400e+00 1.77989e-17
7.63303e+00 1.74840e-17
8.22462e+00 1.71815e-17
8.86206e+00 1.68385e-17
9.54890e+00 1.65312e-17
1.02890e+01 1.61985e-17
1.10864e+01 1.58636e-17
1.19456e+01 1.55501e-17
1.28715e+01 1.51978e-17
1.38690e+01 1.48667e-17
1.49439e+01 1.45314e-17
1.61022e+01 1.41718e-17
1.73501e+01 1.37946e-17
1.86948e+01 1.34274e-17
2.01437e+01 1.30451e-17
2.17050e+01 1.26344e-17
2.33872e+01 1.21904e-17
2.51997e+01 1.17468e-17
2.71528e+01 1.12760e-17
2.92573e+01 1.07744e-17
3.15248e+01 1.02407e-17
3.39681e+01 9.64359e-18
3.66007e+01 9.02839e-18
3.94374e+01 8.34588e-18
4.24940e+01 7.61692e-18
4.57874e+01 6.79408e-18
4.93361e+01 5.87716e-18
5.31598e+01 4.82110e-18
5.72799e+01 3.63296e-18
6.17192e+01 2.34986e-18
6.65027e+01 1.13876e-18
7.16569e+01 3.02188e-19
7.72106e+01 1.68918e-20
8.31946e+01 1.35362e-24
8.96425e+01 0.00000e+00
