3.17098e-05 1.91573e-17
3.42207e-05 1.91575e-17
3.69304e-05 1.91290e-17
3.98548e-05 1.91687e-17
4.30106e-05 1.91434e-17
4.64164e-05 1.91543e-17
5.00918e-05 1.91392e-17
5.40583e-05 1.91494e-17
5.83389e-05 1.91377e-17
6.29584e-05 1.91449e-17
6.79437e-05 1.91424e-17
7.33238e-05 1.91598e-17
7.91298e-05 1.91370e-17
8.53957e-05 1.91360e-17
9.21577e-05 1.91392e-17
9.94551e-05 1.91255e-17
1.07330e-04 1.91282e-17
1.15829e-04 1.91267e-17
1.25001e-04 1.91218e-17
1.34899e-04 1.91476e-17
1.45581e-04 1.91372e-17
1.57109e-04 1.91379e-17
1.69549e-04 1.91330e-17
1.82975e-04 1.91528e-17
1.97464e-04 1.91298e-17
2.13100e-04 1.91443e-17
2.29974e-04 1.91325e-17
2.48184e-04 1.91414e-17
2.67836e-04 1.91488e-17
2.89045e-04 1.91333e-17
3.11932e-04 1.91337e-17
3.36633e-04 1.91374e-17
3.63289e-04 1.91444e-17
3.92055e-04 1.91407e-17
4.23100e-04 1.91466e-17
4.56603e-04 1.91258e-17
4.92758e-04 1.91515e-17
5.31777e-04 1.91483e-17
5.73885e-04 1.91634e-17
6.19328e-04 1.91428e-17
6.68369e-04 1.91300e-17
7.21293e-04 1.91416e-17
7.78408e-04 1.91372e-17
8.40046e-04 1.91381e-17
9.06564e-04 1.91336e-17
9.78350e-04 1.91521e-17
1.05582e-03 1.91440e-17
1.13942e-03 1.91472e-17
1.22965e-03 1.91403e-17
1.32702e-03 1.91441e-17
1.43210e-03 1.91411e-17
1.54550e-03 1.91462e-17
1.66787e-03 1.91198e-17
1.79994e-03 1.91376e-17
1.94247e-03 1.91331e-17
2.09628e-03 1.91373e-17
2.26228e-03 1.91290e-17
2.44141e-03 1.91594e-17
2.63473e-03 1.91226e-17
2.84336e-03 1.91300e-17
3.06851e-03 1.91456e-17
3.31149e-03 1.91562e-17
3.57371e-03 1.91162e-17
3.85669e-03 1.91757e-17
4.16208e-03 1.91417e-17
4.49165e-03 1.91252e-17
4.84732e-03 1.91374e-17
5.23115e-03 1.91269e-17
5.64537e-03 1.91241e-17
6.09239e-03 1.91431e-17
6.57482e-03 1.91400e-17
7.09544e-03 1.91319e-17
7.65728e-03 1.91431e-17
8.26362e-03 1.91368e-17
8.91797e-03 1.91432e-17
9.62413e-03 1.91282e-17
1.03862e-02 1.91716e-17
1.12086e-02 1.91501e-17
1.20962e-02 1.91364e-17
1.30540e-02 1.91421e-17
1.40877e-02 1.91463e-17
1.52032e-02 1.91463e-17
1.64070e-02 1.91531e-17
1.77062e-02 1.91556e-17
1.91083e-02 1.91519e-17
2.06214e-02 1.91501e-17
2.22542e-02 1.91383e-17
2.40164e-02 1.91470e-17
2.59181e-02 1.91522e-17
2.79705e-02 1.91340e-17
3.01853e-02 1.91412e-17
3.25755e-02 1.91291e-17
3.51549e-02 1.91532e-17
3.79386e-02 1.91543e-17
4.09428e-02 1.91438e-17
4.41848e-02 1.91536e-17
4.76835e-02 1.91572e-17
5.14593e-02 1.91434e-17
5.55341e-02 1.91397e-17
5.99315e-02 1.91523e-17
6.46771e-02 1.91740e-17
6.97985e-02 1.91585e-17
7.53255e-02 1.91596e-17
8.12901e-02 1.91503e-17
8.77270e-02 1.91606e-17
9.46736e-02 1.91490e-17
1.02170e-01 1.91662e-17
1.10260e-01 1.91627e-17
1.18991e-01 1.91623e-17
1.28414e-01 1.91814e-17
1.38582e-01 1.91730e-17
1.49555e-01 1.91854e-17
1.61398e-01 1.91695e-17
1.74178e-01 1.91764e-17
1.87970e-01 1.91782e-17
2.02854e-01 1.91695e-17
2.18917e-01 1.91761e-17
2.36252e-01 1.91875e-17
2.54959e-01 1.91885e-17
2.75148e-01 1.92007e-17
2.96936e-01 1.91914e-17
3.20448e-01 1.91800e-17
3.45823e-01 1.91963e-17
3.73206e-01 1.91938e-17
4.02758e-01 1.92389e-17
4.34650e-01 1.92230e-17
4.69068e-01 1.92317e-17
5.06211e-01 1.92143e-17
5.46295e-01 1.92411e-17
5.89552e-01 1.92549e-17
6.36236e-01 1.92765e-17
6.86616e-01 1.92825e-17
7.40985e-01 1.92641e-17
7.99659e-01 1.92979e-17
8.62979e-01 1.92898e-17
9.31314e-01 1.93162e-17
1.00506e+00 1.93213e-17
1.08464e+00 1.93272e-17
1.17053e+00 1.93461e-17
1.26322e+00 1.93750e-17
1.36324e+00 1.93936e-17
1.47119e+00 1.94149e-17
1.58769e+00 1.94343e-17
1.71341e+00 1.94447e-17
1.84908e+00 1.94871e-17
1.99550e+00 1.95125e-17
2.15351e+00 1.95660e-17
2.32404e+00 1.96221e-17
2.50806e+00 2.55918e-17
2.70666e+00 2.57266e-17
2.92099e+00 2.56293e-17
3.15228e+00 2.57095e-17
3.40189e+00 2.59047e-17
3.67127e+00 2.59518e-17
3.96198e+00 2.59941e-17
4.27570e+00 2.59712e-17
4.61427e+00 2.61574e-17
4.97965e+00 2.61286e-17
5.37396e+00 2.62136e-17
5.79949e+00 2.63427e-17
6.25872e+00 2.65286e-17
6.75431e+00 2.66075e-17
7.28914e+00 2.66668e-17
7.86633e+00 2.67827e-17
8.48922e+00 2.68788e-17
9.16143e+00 2.70898e-17
9.88687e+00 2.71910e-17
1.06698e+01 2.74249e-17
1.15146e+01 2.75522e-17
1.24264e+01 2.78342e-17
1.34104e+01 2.80064e-17
1.44723e+01 2.83246e-17
1.56182e+01 2.85644e-17
1.68550e+01 2.87897e-17
1.81896e+01 2.91777e-17
1.96299e+01 2.94520e-17
2.11843e+01 2.99053e-17
2.28618e+01 3.03580e-17
2.46721e+01 3.08083e-17
2.66257e+01 3.13238e-17
2.87340e+01 3.19510e-17
3.10093e+01 3.25722e-17
3.34648e+01 3.32807e-17
3.61147e+01 3.41800e-17
3.89744e+01 3.50403e-17
4.20605e+01 3.62156e-17
4.53910e+01 3.74558e-17
4.89853e+01 3.88648e-17
5.28642e+01 4.04982e-17
5.70502e+01 4.23921e-17
6.15676e+01 4.44692e-17
6.64428e+01 4.66921e-17
7.17040e+01 4.89254e-17
7.73819e+01 5.01066e-17
8.35093e+01 4.84507e-17
9.01219e+01 4.03967e-17
9.72581e+01 2.30546e-17
1.04959e+02 4.15499e-18
1.13271e+02 2.99274e-21
1.22240e+02 0.00000e+00
