3.17098e-05 5.43553e-17
3.41311e-05 5.43099e-17
3.67372e-05 5.43497e-17
3.95424e-05 5.43433e-17
4.25617e-05 5.43671e-17
4.58116e-05 5.43829e-17
4.93096e-05 5.43595e-17
5.30748e-05 5.44095e-17
5.71274e-05 5.44049e-17
6.14895e-05 5.43771e-17
6.61846e-05 5.43084e-17
7.12383e-05 5.43988e-17
7.66778e-05 5.44209e-17
8.25327e-05 5.44377e-17
8.88347e-05 5.43429e-17
9.56178e-05 5.43252e-17
1.02919e-04 5.43892e-17
1.10778e-04 5.44072e-17
1.19236e-04 5.43251e-17
1.28341e-04 5.44405e-17
1.38140e-04 5.44123e-17
1.48688e-04 5.44211e-17
1.60042e-04 5.43656e-17
1.72262e-04 5.43781e-17
1.85416e-04 5.43041e-17
1.99573e-04 5.43897e-17
2.14812e-04 5.43785e-17
2.31215e-04 5.43820e-17
2.48870e-04 5.44144e-17
2.67873e-04 5.43941e-17
2.88326e-04 5.44157e-17
3.10342e-04 5.43830e-17
3.34039e-04 5.44076e-17
3.59545e-04 5.44209e-17
3.86999e-04 5.43734e-17
4.16549e-04 5.43951e-17
4.48356e-04 5.44187e-17
4.82591e-04 5.44257e-17
5.19440e-04 5.43537e-17
5.59103e-04 5.44177e-17
6.01795e-04 5.43907e-17
6.47746e-04 5.43684e-17
6.97206e-04 5.43692e-17
7.50442e-04 5.43744e-17
8.07744e-04 5.42880e-17
8.69421e-04 5.43290e-17
9.35807e-04 5.43388e-17
1.00726e-03 5.43261e-17
1.08417e-03 5.43890e-17
1.16696e-03 5.43975e-17
1.25606e-03 5.44095e-17
1.35197e-03 5.43211e-17
1.45521e-03 5.43761e-17
1.56632e-03 5.43980e-17
1.68592e-03 5.43714e-17
1.81465e-03 5.43855e-17
1.95322e-03 5.44035e-17
2.10236e-03 5.44226e-17
2.26289e-03 5.44096e-17
2.43567e-03 5.43656e-17
2.62166e-03 5.43366e-17
2.82184e-03 5.43741e-17
3.03731e-03 5.43331e-17
3.26923e-03 5.43694e-17
3.51885e-03 5.43863e-17
3.78754e-03 5.44170e-17
4.07675e-03 5.44055e-17
4.38804e-03 5.43650e-17
4.72310e-03 5.43576e-17
5.08374e-03 5.43966e-17
5.47192e-03 5.43341e-17
5.88974e-03 5.43603e-17
6.33946e-03 5.43121e-17
6.82352e-03 5.43787e-17
7.34455e-03 5.44403e-17
7.90535e-03 5.43651e-17
8.50898e-03 5.44410e-17
9.15870e-03 5.44378e-17
9.85804e-03 5.43976e-17
1.06108e-02 5.43378e-17
1.14210e-02 5.44041e-17
1.22930e-02 5.43633e-17
1.32317e-02 5.44307e-17
1.42420e-02 5.43995e-17
1.53295e-02 5.43759e-17
1.65000e-02 5.44666e-17
1.77599e-02 5.43633e-17
1.91160e-02 5.43696e-17
2.05757e-02 5.43660e-17
2.21468e-02 5.43838e-17
2.38378e-02 5.43882e-17
2.56580e-02 5.44149e-17
2.76172e-02 5.44358e-17
2.97260e-02 5.44045e-17
3.19958e-02 5.44210e-17
3.44389e-02 5.43905e-17
3.70685e-02 5.44501e-17
3.98989e-02 5.44417e-17
4.29455e-02 5.44455e-17
4.62247e-02 5.43907e-17
4.97543e-02 5.44241e-17
5.35534e-02 5.43923e-17
5.76426e-02 5.45111e-17
6.20440e-02 5.44093e-17
6.67815e-02 5.44306e-17
7.18807e-02 5.43700e-17
7.73693e-02 5.44527e-17
8.32770e-02 5.44928e-17
8.96358e-02 5.44275e-17
9.64801e-02 5.44175e-17
1.03847e-01 5.44448e-17
1.11777e-01 5.44415e-17
1.20311e-01 5.45055e-17
1.29498e-01 5.44912e-17
1.39386e-01 5.45120e-17
1.50029e-01 5.45528e-17
1.61485e-01 5.45208e-17
1.73816e-01 5.45298e-17
1.87088e-01 5.45345e-17
2.01373e-01 5.45897e-17
2.16749e-01 5.45625e-17
2.33300e-01 5.46195e-17
2.51114e-01 5.45657e-17
2.70288e-01 5.45605e-17
2.90927e-01 5.46676e-17
3.13141e-01 5.46226e-17
3.37051e-01 5.46632e-17
3.62788e-01 5.46939e-17
3.90489e-01 5.47699e-17
4.20306e-01 5.48053e-17
4.52399e-01 5.48278e-17
4.86943e-01 5.48404e-17
5.24125e-01 5.49216e-17
5.64145e-01 5.49264e-17
6.07222e-01 5.49812e-17
6.53587e-01 5.49607e-17
7.03493e-01 5.50515e-17
7.57210e-01 5.50896e-17
8.15028e-01 5.51404e-17
8.77262e-01 5.52562e-17
9.44247e-01 5.52707e-17
1.01635e+00 5.54366e-17
1.09395e+00 5.54988e-17
1.17748e+00 5.55851e-17
1.26739e+00 5.57530e-17
1.36417e+00 5.59254e-17
1.46833e+00 8.37327e-17
1.58045e+00 8.65234e-17
1.70113e+00 8.73819e-17
1.83102e+00 8.71083e-17
1.97083e+00 8.78376e-17
2.12132e+00 8.76318e-17
2.28329e+00 8.78310e-17
2.45764e+00 8.81360e-17
2.64530e+00 8.82499e-17
2.84729e+00 8.86885e-17
3.06470e+00 8.86298e-17
3.29871e+00 8.92425e-17
3.55059e+00 8.94360e-17
3.82170e+00 8.97373e-17
4.11351e+00 9.00785e-17
4.42761e+00 9.05767e-17
4.76569e+00 9.08554e-17
5.12958e+00 9.15540e-17
5.52126e+00 9.18965e-17
5.94285e+00 9.23012e-17
6.39663e+00 9.29645e-17
6.88506e+00 9.38524e-17
7.41078e+00 9.44410e-17
7.97664e+00 9.50318e-17
8.58572e+00 9.60701e-17
9.24130e+00 9.69145e-17
9.94694e+00 9.78945e-17
1.07065e+01 9.91146e-17
1.15240e+01 1.00331e-16
1.24039e+01 1.01666e-16
1.33510e+01 1.03367e-16
1.43705e+01 1.04914e-16
1.54678e+01 1.06771e-16
1.66488e+01 1.08914e-16
1.79201e+01 1.11158e-16
1.92884e+01 1.13884e-16
2.07612e+01 1.16946e-16
2.23465e+01 1.20049e-16
2.40528e+01 1.24245e-16
2.58894e+01 1.28336e-16
2.78663e+01 1.33416e-16
2.99940e+01 1.38996e-16
3.22843e+01 1.45584e-16
3.47494e+01 1.53422e-16
3.74028e+01 1.61763e-16
4.02588e+01 1.70669e-16
4.33328e+01 1.78606e-16
4.66416e+01 1.82591e-16
5.02030e+01 1.74471e-16
5.40363e+01 1.42239e-16
5.81624e+01 7.71288e-17
6.26035e+01 1.24527e-17
6.73837e+01 6.23106e-21
7.25290e+01 0.00000e+00
