3.17098e-05 2.42612e-17
3.41272e-05 2.42782e-17
3.67288e-05 2.42680e-17
3.95288e-05 2.42694e-17
4.25423e-05 2.42863e-17
4.57854e-05 2.42758e-17
4.92758e-05 2.42647e-17
5.30323e-05 2.42825e-17
5.70752e-05 2.42794e-17
6.14263e-05 2.42775e-17
6.61091e-05 2.42576e-17
7.11488e-05 2.43007e-17
7.65728e-05 2.42846e-17
8.24103e-05 2.42724e-17
8.86928e-05 2.42707e-17
9.54542e-05 2.42677e-17
1.02731e-04 2.42733e-17
1.10563e-04 2.42667e-17
1.18991e-04 2.42705e-17
1.28063e-04 2.42633e-17
1.37825e-04 2.42617e-17
1.48332e-04 2.42795e-17
1.59640e-04 2.42506e-17
1.71810e-04 2.42658e-17
1.84908e-04 2.42771e-17
1.99004e-04 2.42806e-17
2.14175e-04 2.42869e-17
2.30503e-04 2.42670e-17
2.48075e-04 2.42638e-17
2.66987e-04 2.42800e-17
2.87340e-04 2.42577e-17
3.09245e-04 2.42677e-17
3.32820e-04 2.42755e-17
3.58193e-04 2.42418e-17
3.85499e-04 2.42799e-17
4.14887e-04 2.42729e-17
4.46516e-04 2.42541e-17
4.80556e-04 2.42643e-17
5.17191e-04 2.42696e-17
5.56618e-04 2.42817e-17
5.99052e-04 2.42600e-17
6.44720e-04 2.42695e-17
6.93869e-04 2.42682e-17
7.46766e-04 2.42819e-17
8.03695e-04 2.42601e-17
8.64964e-04 2.42656e-17
9.30904e-04 2.42718e-17
1.00187e-03 2.42887e-17
1.07825e-03 2.42753e-17
1.16045e-03 2.42621e-17
1.24891e-03 2.42529e-17
1.34412e-03 2.42713e-17
1.44659e-03 2.42824e-17
1.55687e-03 2.42700e-17
1.67556e-03 2.42930e-17
1.80329e-03 2.42748e-17
1.94076e-03 2.42828e-17
2.08872e-03 2.42716e-17
2.24795e-03 2.42554e-17
2.41932e-03 2.42786e-17
2.60375e-03 2.42807e-17
2.80225e-03 2.42843e-17
3.01587e-03 2.42813e-17
3.24579e-03 2.42890e-17
3.49323e-03 2.42814e-17
3.75953e-03 2.42920e-17
4.04613e-03 2.42840e-17
4.35459e-03 2.43040e-17
4.68656e-03 2.42817e-17
5.04383e-03 2.42702e-17
5.42834e-03 2.42906e-17
5.84217e-03 2.42824e-17
6.28754e-03 2.42991e-17
6.76687e-03 2.43019e-17
7.28273e-03 2.42876e-17
7.83793e-03 2.42958e-17
8.43544e-03 2.42949e-17
9.07851e-03 2.42898e-17
9.77061e-03 2.42923e-17
1.05155e-02 2.43004e-17
1.13171e-02 2.43127e-17
1.21798e-02 2.43084e-17
1.31084e-02 2.43275e-17
1.41077e-02 2.43245e-17
1.51832e-02 2.43178e-17
1.63406e-02 2.43294e-17
1.75863e-02 2.43252e-17
1.89270e-02 2.43334e-17
2.03699e-02 2.43397e-17
2.19228e-02 2.43420e-17
2.35941e-02 2.43327e-17
2.53927e-02 2.43361e-17
2.73285e-02 2.43521e-17
2.94119e-02 2.43563e-17
3.16541e-02 2.43787e-17
3.40672e-02 2.44045e-17
3.66643e-02 2.43860e-17
3.94594e-02 2.44015e-17
4.24675e-02 2.43945e-17
4.57050e-02 2.44122e-17
4.91893e-02 2.44303e-17
5.29392e-02 2.44403e-17
5.69749e-02 2.44527e-17
6.13184e-02 2.44658e-17
6.59929e-02 2.44953e-17
7.10239e-02 2.44914e-17
7.64383e-02 2.45068e-17
8.22655e-02 2.45393e-17
8.85370e-02 2.45517e-17
9.52865e-02 2.45722e-17
1.02551e-01 2.45989e-17
1.10368e-01 2.46440e-17
1.18782e-01 2.46395e-17
1.27838e-01 2.46961e-17
1.37583e-01 2.47246e-17
1.48072e-01 2.47653e-17
1.59360e-01 2.48005e-17
1.71508e-01 2.48249e-17
1.84583e-01 2.48802e-17
1.98655e-01 2.48910e-17
2.13799e-01 2.49694e-17
2.30098e-01 2.50034e-17
2.47639e-01 2.50659e-17
2.66518e-01 2.51383e-17
2.86835e-01 2.51991e-17
3.08702e-01 2.52742e-17
3.32236e-01 2.53668e-17
3.57564e-01 2.54557e-17
3.84822e-01 2.55535e-17
4.14159e-01 2.56657e-17
4.45732e-01 2.57431e-17
4.79712e-01 2.58595e-17
5.16282e-01 2.60247e-17
5.55640e-01 2.61324e-17
5.97999e-01 2.62996e-17
6.43587e-01 2.64776e-17
6.92650e-01 2.67062e-17
7.45454e-01 2.69333e-17
8.02283e-01 2.71950e-17
8.63445e-01 2.74928e-17
9.29268e-01 2.78595e-17
1.00011e+00 2.82958e-17
1.07635e+00 2.88317e-17
1.15841e+00 2.96328e-17
1.24672e+00 3.08210e-17
1.34176e+00 3.34390e-17
1.44405e+00 4.71187e-17
1.55413e+00 4.39658e-17
1.67261e+00 4.24658e-17
1.80012e+00 4.12080e-17
1.93735e+00 4.01578e-17
2.08505e+00 3.93566e-17
2.24400e+00 3.85200e-17
2.41507e+00 3.77619e-17
2.59918e+00 3.70940e-17
2.79732e+00 3.64690e-17
3.01058e+00 3.57621e-17
3.24008e+00 3.51947e-17
3.48709e+00 3.45075e-17
3.75292e+00 3.40197e-17
4.03903e+00 3.33722e-17
4.34694e+00 3.28150e-17
4.67832e+00 3.22828e-17
5.03497e+00 3.17363e-17
5.41881e+00 3.12049e-17
5.83191e+00 3.06150e-17
6.27650e+00 3.00822e-17
6.75498e+00 2.95331e-17
7.26994e+00 2.89793e-17
7.82416e+00 2.84703e-17
8.42062e+00 2.79045e-17
9.06256e+00 2.73567e-17
9.75344e+00 2.67580e-17
1.04970e+01 2.61969e-17
1.12972e+01 2.55991e-17
1.21584e+01 2.50044e-17
1.30853e+01 2.44298e-17
1.40829e+01 2.38039e-17
1.51565e+01 2.31216e-17
1.63119e+01 2.24672e-17
1.75555e+01 2.17472e-17
1.88938e+01 2.10028e-17
2.03341e+01 2.02176e-17
2.18843e+01 1.94208e-17
2.35526e+01 1.85404e-17
2.53481e+01 1.76117e-17
2.72805e+01 1.66172e-17
2.93602e+01 1.55457e-17
3.15985e+01 1.43656e-17
3.40074e+01 1.30888e-17
3.65999e+01 1.16525e-17
3.93900e+01 1.00382e-17
4.23929e+01 8.21944e-18
4.56247e+01 6.15527e-18
4.91029e+01 3.94051e-18
5.28462e+01 1.87808e-18
5.68749e+01 4.84408e-19
6.12107e+01 2.56669e-20
6.58770e+01 1.73831e-24
7.08991e+01 0.00000e+00
