3.17098e-05 2.54409e-17
3.41232e-05 2.54293e-17
3.67202e-05 2.54164e-17
3.95150e-05 2.54172e-17
4.25224e-05 2.54242e-17
4.57587e-05 2.54108e-17
4.92413e-05 2.54160e-17
5.29890e-05 2.54167e-17
5.70219e-05 2.54041e-17
6.13617e-05 2.54511e-17
6.60319e-05 2.54377e-17
7.10574e-05 2.54453e-17
7.64655e-05 2.54067e-17
8.22852e-05 2.54441e-17
8.85478e-05 2.54200e-17
9.52870e-05 2.54232e-17
1.02539e-04 2.54412e-17
1.10343e-04 2.54268e-17
1.18741e-04 2.54156e-17
1.27778e-04 2.54190e-17
1.37503e-04 2.54354e-17
1.47969e-04 2.54146e-17
1.59230e-04 2.54227e-17
1.71349e-04 2.54524e-17
1.84390e-04 2.54311e-17
1.98424e-04 2.54353e-17
2.13526e-04 2.54182e-17
2.29777e-04 2.54230e-17
2.47265e-04 2.54143e-17
2.66083e-04 2.54369e-17
2.86335e-04 2.54225e-17
3.08127e-04 2.54064e-17
3.31578e-04 2.54242e-17
3.56814e-04 2.54452e-17
3.83971e-04 2.54274e-17
4.13194e-04 2.54156e-17
4.44641e-04 2.54136e-17
4.78482e-04 2.54289e-17
5.14899e-04 2.54277e-17
5.54087e-04 2.54249e-17
5.96258e-04 2.54316e-17
6.41638e-04 2.54385e-17
6.90472e-04 2.54319e-17
7.43023e-04 2.54330e-17
7.99573e-04 2.54303e-17
8.60427e-04 2.54256e-17
9.25913e-04 2.54101e-17
9.96382e-04 2.54353e-17
1.07222e-03 2.54367e-17
1.15382e-03 2.54164e-17
1.24164e-03 2.54343e-17
1.33613e-03 2.54410e-17
1.43783e-03 2.54137e-17
1.54726e-03 2.54419e-17
1.66502e-03 2.54085e-17
1.79174e-03 2.54369e-17
1.92810e-03 2.54159e-17
2.07485e-03 2.54169e-17
2.23276e-03 2.54569e-17
2.40269e-03 2.54421e-17
2.58556e-03 2.54255e-17
2.78234e-03 2.54372e-17
2.99410e-03 2.54661e-17
3.22198e-03 2.54350e-17
3.46720e-03 2.54289e-17
3.73108e-03 2.54379e-17
4.01504e-03 2.54407e-17
4.32062e-03 2.54270e-17
4.64946e-03 2.54292e-17
5.00332e-03 2.54576e-17
5.38412e-03 2.54460e-17
5.79389e-03 2.54646e-17
6.23486e-03 2.54491e-17
6.70938e-03 2.54600e-17
7.22002e-03 2.54555e-17
7.76953e-03 2.54667e-17
8.36085e-03 2.54610e-17
8.99718e-03 2.54471e-17
9.68194e-03 2.54509e-17
1.04188e-02 2.54710e-17
1.12118e-02 2.54775e-17
1.20651e-02 2.54807e-17
1.29833e-02 2.55033e-17
1.39715e-02 2.54845e-17
1.50348e-02 2.54809e-17
1.61791e-02 2.54936e-17
1.74105e-02 2.54886e-17
1.87356e-02 2.54758e-17
2.01615e-02 2.55166e-17
2.16960e-02 2.55029e-17
2.33472e-02 2.55053e-17
2.51241e-02 2.55194e-17
2.70363e-02 2.55243e-17
2.90940e-02 2.55126e-17
3.13082e-02 2.55374e-17
3.36911e-02 2.55631e-17
3.62552e-02 2.55439e-17
3.90146e-02 2.55619e-17
4.19839e-02 2.55514e-17
4.51792e-02 2.55938e-17
4.86178e-02 2.55843e-17
5.23180e-02 2.55927e-17
5.62998e-02 2.56370e-17
6.05847e-02 2.56420e-17
6.51957e-02 2.56448e-17
7.01576e-02 2.56780e-17
7.54972e-02 2.56890e-17
8.12432e-02 2.56984e-17
8.74265e-02 2.57196e-17
9.40804e-02 2.57422e-17
1.01241e-01 2.57785e-17
1.08946e-01 2.57828e-17
1.17238e-01 2.58291e-17
1.26160e-01 2.58605e-17
1.35762e-01 2.58990e-17
1.46095e-01 2.59289e-17
1.57214e-01 2.59529e-17
1.69179e-01 2.60116e-17
1.82055e-01 2.60594e-17
1.95911e-01 2.61012e-17
2.10822e-01 2.61740e-17
2.26867e-01 2.62050e-17
2.44133e-01 2.62759e-17
2.62714e-01 2.63543e-17
2.82709e-01 2.64108e-17
3.04225e-01 2.64976e-17
3.27379e-01 2.65831e-17
3.52296e-01 2.66859e-17
3.79108e-01 2.67781e-17
4.07962e-01 2.68652e-17
4.39011e-01 2.70040e-17
4.72423e-01 2.71347e-17
5.08379e-01 2.72540e-17
5.47071e-01 2.74200e-17
5.88707e-01 2.76052e-17
6.33513e-01 2.77717e-17
6.81728e-01 2.80320e-17
7.33614e-01 2.82652e-17
7.89448e-01 2.85605e-17
8.49531e-01 2.88975e-17
9.14188e-01 2.92580e-17
9.83765e-01 2.97597e-17
1.05864e+00 3.03818e-17
1.13921e+00 3.11983e-17
1.22591e+00 3.25462e-17
1.31921e+00 3.56838e-17
1.41962e+00 4.94504e-17
1.52766e+00 4.63349e-17
1.64393e+00 4.46311e-17
1.76905e+00 4.33958e-17
1.90369e+00 4.23313e-17
2.04857e+00 4.14490e-17
2.20449e+00 4.06409e-17
2.37227e+00 3.98353e-17
2.55282e+00 3.90799e-17
2.74711e+00 3.84709e-17
2.95619e+00 3.76883e-17
3.18118e+00 3.70123e-17
3.42329e+00 3.64500e-17
3.68383e+00 3.58050e-17
3.96420e+00 3.52289e-17
4.26591e+00 3.45528e-17
4.59058e+00 3.40941e-17
4.93996e+00 3.34526e-17
5.31594e+00 3.28692e-17
5.72052e+00 3.22816e-17
6.15590e+00 3.17182e-17
6.62442e+00 3.11378e-17
7.12859e+00 3.05566e-17
7.67114e+00 2.99940e-17
8.25498e+00 2.93767e-17
8.88325e+00 2.88128e-17
9.55934e+00 2.82374e-17
1.02869e+01 2.76117e-17
1.10698e+01 2.69472e-17
1.19123e+01 2.63654e-17
1.28189e+01 2.57038e-17
1.37946e+01 2.50469e-17
1.48444e+01 2.43832e-17
1.59742e+01 2.36600e-17
1.71900e+01 2.29099e-17
1.84983e+01 2.21413e-17
1.99062e+01 2.13191e-17
2.14212e+01 2.04622e-17
2.30515e+01 1.95405e-17
2.48060e+01 1.85456e-17
2.66939e+01 1.75146e-17
2.87255e+01 1.63652e-17
3.09118e+01 1.51357e-17
3.32644e+01 1.37783e-17
3.57961e+01 1.22683e-17
3.85205e+01 1.05685e-17
4.14523e+01 8.65148e-18
4.46071e+01 6.47146e-18
4.80021e+01 4.13930e-18
5.16555e+01 1.97008e-18
5.55869e+01 5.06857e-19
5.98175e+01 2.67061e-20
6.43701e+01 1.77663e-24
6.92692e+01 0.00000e+00
