3.17098e-05 5.96130e-17
3.41232e-05 5.96303e-17
3.67202e-05 5.95748e-17
3.95150e-05 5.96112e-17
4.25224e-05 5.96614e-17
4.57587e-05 5.96669e-17
4.92413e-05 5.96899e-17
5.29890e-05 5.96035e-17
5.70219e-05 5.95999e-17
6.13617e-05 5.95695e-17
6.60319e-05 5.96379e-17
7.10574e-05 5.96106e-17
7.64655e-05 5.96523e-17
8.22852e-05 5.95986e-17
8.85478e-05 5.96139e-17
9.52870e-05 5.96389e-17
1.02539e-04 5.95822e-17
1.10343e-04 5.96419e-17
1.18741e-04 5.95800e-17
1.27778e-04 5.96410e-17
1.37503e-04 5.95619e-17
1.47969e-04 5.95797e-17
1.59230e-04 5.96025e-17
1.71349e-04 5.97027e-17
1.84390e-04 5.95610e-17
1.98424e-04 5.96383e-17
2.13526e-04 5.95643e-17
2.29777e-04 5.95972e-17
2.47265e-04 5.96524e-17
2.66083e-04 5.96336e-17
2.86335e-04 5.95788e-17
3.08127e-04 5.96453e-17
3.31578e-04 5.95677e-17
3.56814e-04 5.96878e-17
3.83971e-04 5.96817e-17
4.13194e-04 5.96185e-17
4.44641e-04 5.95763e-17
4.78482e-04 5.96451e-17
5.14899e-04 5.96388e-17
5.54087e-04 5.95790e-17
5.96258e-04 5.96413e-17
6.41638e-04 5.96272e-17
6.90472e-04 5.96364e-17
7.43023e-04 5.96348e-17
7.99573e-04 5.96718e-17
8.60427e-04 5.95944e-17
9.25913e-04 5.96265e-17
9.96382e-04 5.96179e-17
1.07222e-03 5.96850e-17
1.15382e-03 5.95341e-17
1.24164e-03 5.95787e-17
1.33613e-03 5.96382e-17
1.43783e-03 5.96082e-17
1.54726e-03 5.95755e-17
1.66502e-03 5.95551e-17
1.79174e-03 5.96138e-17
1.92810e-03 5.95837e-17
2.07485e-03 5.95821e-17
2.23276e-03 5.96156e-17
2.40269e-03 5.95670e-17
2.58556e-03 5.95910e-17
2.78234e-03 5.96260e-17
2.99410e-03 5.95718e-17
3.22198e-03 5.96185e-17
3.46720e-03 5.96121e-17
3.73108e-03 5.96129e-17
4.01504e-03 5.95823e-17
4.32062e-03 5.95965e-17
4.64946e-03 5.96320e-17
5.00332e-03 5.96420e-17
5.38412e-03 5.96056e-17
5.79389e-03 5.95818e-17
6.23486e-03 5.96095e-17
6.70938e-03 5.96231e-17
7.22002e-03 5.96341e-17
7.76953e-03 5.95988e-17
8.36085e-03 5.96385e-17
8.99718e-03 5.96055e-17
9.68194e-03 5.96401e-17
1.04188e-02 5.96473e-17
1.12118e-02 5.96173e-17
1.20651e-02 5.96374e-17
1.29833e-02 5.96992e-17
1.39715e-02 5.95784e-17
1.50348e-02 5.96159e-17
1.61791e-02 5.96616e-17
1.74105e-02 5.96658e-17
1.87356e-02 5.96491e-17
2.01615e-02 5.96818e-17
2.16960e-02 5.96143e-17
2.33472e-02 5.96267e-17
2.51241e-02 5.96320e-17
2.70363e-02 5.96649e-17
2.90940e-02 5.96463e-17
3.13082e-02 5.96405e-17
3.36911e-02 5.96444e-17
3.62552e-02 5.96733e-17
3.90146e-02 5.96159e-17
4.19839e-02 5.96426e-17
4.51792e-02 5.96334e-17
4.86178e-02 5.96314e-17
5.23180e-02 5.96216e-17
5.62998e-02 5.96563e-17
6.05847e-02 5.96869e-17
6.51957e-02 5.96910e-17
7.01576e-02 5.96528e-17
7.54972e-02 5.97044e-17
8.12432e-02 5.96087e-17
8.74265e-02 5.96946e-17
9.40804e-02 5.96936e-17
1.01241e-01 5.97350e-17
1.08946e-01 5.97118e-17
1.17238e-01 5.97115e-17
1.26160e-01 5.97742e-17
1.35762e-01 5.97440e-17
1.46095e-01 5.97514e-17
1.57214e-01 5.97863e-17
1.69179e-01 5.97538e-17
1.82055e-01 5.97788e-17
1.95911e-01 5.98212e-17
2.10822e-01 5.98280e-17
2.26867e-01 5.98372e-17
2.44133e-01 5.99044e-17
2.62714e-01 5.98536e-17
2.82709e-01 5.99130e-17
3.04225e-01 5.99552e-17
3.27379e-01 5.98957e-17
3.52296e-01 5.99174e-17
3.79108e-01 6.00635e-17
4.07962e-01 6.00196e-17
4.39011e-01 6.01134e-17
4.72423e-01 6.00823e-17
5.08379e-01 6.01627e-17
5.47071e-01 6.02155e-17
5.88707e-01 6.02863e-17
6.33513e-01 6.03046e-17
6.81728e-01 6.03677e-17
7.33614e-01 6.05004e-17
7.89448e-01 6.04981e-17
8.49531e-01 6.04794e-17
9.14188e-01 6.06647e-17
9.83765e-01 6.07429e-17
1.05864e+00 6.08207e-17
1.13921e+00 6.10541e-17
1.22591e+00 6.11493e-17
1.31921e+00 6.13636e-17
1.41962e+00 9.64398e-17
1.52766e+00 9.43966e-17
1.64393e+00 9.79072e-17
1.76905e+00 9.74764e-17
1.90369e+00 9.74871e-17
2.04857e+00 9.73885e-17
2.20449e+00 9.75952e-17
2.37227e+00 9.80224e-17
2.55282e+00 9.85470e-17
2.74711e+00 9.84155e-17
2.95619e+00 9.86884e-17
3.18118e+00 9.92284e-17
3.42329e+00 9.94220e-17
3.68383e+00 1.00234e-16
3.96420e+00 1.00372e-16
4.26591e+00 1.00601e-16
4.59058e+00 1.01329e-16
4.93996e+00 1.01876e-16
5.31594e+00 1.02601e-16
5.72052e+00 1.02947e-16
6.15590e+00 1.03589e-16
6.62442e+00 1.04404e-16
7.12859e+00 1.05113e-16
7.67114e+00 1.05756e-16
8.25498e+00 1.06900e-16
8.88325e+00 1.07926e-16
9.55934e+00 1.08913e-16
1.02869e+01 1.10498e-16
1.10698e+01 1.11533e-16
1.19123e+01 1.13153e-16
1.28189e+01 1.14925e-16
1.37946e+01 1.16777e-16
1.48444e+01 1.18846e-16
1.59742e+01 1.21238e-16
1.71900e+01 1.23746e-16
1.84983e+01 1.26830e-16
1.99062e+01 1.30029e-16
2.14212e+01 1.33874e-16
2.30515e+01 1.38108e-16
2.48060e+01 1.43151e-16
2.66939e+01 1.48413e-16
2.87255e+01 1.54989e-16
3.09118e+01 1.62430e-16
3.32644e+01 1.70474e-16
3.57961e+01 1.80059e-16
3.85205e+01 1.90212e-16
4.14523e+01 1.99230e-16
4.46071e+01 2.03187e-16
4.80021e+01 1.94032e-16
5.16555e+01 1.57585e-16
5.55869e+01 8.51321e-17
5.98175e+01 1.35774e-17
6.43701e+01 6.58060e-21
6.92692e+01 0.00000e+00
