3.17098e-05 5.68726e-17
3.41272e-05 5.68480e-17
3.67288e-05 5.69680e-17
3.95288e-05 5.68493e-17
4.25423e-05 5.69194e-17
4.57854e-05 5.69003e-17
4.92758e-05 5.69313e-17
5.30323e-05 5.69086e-17
5.70752e-05 5.68762e-17
6.14263e-05 5.68827e-17
6.61091e-05 5.68735e-17
7.11488e-05 5.68341e-17
7.65728e-05 5.69270e-17
8.24103e-05 5.68215e-17
8.86928e-05 5.69405e-17
9.54542e-05 5.69226e-17
1.02731e-04 5.68861e-17
1.10563e-04 5.69195e-17
1.18991e-04 5.69017e-17
1.28063e-04 5.68858e-17
1.37825e-04 5.69138e-17
1.48332e-04 5.69430e-17
1.59640e-04 5.69516e-17
1.71810e-04 5.68854e-17
1.84908e-04 5.69232e-17
1.99004e-04 5.69153e-17
2.14175e-04 5.68912e-17
2.30503e-04 5.69552e-17
2.48075e-04 5.68917e-17
2.66987e-04 5.69268e-17
2.87340e-04 5.68775e-17
3.09245e-04 5.69329e-17
3.32820e-04 5.69406e-17
3.58193e-04 5.69596e-17
3.85499e-04 5.69024e-17
4.14887e-04 5.69280e-17
4.46516e-04 5.69221e-17
4.80556e-04 5.69344e-17
5.17191e-04 5.69400e-17
5.56618e-04 5.69477e-17
5.99052e-04 5.69100e-17
6.44720e-04 5.69163e-17
6.93869e-04 5.69156e-17
7.46766e-04 5.68878e-17
8.03695e-04 5.69298e-17
8.64964e-04 5.69157e-17
9.30904e-04 5.69966e-17
1.00187e-03 5.68327e-17
1.07825e-03 5.69130e-17
1.16045e-03 5.69086e-17
1.24891e-03 5.69344e-17
1.34412e-03 5.69294e-17
1.44659e-03 5.68667e-17
1.55687e-03 5.69025e-17
1.67556e-03 5.69085e-17
1.80329e-03 5.69052e-17
1.94076e-03 5.69026e-17
2.08872e-03 5.69378e-17
2.24795e-03 5.68944e-17
2.41932e-03 5.68950e-17
2.60375e-03 5.69370e-17
2.80225e-03 5.68920e-17
3.01587e-03 5.69284e-17
3.24579e-03 5.69273e-17
3.49323e-03 5.69874e-17
3.75953e-03 5.69041e-17
4.04613e-03 5.69671e-17
4.35459e-03 5.69057e-17
4.68656e-03 5.69375e-17
5.04383e-03 5.69085e-17
5.42834e-03 5.68760e-17
5.84217e-03 5.68853e-17
6.28754e-03 5.68761e-17
6.76687e-03 5.69518e-17
7.28273e-03 5.68519e-17
7.83793e-03 5.68746e-17
8.43544e-03 5.69150e-17
9.07851e-03 5.69172e-17
9.77061e-03 5.69200e-17
1.05155e-02 5.69453e-17
1.13171e-02 5.69921e-17
1.21798e-02 5.68794e-17
1.31084e-02 5.68812e-17
1.41077e-02 5.69186e-17
1.51832e-02 5.69329e-17
1.63406e-02 5.69602e-17
1.75863e-02 5.69060e-17
1.89270e-02 5.68935e-17
2.03699e-02 5.69827e-17
2.19228e-02 5.69423e-17
2.35941e-02 5.68950e-17
2.53927e-02 5.69377e-17
2.73285e-02 5.69242e-17
2.94119e-02 5.69048e-17
3.16541e-02 5.68687e-17
3.40672e-02 5.69078e-17
3.66643e-02 5.69199e-17
3.94594e-02 5.70096e-17
4.24675e-02 5.69216e-17
4.57050e-02 5.69508e-17
4.91893e-02 5.69576e-17
5.29392e-02 5.70164e-17
5.69749e-02 5.69693e-17
6.13184e-02 5.70173e-17
6.59929e-02 5.69957e-17
7.10239e-02 5.69117e-17
7.64383e-02 5.69851e-17
8.22655e-02 5.70330e-17
8.85370e-02 5.69371e-17
9.52865e-02 5.69845e-17
1.02551e-01 5.70367e-17
1.10368e-01 5.70074e-17
1.18782e-01 5.70051e-17
1.27838e-01 5.70395e-17
1.37583e-01 5.70276e-17
1.48072e-01 5.69992e-17
1.59360e-01 5.70889e-17
1.71508e-01 5.70731e-17
1.84583e-01 5.70876e-17
1.98655e-01 5.71001e-17
2.13799e-01 5.71141e-17
2.30098e-01 5.71391e-17
2.47639e-01 5.71803e-17
2.66518e-01 5.71239e-17
2.86835e-01 5.72153e-17
3.08702e-01 5.71743e-17
3.32236e-01 5.72152e-17
3.57564e-01 5.72749e-17
3.84822e-01 5.72900e-17
4.14159e-01 5.72611e-17
4.45732e-01 5.74011e-17
4.79712e-01 5.73764e-17
5.16282e-01 5.74151e-17
5.55640e-01 5.74811e-17
5.97999e-01 5.75563e-17
6.43587e-01 5.75611e-17
6.92650e-01 5.75698e-17
7.45454e-01 5.76711e-17
8.02283e-01 5.78007e-17
8.63445e-01 5.78636e-17
9.29268e-01 5.78947e-17
1.00011e+00 5.80029e-17
1.07635e+00 5.80737e-17
1.15841e+00 5.82146e-17
1.24672e+00 5.83177e-17
1.34176e+00 5.86040e-17
1.44405e+00 8.26984e-17
1.55413e+00 9.09623e-17
1.67261e+00 9.09544e-17
1.80012e+00 9.17170e-17
1.93735e+00 9.20945e-17
2.08505e+00 9.25967e-17
2.24400e+00 9.26091e-17
2.41507e+00 9.27839e-17
2.59918e+00 9.31854e-17
2.79732e+00 9.34480e-17
3.01058e+00 9.32129e-17
3.24008e+00 9.38717e-17
3.48709e+00 9.41651e-17
3.75292e+00 9.46811e-17
4.03903e+00 9.47940e-17
4.34694e+00 9.55214e-17
4.67832e+00 9.55001e-17
5.03497e+00 9.61767e-17
5.41881e+00 9.68235e-17
5.83191e+00 9.76102e-17
6.27650e+00 9.80924e-17
6.75498e+00 9.88952e-17
7.26994e+00 9.95136e-17
7.82416e+00 1.00392e-16
8.42062e+00 1.01290e-16
9.06256e+00 1.02276e-16
9.75344e+00 1.03471e-16
1.04970e+01 1.04547e-16
1.12972e+01 1.05998e-16
1.21584e+01 1.07160e-16
1.30853e+01 1.08938e-16
1.40829e+01 1.10677e-16
1.51565e+01 1.12400e-16
1.63119e+01 1.14799e-16
1.75555e+01 1.17102e-16
1.88938e+01 1.20097e-16
2.03341e+01 1.23351e-16
2.18843e+01 1.26849e-16
2.35526e+01 1.30700e-16
2.53481e+01 1.35504e-16
2.72805e+01 1.40446e-16
2.93602e+01 1.46740e-16
3.15985e+01 1.53877e-16
3.40074e+01 1.61807e-16
3.65999e+01 1.70533e-16
3.93900e+01 1.79710e-16
4.23929e+01 1.88457e-16
4.56247e+01 1.92595e-16
4.91029e+01 1.83953e-16
5.28462e+01 1.49738e-16
5.68749e+01 8.10189e-17
6.12107e+01 1.29954e-17
6.58770e+01 6.40786e-21
7.08991e+01 0.00000e+00
