3.17098e-05 2.31952e-17
3.41311e-05 2.31899e-17
3.67372e-05 2.31942e-17
3.95424e-05 2.31810e-17
4.25617e-05 2.31958e-17
4.58116e-05 2.31899e-17
4.93096e-05 2.31919e-17
5.30748e-05 2.31674e-17
5.71274e-05 2.31919e-17
6.14895e-05 2.31965e-17
6.61846e-05 2.31861e-17
7.12383e-05 2.31963e-17
7.66778e-05 2.31890e-17
8.25327e-05 2.31943e-17
8.88347e-05 2.31818e-17
9.56178e-05 2.31766e-17
1.02919e-04 2.31791e-17
1.10778e-04 2.31854e-17
1.19236e-04 2.31922e-17
1.28341e-04 2.31852e-17
1.38140e-04 2.32039e-17
1.48688e-04 2.31771e-17
1.60042e-04 2.32062e-17
1.72262e-04 2.31922e-17
1.85416e-04 2.31922e-17
1.99573e-04 2.31984e-17
2.14812e-04 2.31889e-17
2.31215e-04 2.31900e-17
2.48870e-04 2.32000e-17
2.67873e-04 2.31640e-17
2.88326e-04 2.31784e-17
3.10342e-04 2.31956e-17
3.34039e-04 2.31858e-17
3.59545e-04 2.31778e-17
3.86999e-04 2.32077e-17
4.16549e-04 2.31836e-17
4.48356e-04 2.32008e-17
4.82591e-04 2.31996e-17
5.19440e-04 2.31953e-17
5.59103e-04 2.32021e-17
6.01795e-04 2.32061e-17
6.47746e-04 2.31946e-17
6.97206e-04 2.31796e-17
7.50442e-04 2.31688e-17
8.07744e-04 2.31989e-17
8.69421e-04 2.31989e-17
9.35807e-04 2.31904e-17
1.00726e-03 2.31986e-17
1.08417e-03 2.32107e-17
1.16696e-03 2.31962e-17
1.25606e-03 2.31976e-17
1.35197e-03 2.31887e-17
1.45521e-03 2.32051e-17
1.56632e-03 2.31929e-17
1.68592e-03 2.32010e-17
1.81465e-03 2.31985e-17
1.95322e-03 2.32039e-17
2.10236e-03 2.31940e-17
2.26289e-03 2.32020e-17
2.43567e-03 2.31880e-17
2.62166e-03 2.32183e-17
2.82184e-03 2.31907e-17
3.03731e-03 2.31910e-17
3.26923e-03 2.32057e-17
3.51885e-03 2.32037e-17
3.78754e-03 2.32040e-17
4.07675e-03 2.32082e-17
4.38804e-03 2.31945e-17
4.72310e-03 2.32037e-17
5.08374e-03 2.32186e-17
5.47192e-03 2.32135e-17
5.88974e-03 2.32089e-17
6.33946e-03 2.32113e-17
6.82352e-03 2.32085e-17
7.34455e-03 2.31881e-17
7.90535e-03 2.32216e-17
8.50898e-03 2.32173e-17
9.15870e-03 2.31972e-17
9.85804e-03 2.32131e-17
1.06108e-02 2.32258e-17
1.14210e-02 2.32390e-17
1.22930e-02 2.32314e-17
1.32317e-02 2.32497e-17
1.42420e-02 2.32139e-17
1.53295e-02 2.32349e-17
1.65000e-02 2.32427e-17
1.77599e-02 2.32630e-17
1.91160e-02 2.32614e-17
2.05757e-02 2.32552e-17
2.21468e-02 2.32514e-17
2.38378e-02 2.32774e-17
2.56580e-02 2.32636e-17
2.76172e-02 2.32663e-17
2.97260e-02 2.32766e-17
3.19958e-02 2.32864e-17
3.44389e-02 2.32873e-17
3.70685e-02 2.32980e-17
3.98989e-02 2.33154e-17
4.29455e-02 2.32991e-17
4.62247e-02 2.33151e-17
4.97543e-02 2.33418e-17
5.35534e-02 2.33459e-17
5.76426e-02 2.33847e-17
6.20440e-02 2.33658e-17
6.67815e-02 2.33926e-17
7.18807e-02 2.34007e-17
7.73693e-02 2.34228e-17
8.32770e-02 2.34429e-17
8.96358e-02 2.34622e-17
9.64801e-02 2.34769e-17
1.03847e-01 2.35080e-17
1.11777e-01 2.35298e-17
1.20311e-01 2.35400e-17
1.29498e-01 2.35703e-17
1.39386e-01 2.36151e-17
1.50029e-01 2.36417e-17
1.61485e-01 2.36494e-17
1.73816e-01 2.37284e-17
1.87088e-01 2.37639e-17
2.01373e-01 2.37881e-17
2.16749e-01 2.38429e-17
2.33300e-01 2.38937e-17
2.51114e-01 2.39351e-17
2.70288e-01 2.40010e-17
2.90927e-01 2.40444e-17
3.13141e-01 2.41479e-17
3.37051e-01 2.42264e-17
3.62788e-01 2.42794e-17
3.90489e-01 2.43825e-17
4.20306e-01 2.44871e-17
4.52399e-01 2.45778e-17
4.86943e-01 2.46979e-17
5.24125e-01 2.48234e-17
5.64145e-01 2.49546e-17
6.07222e-01 2.51013e-17
6.53587e-01 2.52835e-17
7.03493e-01 2.54659e-17
7.57210e-01 2.56883e-17
8.15028e-01 2.59202e-17
8.77262e-01 2.61981e-17
9.44247e-01 2.65456e-17
1.01635e+00 2.69603e-17
1.09395e+00 2.74694e-17
1.17748e+00 2.81677e-17
1.26739e+00 2.92470e-17
1.36417e+00 3.14423e-17
1.46833e+00 4.49476e-17
1.58045e+00 4.17938e-17
1.70113e+00 4.02468e-17
1.83102e+00 3.90967e-17
1.97083e+00 3.81391e-17
2.12132e+00 3.73876e-17
2.28329e+00 3.65146e-17
2.45764e+00 3.59119e-17
2.64530e+00 3.52309e-17
2.84729e+00 3.46121e-17
3.06470e+00 3.39973e-17
3.29871e+00 3.34192e-17
3.55059e+00 3.28218e-17
3.82170e+00 3.22768e-17
4.11351e+00 3.18006e-17
4.42761e+00 3.11939e-17
4.76569e+00 3.06488e-17
5.12958e+00 3.01216e-17
5.52126e+00 2.95928e-17
5.94285e+00 2.90835e-17
6.39663e+00 2.85603e-17
6.88506e+00 2.80547e-17
7.41078e+00 2.75321e-17
7.97664e+00 2.70087e-17
8.58572e+00 2.64876e-17
9.24130e+00 2.59590e-17
9.94694e+00 2.54081e-17
1.07065e+01 2.48525e-17
1.15240e+01 2.43171e-17
1.24039e+01 2.37483e-17
1.33510e+01 2.31736e-17
1.43705e+01 2.25618e-17
1.54678e+01 2.19442e-17
1.66488e+01 2.13027e-17
1.79201e+01 2.06518e-17
1.92884e+01 1.99268e-17
2.07612e+01 1.92211e-17
2.23465e+01 1.84353e-17
2.40528e+01 1.76224e-17
2.58894e+01 1.67179e-17
2.78663e+01 1.58027e-17
2.99940e+01 1.47514e-17
3.22843e+01 1.36599e-17
3.47494e+01 1.24376e-17
3.74028e+01 1.10804e-17
4.02588e+01 9.54823e-18
4.33328e+01 7.82518e-18
4.66416e+01 5.86071e-18
5.02030e+01 3.75734e-18
5.40363e+01 1.79113e-18
5.81624e+01 4.63515e-19
6.26035e+01 2.47133e-20
6.73837e+01 1.70149e-24
7.25290e+01 0.00000e+00
