3.17098e-05 2.21941e-17
3.41349e-05 2.21848e-17
3.67454e-05 2.21808e-17
3.95556e-05 2.21790e-17
4.25807e-05 2.22103e-17
4.58372e-05 2.21720e-17
4.93427e-05 2.21774e-17
5.31163e-05 2.21722e-17
5.71784e-05 2.21996e-17
6.15513e-05 2.22040e-17
6.62586e-05 2.21931e-17
7.13259e-05 2.21739e-17
7.67807e-05 2.21832e-17
8.26526e-05 2.21694e-17
8.89737e-05 2.21806e-17
9.57782e-05 2.21726e-17
1.03103e-04 2.21740e-17
1.10988e-04 2.21717e-17
1.19476e-04 2.21799e-17
1.28613e-04 2.21905e-17
1.38449e-04 2.21781e-17
1.49038e-04 2.21931e-17
1.60436e-04 2.21821e-17
1.72705e-04 2.22043e-17
1.85913e-04 2.22139e-17
2.00131e-04 2.21945e-17
2.15437e-04 2.21814e-17
2.31913e-04 2.21809e-17
2.49649e-04 2.21889e-17
2.68741e-04 2.21956e-17
2.89294e-04 2.22061e-17
3.11418e-04 2.21785e-17
3.35235e-04 2.21742e-17
3.60873e-04 2.21916e-17
3.88471e-04 2.21672e-17
4.18181e-04 2.21898e-17
4.50162e-04 2.21733e-17
4.84589e-04 2.21836e-17
5.21649e-04 2.21821e-17
5.61543e-04 2.21896e-17
6.04489e-04 2.22002e-17
6.50718e-04 2.21763e-17
7.00484e-04 2.21829e-17
7.54055e-04 2.21678e-17
8.11723e-04 2.21858e-17
8.73801e-04 2.21993e-17
9.40627e-04 2.21728e-17
1.01256e-03 2.21742e-17
1.09000e-03 2.21999e-17
1.17336e-03 2.21977e-17
1.26310e-03 2.21801e-17
1.35970e-03 2.21872e-17
1.46368e-03 2.21887e-17
1.57562e-03 2.21917e-17
1.69612e-03 2.21648e-17
1.82583e-03 2.21638e-17
1.96547e-03 2.22067e-17
2.11578e-03 2.21918e-17
2.27759e-03 2.21765e-17
2.45178e-03 2.21782e-17
2.63928e-03 2.21895e-17
2.84113e-03 2.21765e-17
3.05841e-03 2.21995e-17
3.29231e-03 2.21889e-17
3.54409e-03 2.22037e-17
3.81514e-03 2.21983e-17
4.10691e-03 2.21793e-17
4.42099e-03 2.21993e-17
4.75910e-03 2.21981e-17
5.12306e-03 2.22028e-17
5.51486e-03 2.21949e-17
5.93662e-03 2.22151e-17
6.39064e-03 2.22021e-17
6.87938e-03 2.22139e-17
7.40549e-03 2.21957e-17
7.97184e-03 2.22000e-17
8.58151e-03 2.22118e-17
9.23780e-03 2.22105e-17
9.94428e-03 2.22004e-17
1.07048e-02 2.22160e-17
1.15235e-02 2.22077e-17
1.24047e-02 2.22066e-17
1.33534e-02 2.22237e-17
1.43747e-02 2.22103e-17
1.54740e-02 2.22109e-17
1.66574e-02 2.22361e-17
1.79313e-02 2.22365e-17
1.93027e-02 2.22381e-17
2.07789e-02 2.22302e-17
2.23680e-02 2.22558e-17
2.40786e-02 2.22389e-17
2.59201e-02 2.22483e-17
2.79024e-02 2.22718e-17
3.00363e-02 2.22817e-17
3.23334e-02 2.22815e-17
3.48062e-02 2.22611e-17
3.74680e-02 2.22830e-17
4.03335e-02 2.22977e-17
4.34181e-02 2.23104e-17
4.67386e-02 2.23336e-17
5.03130e-02 2.23123e-17
5.41608e-02 2.23234e-17
5.83029e-02 2.23517e-17
6.27618e-02 2.23537e-17
6.75616e-02 2.23657e-17
7.27285e-02 2.23857e-17
7.82906e-02 2.23950e-17
8.42781e-02 2.24169e-17
9.07234e-02 2.24334e-17
9.76617e-02 2.24482e-17
1.05131e-01 2.24699e-17
1.13171e-01 2.24964e-17
1.21826e-01 2.25302e-17
1.31143e-01 2.25448e-17
1.41172e-01 2.25830e-17
1.51969e-01 2.26050e-17
1.63591e-01 2.26576e-17
1.76102e-01 2.26885e-17
1.89569e-01 2.27138e-17
2.04067e-01 2.27616e-17
2.19674e-01 2.27858e-17
2.36474e-01 2.28223e-17
2.54559e-01 2.28941e-17
2.74027e-01 2.29753e-17
2.94983e-01 2.30028e-17
3.17543e-01 2.30717e-17
3.41828e-01 2.31369e-17
3.67970e-01 2.32275e-17
3.96111e-01 2.32969e-17
4.26405e-01 2.33983e-17
4.59015e-01 2.34904e-17
4.94119e-01 2.35917e-17
5.31908e-01 2.37282e-17
5.72587e-01 2.38317e-17
6.16377e-01 2.39868e-17
6.63515e-01 2.41487e-17
7.14259e-01 2.43162e-17
7.68884e-01 2.45158e-17
8.27686e-01 2.47392e-17
8.90985e-01 2.50109e-17
9.59125e-01 2.53129e-17
1.03248e+00 2.56814e-17
1.11144e+00 2.61557e-17
1.19644e+00 2.68109e-17
1.28794e+00 2.77509e-17
1.38644e+00 2.96872e-17
1.49247e+00 4.31952e-17
1.60661e+00 3.99120e-17
1.72948e+00 3.82201e-17
1.86174e+00 3.71862e-17
2.00412e+00 3.63781e-17
2.15739e+00 3.55202e-17
2.32238e+00 3.47992e-17
2.49999e+00 3.41395e-17
2.69119e+00 3.34527e-17
2.89700e+00 3.28869e-17
3.11855e+00 3.23437e-17
3.35705e+00 3.18235e-17
3.61379e+00 3.11228e-17
3.89016e+00 3.06681e-17
4.18767e+00 3.01183e-17
4.50794e+00 2.96339e-17
4.85269e+00 2.91043e-17
5.22381e+00 2.86537e-17
5.62331e+00 2.80975e-17
6.05337e+00 2.76529e-17
6.51631e+00 2.71605e-17
7.01466e+00 2.66793e-17
7.55113e+00 2.61525e-17
8.12862e+00 2.56423e-17
8.75027e+00 2.51697e-17
9.41947e+00 2.46674e-17
1.01398e+01 2.41361e-17
1.09153e+01 2.36513e-17
1.17501e+01 2.31041e-17
1.26487e+01 2.25655e-17
1.36160e+01 2.20150e-17
1.46574e+01 2.14608e-17
1.57783e+01 2.08617e-17
1.69850e+01 2.02682e-17
1.82840e+01 1.96216e-17
1.96823e+01 1.89829e-17
2.11875e+01 1.82590e-17
2.28079e+01 1.75369e-17
2.45522e+01 1.67235e-17
2.64298e+01 1.58972e-17
2.84511e+01 1.49924e-17
3.06270e+01 1.40293e-17
3.29693e+01 1.29720e-17
3.54907e+01 1.18213e-17
3.82049e+01 1.05296e-17
4.11267e+01 9.07838e-18
4.42720e+01 7.45064e-18
4.76578e+01 5.57544e-18
5.13025e+01 3.57704e-18
5.52260e+01 1.71104e-18
5.94495e+01 4.44235e-19
6.39960e+01 2.37653e-20
6.88903e+01 1.66335e-24
7.41588e+01 0.00000e+00
