3.17098e-05 5.20383e-17
3.41349e-05 5.19826e-17
3.67454e-05 5.20340e-17
3.95556e-05 5.19856e-17
4.25807e-05 5.20061e-17
4.58372e-05 5.20719e-17
4.93427e-05 5.19388e-17
5.31163e-05 5.20411e-17
5.71784e-05 5.20559e-17
6.15513e-05 5.20149e-17
6.62586e-05 5.19855e-17
7.13259e-05 5.20184e-17
7.67807e-05 5.19904e-17
8.26526e-05 5.20091e-17
8.89737e-05 5.19604e-17
9.57782e-05 5.19972e-17
1.03103e-04 5.20027e-17
1.10988e-04 5.20853e-17
1.19476e-04 5.20058e-17
1.28613e-04 5.19905e-17
1.38449e-04 5.20257e-17
1.49038e-04 5.20111e-17
1.60436e-04 5.19992e-17
1.72705e-04 5.19980e-17
1.85913e-04 5.20063e-17
2.00131e-04 5.20222e-17
2.15437e-04 5.19842e-17
2.31913e-04 5.20043e-17
2.49649e-04 5.20273e-17
2.68741e-04 5.20243e-17
2.89294e-04 5.19767e-17
3.11418e-04 5.20143e-17
3.35235e-04 5.20018e-17
3.60873e-04 5.20405e-17
3.88471e-04 5.20196e-17
4.18181e-04 5.20537e-17
4.50162e-04 5.20240e-17
4.84589e-04 5.20389e-17
5.21649e-04 5.20423e-17
5.61543e-04 5.20756e-17
6.04489e-04 5.20178e-17
6.50718e-04 5.20176e-17
7.00484e-04 5.20345e-17
7.54055e-04 5.20305e-17
8.11723e-04 5.20572e-17
8.73801e-04 5.20037e-17
9.40627e-04 5.20293e-17
1.01256e-03 5.20025e-17
1.09000e-03 5.20016e-17
1.17336e-03 5.19765e-17
1.26310e-03 5.19833e-17
1.35970e-03 5.20010e-17
1.46368e-03 5.19844e-17
1.57562e-03 5.20198e-17
1.69612e-03 5.20631e-17
1.82583e-03 5.20435e-17
1.96547e-03 5.20413e-17
2.11578e-03 5.20278e-17
2.27759e-03 5.19757e-17
2.45178e-03 5.19723e-17
2.63928e-03 5.19959e-17
2.84113e-03 5.19470e-17
3.05841e-03 5.20269e-17
3.29231e-03 5.20161e-17
3.54409e-03 5.20285e-17
3.81514e-03 5.20548e-17
4.10691e-03 5.20373e-17
4.42099e-03 5.19447e-17
4.75910e-03 5.20047e-17
5.12306e-03 5.20299e-17
5.51486e-03 5.19879e-17
5.93662e-03 5.19735e-17
6.39064e-03 5.19847e-17
6.87938e-03 5.19954e-17
7.40549e-03 5.20285e-17
7.97184e-03 5.20458e-17
8.58151e-03 5.20091e-17
9.23780e-03 5.20351e-17
9.94428e-03 5.20390e-17
1.07048e-02 5.20386e-17
1.15235e-02 5.20583e-17
1.24047e-02 5.20022e-17
1.33534e-02 5.20139e-17
1.43747e-02 5.20062e-17
1.54740e-02 5.20371e-17
1.66574e-02 5.19927e-17
1.79313e-02 5.20264e-17
1.93027e-02 5.19713e-17
2.07789e-02 5.20245e-17
2.23680e-02 5.20262e-17
2.40786e-02 5.20247e-17
2.59201e-02 5.20382e-17
2.79024e-02 5.20380e-17
3.00363e-02 5.20323e-17
3.23334e-02 5.20686e-17
3.48062e-02 5.20438e-17
3.74680e-02 5.20088e-17
4.03335e-02 5.20535e-17
4.34181e-02 5.20961e-17
4.67386e-02 5.20389e-17
5.03130e-02 5.19883e-17
5.41608e-02 5.20499e-17
5.83029e-02 5.20799e-17
6.27618e-02 5.20904e-17
6.75616e-02 5.20660e-17
7.27285e-02 5.20934e-17
7.82906e-02 5.21015e-17
8.42781e-02 5.21059e-17
9.07234e-02 5.20754e-17
9.76617e-02 5.20842e-17
1.05131e-01 5.21279e-17
1.13171e-01 5.21057e-17
1.21826e-01 5.21145e-17
1.31143e-01 5.21608e-17
1.41172e-01 5.21167e-17
1.51969e-01 5.21659e-17
1.63591e-01 5.22013e-17
1.76102e-01 5.21719e-17
1.89569e-01 5.21964e-17
2.04067e-01 5.22040e-17
2.19674e-01 5.21979e-17
2.36474e-01 5.22281e-17
2.54559e-01 5.22633e-17
2.74027e-01 5.22091e-17
2.94983e-01 5.22835e-17
3.17543e-01 5.22888e-17
3.41828e-01 5.23043e-17
3.67970e-01 5.23244e-17
3.96111e-01 5.23388e-17
4.26405e-01 5.23759e-17
4.59015e-01 5.24394e-17
4.94119e-01 5.24646e-17
5.31908e-01 5.24781e-17
5.72587e-01 5.24942e-17
6.16377e-01 5.25172e-17
6.63515e-01 5.26255e-17
7.14259e-01 5.26462e-17
7.68884e-01 5.27166e-17
8.27686e-01 5.27642e-17
8.90985e-01 5.27998e-17
9.59125e-01 5.29153e-17
1.03248e+00 5.29652e-17
1.11144e+00 5.30160e-17
1.19644e+00 5.31814e-17
1.28794e+00 5.32808e-17
1.38644e+00 5.34691e-17
1.49247e+00 6.07402e-17
1.60661e+00 8.26733e-17
1.72948e+00 8.30223e-17
1.86174e+00 8.27236e-17
2.00412e+00 8.30620e-17
2.15739e+00 8.33489e-17
2.32238e+00 8.34142e-17
2.49999e+00 8.35045e-17
2.69119e+00 8.39029e-17
2.89700e+00 8.41173e-17
3.11855e+00 8.44725e-17
3.35705e+00 8.47586e-17
3.61379e+00 8.48795e-17
3.89016e+00 8.51900e-17
4.18767e+00 8.57404e-17
4.50794e+00 8.59447e-17
4.85269e+00 8.62664e-17
5.22381e+00 8.67499e-17
5.62331e+00 8.73277e-17
6.05337e+00 8.76766e-17
6.51631e+00 8.84232e-17
7.01466e+00 8.91126e-17
7.55113e+00 8.96598e-17
8.12862e+00 9.03282e-17
8.75027e+00 9.12484e-17
9.41947e+00 9.21120e-17
1.01398e+01 9.30863e-17
1.09153e+01 9.42342e-17
1.17501e+01 9.54379e-17
1.26487e+01 9.65809e-17
1.36160e+01 9.80197e-17
1.46574e+01 9.96542e-17
1.57783e+01 1.01496e-16
1.69850e+01 1.03383e-16
1.82840e+01 1.05632e-16
1.96823e+01 1.08124e-16
2.11875e+01 1.10694e-16
2.28079e+01 1.14085e-16
2.45522e+01 1.17924e-16
2.64298e+01 1.21921e-16
2.84511e+01 1.26545e-16
3.06270e+01 1.31858e-16
3.29693e+01 1.38146e-16
3.54907e+01 1.45242e-16
3.82049e+01 1.53347e-16
4.11267e+01 1.62071e-16
4.42720e+01 1.69694e-16
4.76578e+01 1.73418e-16
5.13025e+01 1.66126e-16
5.52260e+01 1.35348e-16
5.94495e+01 7.36511e-17
6.39960e+01 1.19336e-17
6.88903e+01 6.06196e-21
7.41588e+01 0.00000e+00
