# seconds  flux
5.00000e+00  2.20364e+12
5.38836e+00  2.20313e+12
5.80688e+00  2.20309e+12
6.25792e+00  2.20360e+12
6.74398e+00  2.20332e+12
7.26780e+00  2.20376e+12
7.83230e+00  2.20366e+12
8.44065e+00  2.20366e+12
9.09625e+00  2.20335e+12
9.80277e+00  2.20360e+12
1.05642e+01  2.20352e+12
1.13847e+01  2.20341e+12
1.22690e+01  2.20335e+12
1.32219e+01  2.20339e+12
1.42489e+01  2.20352e+12
1.53557e+01  2.20343e+12
1.65484e+01  2.20370e+12
1.78337e+01  2.20350e+12
1.92189e+01  2.20377e+12
2.07116e+01  2.20377e+12
2.23204e+01  2.20343e+12
2.40540e+01  2.20364e+12
2.59223e+01  2.20351e+12
2.79358e+01  2.20365e+12
3.01056e+01  2.20366e+12
3.24440e+01  2.20380e+12
3.49639e+01  2.20396e+12
3.76797e+01  2.20386e+12
4.06063e+01  2.20352e+12
4.37603e+01  2.20353e+12
4.71592e+01  2.20352e+12
5.08222e+01  2.20379e+12
5.47696e+01  2.20411e+12
5.90237e+01  2.20395e+12
6.36082e+01  2.20351e+12
6.85487e+01  2.20397e+12
7.38730e+01  2.20379e+12
7.96109e+01  2.20402e+12
8.57944e+01  2.20425e+12
9.24582e+01  2.20385e+12
9.96396e+01  2.20404e+12
1.07379e+02  2.20384e+12
1.15719e+02  2.20407e+12
1.24707e+02  2.20408e+12
1.34394e+02  2.20408e+12
1.44832e+02  2.20431e+12
1.56081e+02  2.20421e+12
1.68205e+02  2.20471e+12
1.81269e+02  2.20436e+12
1.95349e+02  2.20478e+12
2.10522e+02  2.20469e+12
2.26874e+02  2.20451e+12
2.44495e+02  2.20447e+12
2.63486e+02  2.20492e+12
2.83951e+02  2.20495e+12
3.06006e+02  2.20545e+12
3.29774e+02  2.20522e+12
3.55389e+02  2.20546e+12
3.82992e+02  2.20544e+12
4.12740e+02  2.20551e+12
4.44798e+02  2.20604e+12
4.79347e+02  2.20574e+12
5.16578e+02  2.20671e+12
5.56702e+02  2.20673e+12
5.99942e+02  2.20712e+12
6.46541e+02  2.20760e+12
6.96759e+02  2.20763e+12
7.50877e+02  2.20805e+12
8.09199e+02  2.20884e+12
8.72051e+02  2.20951e+12
9.39785e+02  2.20985e+12
1.01278e+03  2.21068e+12
1.09144e+03  2.21187e+12
1.17622e+03  2.21295e+12
1.26758e+03  2.21450e+12
1.36603e+03  2.21634e+12
1.47214e+03  2.21879e+12
1.58648e+03  2.22349e+12
1.70970e+03  2.23206e+12
1.84250e+03  2.26129e+12
1.98561e+03  2.51469e+17
2.13984e+03  3.13834e+14
2.30604e+03  2.68275e+17
2.48516e+03  2.02795e+15
2.67818e+03  1.16045e+17
2.88620e+03  8.11239e+16
3.11038e+03  7.99876e+15
3.35197e+03  7.37955e+16
3.61232e+03  6.23440e+16
3.89290e+03  5.33936e+16
4.19527e+03  4.61720e+16
4.52112e+03  4.01013e+16
4.87229e+03  3.54320e+16
5.25073e+03  3.14816e+16
5.65856e+03  2.80717e+16
6.09807e+03  2.50495e+16
6.57172e+03  2.25204e+16
7.08216e+03  2.02451e+16
7.63224e+03  1.83112e+16
8.22505e+03  1.65849e+16
8.86391e+03  1.50638e+16
9.55238e+03  1.36864e+16
1.02943e+04  1.24737e+16
1.10939e+04  1.13765e+16
1.19556e+04  1.04141e+16
1.28842e+04  9.51582e+15
1.38850e+04  8.72570e+15
1.49634e+04  8.00039e+15
1.61257e+04  7.33880e+15
1.73782e+04  6.75579e+15
1.87280e+04  6.20589e+15
2.01826e+04  5.71070e+15
2.17502e+04  5.26479e+15
2.34396e+04  4.84393e+15
2.52602e+04  4.46846e+15
2.72222e+04  4.12027e+15
2.93366e+04  3.80396e+15
3.16152e+04  3.51216e+15
3.40709e+04  3.24245e+15
3.67172e+04  2.99955e+15
3.95691e+04  2.77232e+15
4.26425e+04  2.56380e+15
4.59546e+04  2.36921e+15
4.95240e+04  2.19276e+15
5.33706e+04  2.02881e+15
5.75160e+04  1.87626e+15
6.19834e+04  1.73758e+15
6.67978e+04  1.60926e+15
7.19861e+04  1.48980e+15
7.75774e+04  1.38029e+15
8.36030e+04  1.27839e+15
9.00966e+04  1.18489e+15
9.70946e+04  1.09841e+15
1.04636e+05  1.01685e+15
1.12763e+05  9.43091e+14
1.21522e+05  8.73541e+14
1.30961e+05  8.10484e+14
1.41133e+05  7.51813e+14
1.52095e+05  6.97124e+14
1.63908e+05  6.46107e+14
1.76639e+05  6.00014e+14
1.90359e+05  5.56542e+14
2.05145e+05  5.15917e+14
2.21079e+05  4.78563e+14
2.38250e+05  4.43942e+14
2.56756e+05  4.12106e+14
2.76698e+05  3.82495e+14
2.98190e+05  3.55109e+14
3.21351e+05  3.29400e+14
3.46311e+05  3.05957e+14
3.73210e+05  2.83962e+14
4.02198e+05  2.63802e+14
4.33437e+05  2.44892e+14
4.67103e+05  2.27517e+14
5.03384e+05  2.11307e+14
5.42482e+05  1.96340e+14
5.84618e+05  1.82367e+14
6.30026e+05  1.69555e+14
6.78962e+05  1.57511e+14
7.31698e+05  1.46494e+14
7.88530e+05  1.36136e+14
8.49777e+05  1.26621e+14
9.15781e+05  1.17770e+14
9.86911e+05  1.09621e+14
1.06357e+06  1.01996e+14
1.14618e+06  9.49809e+13
1.23520e+06  8.84595e+13
1.33114e+06  8.24516e+13
1.43453e+06  7.68111e+13
1.54596e+06  7.16174e+13
1.66603e+06  6.68293e+13
1.79544e+06  6.24095e+13
1.93489e+06  5.82925e+13
2.08518e+06  5.44958e+13
2.24714e+06  5.09639e+13
2.42168e+06  4.77307e+13
2.60978e+06  4.47478e+13
2.81248e+06  4.19861e+13
3.03093e+06  3.94485e+13
3.26635e+06  3.71265e+13
3.52005e+06  3.49957e+13
3.79346e+06  3.30320e+13
4.08811e+06  3.12552e+13
4.40564e+06  2.96239e+13
4.74783e+06  2.81407e+13
5.11661e+06  2.67763e+13
5.51402e+06  2.55301e+13
5.94231e+06  2.43379e+13
6.40386e+06  2.31834e+13
6.90126e+06  2.19587e+13
7.43729e+06  2.05561e+13
8.01496e+06  1.87910e+13
8.63750e+06  1.64163e+13
9.30839e+06  1.31854e+13
1.00314e+07  9.02203e+12
1.08105e+07  4.46869e+12
1.16502e+07  1.06102e+12
1.25551e+07  3.18466e+10
1.35303e+07  9.39440e+04
1.45812e+07  0.00000e+00
