3.17098e-05 1.83648e-17
3.41511e-05 1.83730e-17
3.67803e-05 1.83765e-17
3.96119e-05 1.83678e-17
4.26615e-05 1.83663e-17
4.59459e-05 1.83882e-17
4.94832e-05 1.83804e-17
5.32928e-05 1.83742e-17
5.73956e-05 1.83757e-17
6.18144e-05 1.83716e-17
6.65733e-05 1.83619e-17
7.16987e-05 1.83650e-17
7.72186e-05 1.83847e-17
8.31634e-05 1.83630e-17
8.95660e-05 1.83699e-17
9.64615e-05 1.83700e-17
1.03888e-04 1.83811e-17
1.11886e-04 1.83729e-17
1.20500e-04 1.83706e-17
1.29777e-04 1.83793e-17
1.39768e-04 1.83701e-17
1.50528e-04 1.83822e-17
1.62117e-04 1.83723e-17
1.74598e-04 1.83729e-17
1.88040e-04 1.83634e-17
2.02517e-04 1.83556e-17
2.18108e-04 1.83630e-17
2.34900e-04 1.83727e-17
2.52984e-04 1.83596e-17
2.72460e-04 1.83612e-17
2.93437e-04 1.83646e-17
3.16028e-04 1.83857e-17
3.40358e-04 1.83782e-17
3.66561e-04 1.83735e-17
3.94782e-04 1.83813e-17
4.25175e-04 1.83743e-17
4.57908e-04 1.83652e-17
4.93161e-04 1.83601e-17
5.31129e-04 1.83859e-17
5.72019e-04 1.83698e-17
6.16057e-04 1.83746e-17
6.63486e-04 1.83715e-17
7.14566e-04 1.83710e-17
7.69579e-04 1.83745e-17
8.28827e-04 1.83715e-17
8.92636e-04 1.83723e-17
9.61358e-04 1.83573e-17
1.03537e-03 1.83868e-17
1.11508e-03 1.83952e-17
1.20093e-03 1.83636e-17
1.29339e-03 1.83637e-17
1.39296e-03 1.83649e-17
1.50020e-03 1.83720e-17
1.61570e-03 1.83788e-17
1.74009e-03 1.83762e-17
1.87405e-03 1.83754e-17
2.01833e-03 1.83962e-17
2.17372e-03 1.83750e-17
2.34107e-03 1.83814e-17
2.52130e-03 1.83950e-17
2.71541e-03 1.83775e-17
2.92446e-03 1.83845e-17
3.14961e-03 1.83874e-17
3.39209e-03 1.83867e-17
3.65324e-03 1.83916e-17
3.93449e-03 1.83847e-17
4.23740e-03 1.83915e-17
4.56362e-03 1.84017e-17
4.91497e-03 1.83980e-17
5.29336e-03 1.84081e-17
5.70088e-03 1.83996e-17
6.13978e-03 1.84062e-17
6.61246e-03 1.84053e-17
7.12154e-03 1.84019e-17
7.66981e-03 1.84167e-17
8.26029e-03 1.84270e-17
8.89623e-03 1.84246e-17
9.58113e-03 1.84259e-17
1.03188e-02 1.84198e-17
1.11132e-02 1.84323e-17
1.19688e-02 1.84425e-17
1.28902e-02 1.84442e-17
1.38826e-02 1.84515e-17
1.49514e-02 1.84566e-17
1.61024e-02 1.84655e-17
1.73421e-02 1.84662e-17
1.86773e-02 1.84778e-17
2.01152e-02 1.84824e-17
2.16638e-02 1.85057e-17
2.33316e-02 1.84971e-17
2.51279e-02 1.85184e-17
2.70624e-02 1.85111e-17
2.91459e-02 1.85526e-17
3.13898e-02 1.85594e-17
3.38064e-02 1.85518e-17
3.64090e-02 1.85597e-17
3.92121e-02 1.86115e-17
4.22309e-02 1.86056e-17
4.54822e-02 1.86341e-17
4.89838e-02 1.86479e-17
5.27549e-02 1.86681e-17
5.68164e-02 1.87076e-17
6.11905e-02 1.87133e-17
6.59014e-02 1.87656e-17
7.09750e-02 1.87728e-17
7.64392e-02 1.88190e-17
8.23241e-02 1.88548e-17
8.86620e-02 1.88861e-17
9.54879e-02 1.89229e-17
1.02839e-01 1.89759e-17
1.10757e-01 1.90236e-17
1.19283e-01 1.90823e-17
1.28467e-01 1.91251e-17
1.38357e-01 1.92133e-17
1.49009e-01 1.92658e-17
1.60481e-01 1.93577e-17
1.72836e-01 1.94364e-17
1.86142e-01 1.95114e-17
2.00473e-01 1.96230e-17
2.15907e-01 1.97382e-17
2.32529e-01 1.98546e-17
2.50431e-01 1.99848e-17
2.69711e-01 2.01231e-17
2.90475e-01 2.02977e-17
3.12838e-01 2.04658e-17
3.36923e-01 2.06892e-17
3.62861e-01 2.08894e-17
3.90797e-01 2.11400e-17
4.20884e-01 2.14465e-17
4.53287e-01 2.17535e-17
4.88184e-01 2.21035e-17
5.25768e-01 2.25371e-17
5.66246e-01 2.30126e-17
6.09840e-01 2.35241e-17
6.56790e-01 2.41611e-17
7.07354e-01 2.49279e-17
7.61812e-01 2.58297e-17
8.20462e-01 2.69291e-17
8.83627e-01 2.82362e-17
9.51656e-01 2.99108e-17
1.02492e+00 3.20588e-17
1.10383e+00 3.47739e-17
1.18881e+00 3.83853e-17
1.28033e+00 4.30947e-17
1.37890e+00 4.96621e-17
1.48506e+00 6.01528e-17
1.59939e+00 1.29338e-16
1.72252e+00 1.30343e-16
1.85514e+00 1.21486e-16
1.99796e+00 1.16215e-16
2.15178e+00 1.12063e-16
2.31744e+00 1.08870e-16
2.49585e+00 1.05830e-16
2.68800e+00 1.03370e-16
2.89494e+00 1.01322e-16
3.11782e+00 9.91922e-17
3.35785e+00 9.72184e-17
3.61637e+00 9.55330e-17
3.89478e+00 9.39403e-17
4.19463e+00 9.22351e-17
4.51756e+00 9.05114e-17
4.86536e+00 8.91863e-17
5.23993e+00 8.76528e-17
5.64334e+00 8.63007e-17
6.07781e+00 8.48592e-17
6.54573e+00 8.34337e-17
7.04967e+00 8.21665e-17
7.59240e+00 8.08162e-17
8.17692e+00 7.92804e-17
8.80644e+00 7.78977e-17
9.48443e+00 7.66554e-17
1.02146e+01 7.52343e-17
1.10010e+01 7.38591e-17
1.18480e+01 7.23459e-17
1.27601e+01 7.09179e-17
1.37425e+01 6.94921e-17
1.48005e+01 6.78870e-17
1.59399e+01 6.62993e-17
1.71671e+01 6.45259e-17
1.84887e+01 6.27009e-17
1.99122e+01 6.09158e-17
2.14451e+01 5.89060e-17
2.30962e+01 5.67959e-17
2.48743e+01 5.44558e-17
2.67893e+01 5.21269e-17
2.88517e+01 4.94417e-17
3.10729e+01 4.65941e-17
3.34652e+01 4.34769e-17
3.60416e+01 4.01136e-17
3.88163e+01 3.63687e-17
4.18047e+01 3.21521e-17
4.50231e+01 2.75965e-17
4.84894e+01 2.24652e-17
5.22224e+01 1.67154e-17
5.62429e+01 1.06644e-17
6.05729e+01 5.07875e-18
6.52363e+01 1.32486e-18
7.02587e+01 7.19772e-20
7.56677e+01 5.36417e-24
8.14932e+01 0.00000e+00
