3.17098e-05 4.30811e-17
3.41511e-05 4.30709e-17
3.67803e-05 4.30156e-17
3.96119e-05 4.30629e-17
4.26615e-05 4.30712e-17
4.59459e-05 4.30229e-17
4.94832e-05 4.30805e-17
5.32928e-05 4.30933e-17
5.73956e-05 4.30535e-17
6.18144e-05 4.31097e-17
6.65733e-05 4.30727e-17
7.16987e-05 4.30899e-17
7.72186e-05 4.30329e-17
8.31634e-05 4.31573e-17
8.95660e-05 4.31137e-17
9.64615e-05 4.30722e-17
1.03888e-04 4.30865e-17
1.11886e-04 4.30418e-17
1.20500e-04 4.31256e-17
1.29777e-04 4.31047e-17
1.39768e-04 4.30603e-17
1.50528e-04 4.31181e-17
1.62117e-04 4.30373e-17
1.74598e-04 4.30632e-17
1.88040e-04 4.30704e-17
2.02517e-04 4.30961e-17
2.18108e-04 4.30449e-17
2.34900e-04 4.30335e-17
2.52984e-04 4.30633e-17
2.72460e-04 4.30900e-17
2.93437e-04 4.30734e-17
3.16028e-04 4.30457e-17
3.40358e-04 4.30592e-17
3.66561e-04 4.31055e-17
3.94782e-04 4.30403e-17
4.25175e-04 4.30788e-17
4.57908e-04 4.30780e-17
4.93161e-04 4.31057e-17
5.31129e-04 4.30860e-17
5.72019e-04 4.30849e-17
6.16057e-04 4.31153e-17
6.63486e-04 4.30962e-17
7.14566e-04 4.30803e-17
7.69579e-04 4.31101e-17
8.28827e-04 4.30920e-17
8.92636e-04 4.30983e-17
9.61358e-04 4.31154e-17
1.03537e-03 4.30490e-17
1.11508e-03 4.30276e-17
1.20093e-03 4.30501e-17
1.29339e-03 4.30566e-17
1.39296e-03 4.30665e-17
1.50020e-03 4.30791e-17
1.61570e-03 4.31125e-17
1.74009e-03 4.31376e-17
1.87405e-03 4.30666e-17
2.01833e-03 4.30480e-17
2.17372e-03 4.30588e-17
2.34107e-03 4.30648e-17
2.52130e-03 4.30455e-17
2.71541e-03 4.30922e-17
2.92446e-03 4.30748e-17
3.14961e-03 4.30765e-17
3.39209e-03 4.31037e-17
3.65324e-03 4.30994e-17
3.93449e-03 4.30620e-17
4.23740e-03 4.30824e-17
4.56362e-03 4.30541e-17
4.91497e-03 4.30415e-17
5.29336e-03 4.31066e-17
5.70088e-03 4.30723e-17
6.13978e-03 4.30638e-17
6.61246e-03 4.30272e-17
7.12154e-03 4.31234e-17
7.66981e-03 4.30875e-17
8.26029e-03 4.30674e-17
8.89623e-03 4.31232e-17
9.58113e-03 4.30394e-17
1.03188e-02 4.30683e-17
1.11132e-02 4.31049e-17
1.19688e-02 4.30837e-17
1.28902e-02 4.30515e-17
1.38826e-02 4.30575e-17
1.49514e-02 4.31041e-17
1.61024e-02 4.31026e-17
1.73421e-02 4.30695e-17
1.86773e-02 4.30794e-17
2.01152e-02 4.30893e-17
2.16638e-02 4.31157e-17
2.33316e-02 4.30999e-17
2.51279e-02 4.31001e-17
2.70624e-02 4.31240e-17
2.91459e-02 4.30958e-17
3.13898e-02 4.31533e-17
3.38064e-02 4.31315e-17
3.64090e-02 4.30986e-17
3.92121e-02 4.31646e-17
4.22309e-02 4.31115e-17
4.54822e-02 4.31317e-17
4.89838e-02 4.31741e-17
5.27549e-02 4.31573e-17
5.68164e-02 4.31112e-17
6.11905e-02 4.31343e-17
6.59014e-02 4.31567e-17
7.09750e-02 4.31818e-17
7.64392e-02 4.31961e-17
8.23241e-02 4.31995e-17
8.86620e-02 4.31946e-17
9.54879e-02 4.32085e-17
1.02839e-01 4.32065e-17
1.10757e-01 4.32278e-17
1.19283e-01 4.32482e-17
1.28467e-01 4.32340e-17
1.38357e-01 4.32337e-17
1.49009e-01 4.32913e-17
1.60481e-01 4.33005e-17
1.72836e-01 4.32553e-17
1.86142e-01 4.33278e-17
2.00473e-01 4.33362e-17
2.15907e-01 4.33576e-17
2.32529e-01 4.33827e-17
2.50431e-01 4.33559e-17
2.69711e-01 4.33690e-17
2.90475e-01 4.34748e-17
3.12838e-01 4.34665e-17
3.36923e-01 4.35034e-17
3.62861e-01 4.34878e-17
3.90797e-01 4.36014e-17
4.20884e-01 4.36150e-17
4.53287e-01 4.36744e-17
4.88184e-01 4.37521e-17
5.25768e-01 4.37734e-17
5.66246e-01 4.38238e-17
6.09840e-01 4.39118e-17
6.56790e-01 4.39774e-17
7.07354e-01 4.40819e-17
7.61812e-01 4.42099e-17
8.20462e-01 4.42937e-17
8.83627e-01 4.44153e-17
9.51656e-01 4.45658e-17
1.02492e+00 4.47197e-17
1.10383e+00 4.49261e-17
1.18881e+00 4.52011e-17
1.28033e+00 4.55365e-17
1.37890e+00 4.60406e-17
1.48506e+00 4.67031e-17
1.59939e+00 5.03635e-17
1.72252e+00 1.61432e-16
1.85514e+00 2.10855e-16
1.99796e+00 2.12163e-16
2.15178e+00 2.14559e-16
2.31744e+00 2.14472e-16
2.49585e+00 2.14413e-16
2.68800e+00 2.16419e-16
2.89494e+00 2.16296e-16
3.11782e+00 2.18427e-16
3.35785e+00 2.18621e-16
3.61637e+00 2.20737e-16
3.89478e+00 2.21855e-16
4.19463e+00 2.23300e-16
4.51756e+00 2.25372e-16
4.86536e+00 2.26901e-16
5.23993e+00 2.28819e-16
5.64334e+00 2.31334e-16
6.07781e+00 2.32986e-16
6.54573e+00 2.35206e-16
7.04967e+00 2.38499e-16
7.59240e+00 2.40974e-16
8.17692e+00 2.44925e-16
8.80644e+00 2.48132e-16
9.48443e+00 2.50984e-16
1.02146e+01 2.55412e-16
1.10010e+01 2.59912e-16
1.18480e+01 2.64826e-16
1.27601e+01 2.69623e-16
1.37425e+01 2.75211e-16
1.48005e+01 2.81788e-16
1.59399e+01 2.88871e-16
1.71671e+01 2.97090e-16
1.84887e+01 3.04548e-16
1.99122e+01 3.14604e-16
2.14451e+01 3.24452e-16
2.30962e+01 3.36380e-16
2.48743e+01 3.49008e-16
2.67893e+01 3.63063e-16
2.88517e+01 3.77446e-16
3.10729e+01 3.94662e-16
3.34652e+01 4.13243e-16
3.60416e+01 4.34300e-16
3.88163e+01 4.55843e-16
4.18047e+01 4.79034e-16
4.50231e+01 5.01460e-16
4.84894e+01 5.20735e-16
5.22224e+01 5.24641e-16
5.62429e+01 4.95934e-16
6.05729e+01 4.00238e-16
6.52363e+01 2.16966e-16
7.02587e+01 3.55664e-17
7.56677e+01 1.92347e-20
8.14932e+01 0.00000e+00
