3.17098e-05 1.51836e-17
3.41674e-05 1.51766e-17
3.68155e-05 1.51846e-17
3.96688e-05 1.51823e-17
4.27433e-05 1.51803e-17
4.60561e-05 1.51861e-17
4.96256e-05 1.51834e-17
5.34717e-05 1.51836e-17
5.76160e-05 1.51892e-17
6.20814e-05 1.51800e-17
6.68930e-05 1.51730e-17
7.20774e-05 1.51843e-17
7.76636e-05 1.51674e-17
8.36828e-05 1.51844e-17
9.01686e-05 1.51945e-17
9.71569e-05 1.51794e-17
1.04687e-04 1.51874e-17
1.12801e-04 1.51809e-17
1.21543e-04 1.51858e-17
1.30963e-04 1.51666e-17
1.41113e-04 1.51917e-17
1.52050e-04 1.51844e-17
1.63834e-04 1.51800e-17
1.76532e-04 1.51878e-17
1.90214e-04 1.51800e-17
2.04956e-04 1.51817e-17
2.20841e-04 1.51854e-17
2.37957e-04 1.51755e-17
2.56399e-04 1.51806e-17
2.76271e-04 1.51842e-17
2.97683e-04 1.51798e-17
3.20755e-04 1.51900e-17
3.45614e-04 1.51873e-17
3.72401e-04 1.51866e-17
4.01263e-04 1.51726e-17
4.32362e-04 1.51714e-17
4.65872e-04 1.51948e-17
5.01979e-04 1.51679e-17
5.40884e-04 1.51754e-17
5.82804e-04 1.51777e-17
6.27973e-04 1.51866e-17
6.76644e-04 1.51847e-17
7.29086e-04 1.51992e-17
7.85593e-04 1.51865e-17
8.46479e-04 1.51946e-17
9.12084e-04 1.51886e-17
9.82774e-04 1.51910e-17
1.05894e-03 1.51888e-17
1.14101e-03 1.51903e-17
1.22945e-03 1.51876e-17
1.32473e-03 1.51905e-17
1.42740e-03 1.51826e-17
1.53803e-03 1.51959e-17
1.65724e-03 1.51864e-17
1.78568e-03 1.51785e-17
1.92407e-03 1.51790e-17
2.07320e-03 1.51780e-17
2.23388e-03 1.51944e-17
2.40701e-03 1.51928e-17
2.59356e-03 1.51882e-17
2.79457e-03 1.52089e-17
3.01116e-03 1.51845e-17
3.24454e-03 1.51936e-17
3.49600e-03 1.51950e-17
3.76695e-03 1.51948e-17
4.05890e-03 1.51991e-17
4.37348e-03 1.52033e-17
4.71244e-03 1.52145e-17
5.07767e-03 1.52048e-17
5.47121e-03 1.52155e-17
5.89525e-03 1.52010e-17
6.35215e-03 1.51958e-17
6.84447e-03 1.52108e-17
7.37494e-03 1.52242e-17
7.94652e-03 1.52056e-17
8.56240e-03 1.52321e-17
9.22602e-03 1.52284e-17
9.94107e-03 1.52303e-17
1.07115e-02 1.52455e-17
1.15417e-02 1.52327e-17
1.24362e-02 1.52305e-17
1.34001e-02 1.52483e-17
1.44386e-02 1.52424e-17
1.55577e-02 1.52603e-17
1.67635e-02 1.52468e-17
1.80627e-02 1.52657e-17
1.94626e-02 1.52651e-17
2.09710e-02 1.52712e-17
2.25964e-02 1.52831e-17
2.43477e-02 1.52983e-17
2.62347e-02 1.53006e-17
2.82680e-02 1.53089e-17
3.04589e-02 1.53182e-17
3.28195e-02 1.53281e-17
3.53631e-02 1.53388e-17
3.81039e-02 1.53583e-17
4.10571e-02 1.53741e-17
4.42392e-02 1.53878e-17
4.76679e-02 1.53914e-17
5.13623e-02 1.54127e-17
5.53430e-02 1.54305e-17
5.96323e-02 1.54543e-17
6.42540e-02 1.54743e-17
6.92340e-02 1.54870e-17
7.45998e-02 1.55168e-17
8.03816e-02 1.55471e-17
8.66114e-02 1.55756e-17
9.33241e-02 1.56244e-17
1.00557e-01 1.56641e-17
1.08351e-01 1.56770e-17
1.16748e-01 1.57340e-17
1.25797e-01 1.57683e-17
1.35546e-01 1.58377e-17
1.46052e-01 1.58760e-17
1.57371e-01 1.59527e-17
1.69568e-01 1.60149e-17
1.82710e-01 1.60795e-17
1.96871e-01 1.61493e-17
2.12129e-01 1.62509e-17
2.28570e-01 1.63522e-17
2.46284e-01 1.64452e-17
2.65372e-01 1.65558e-17
2.85940e-01 1.66855e-17
3.08101e-01 1.68176e-17
3.31980e-01 1.69680e-17
3.57710e-01 1.71472e-17
3.85433e-01 1.73420e-17
4.15306e-01 1.75507e-17
4.47493e-01 1.78024e-17
4.82176e-01 1.80670e-17
5.19546e-01 1.83901e-17
5.59813e-01 1.87465e-17
6.03200e-01 1.91585e-17
6.49950e-01 1.96395e-17
7.00324e-01 2.01801e-17
7.54601e-01 2.08500e-17
8.13085e-01 2.16641e-17
8.76102e-01 2.26374e-17
9.44003e-01 2.38076e-17
1.01717e+00 2.52681e-17
1.09600e+00 2.71448e-17
1.18094e+00 2.94516e-17
1.27247e+00 3.23949e-17
1.37109e+00 3.60600e-17
1.47736e+00 4.06667e-17
1.59186e+00 4.68894e-17
1.71523e+00 5.94068e-17
1.84817e+00 9.94010e-17
1.99141e+00 9.21436e-17
2.14575e+00 8.75255e-17
2.31205e+00 8.48070e-17
2.49125e+00 8.23993e-17
2.68433e+00 8.05720e-17
2.89237e+00 7.88310e-17
3.11654e+00 7.73060e-17
3.35808e+00 7.59335e-17
3.61835e+00 7.46658e-17
3.89878e+00 7.34300e-17
4.20095e+00 7.23536e-17
4.52654e+00 7.12844e-17
4.87736e+00 7.01561e-17
5.25537e+00 6.92956e-17
5.66268e+00 6.83067e-17
6.10156e+00 6.73405e-17
6.57445e+00 6.64191e-17
7.08400e+00 6.55648e-17
7.63303e+00 6.46778e-17
8.22462e+00 6.38326e-17
8.86206e+00 6.29384e-17
9.54890e+00 6.20573e-17
1.02890e+01 6.11771e-17
1.10864e+01 6.03426e-17
1.19456e+01 5.94146e-17
1.28715e+01 5.84751e-17
1.38690e+01 5.75726e-17
1.49439e+01 5.66549e-17
1.61022e+01 5.56430e-17
1.73501e+01 5.45648e-17
1.86948e+01 5.35219e-17
2.01437e+01 5.22894e-17
2.17050e+01 5.10520e-17
2.33872e+01 4.96189e-17
2.51997e+01 4.81986e-17
2.71528e+01 4.66395e-17
2.92573e+01 4.49064e-17
3.15248e+01 4.29119e-17
3.39681e+01 4.07194e-17
3.66007e+01 3.83510e-17
3.94374e+01 3.57199e-17
4.24940e+01 3.27062e-17
4.57874e+01 2.92798e-17
4.93361e+01 2.53601e-17
5.31598e+01 2.08158e-17
5.72799e+01 1.56416e-17
6.17192e+01 1.00546e-17
6.65027e+01 4.84546e-18
7.16569e+01 1.27819e-18
7.72106e+01 7.11269e-20
8.31946e+01 5.67596e-24
8.96425e+01 0.00000e+00
