3.17098e-05 2.54806e-17
3.41961e-05 2.54790e-17
3.68774e-05 2.54688e-17
3.97689e-05 2.54671e-17
4.28871e-05 2.54865e-17
4.62498e-05 2.54902e-17
4.98762e-05 2.55143e-17
5.37869e-05 2.54535e-17
5.80042e-05 2.54839e-17
6.25522e-05 2.54859e-17
6.74569e-05 2.54577e-17
7.27460e-05 2.54845e-17
7.84499e-05 2.54762e-17
8.46011e-05 2.55194e-17
9.12345e-05 2.54818e-17
9.83881e-05 2.54921e-17
1.06103e-04 2.54851e-17
1.14422e-04 2.54609e-17
1.23394e-04 2.54770e-17
1.33069e-04 2.54488e-17
1.43502e-04 2.54928e-17
1.54754e-04 2.54648e-17
1.66888e-04 2.54922e-17
1.79974e-04 2.55011e-17
1.94085e-04 2.55051e-17
2.09303e-04 2.55083e-17
2.25714e-04 2.54747e-17
2.43412e-04 2.54661e-17
2.62497e-04 2.54956e-17
2.83079e-04 2.54611e-17
3.05275e-04 2.54932e-17
3.29211e-04 2.55047e-17
3.55024e-04 2.54793e-17
3.82861e-04 2.54936e-17
4.12881e-04 2.54638e-17
4.45254e-04 2.54981e-17
4.80166e-04 2.54742e-17
5.17815e-04 2.54829e-17
5.58416e-04 2.54740e-17
6.02200e-04 2.54776e-17
6.49418e-04 2.54980e-17
7.00338e-04 2.55022e-17
7.55250e-04 2.55043e-17
8.14468e-04 2.54953e-17
8.78329e-04 2.54865e-17
9.47198e-04 2.54624e-17
1.02147e-03 2.54764e-17
1.10156e-03 2.54798e-17
1.18793e-03 2.54520e-17
1.28107e-03 2.54674e-17
1.38152e-03 2.54836e-17
1.48984e-03 2.54668e-17
1.60666e-03 2.54717e-17
1.73263e-03 2.54674e-17
1.86849e-03 2.54949e-17
2.01499e-03 2.54929e-17
2.17298e-03 2.54917e-17
2.34337e-03 2.54966e-17
2.52710e-03 2.54755e-17
2.72525e-03 2.54702e-17
2.93893e-03 2.54804e-17
3.16937e-03 2.54866e-17
3.41788e-03 2.55042e-17
3.68587e-03 2.54722e-17
3.97487e-03 2.54823e-17
4.28653e-03 2.54856e-17
4.62263e-03 2.54952e-17
4.98509e-03 2.54785e-17
5.37596e-03 2.54768e-17
5.79748e-03 2.54710e-17
6.25205e-03 2.54699e-17
6.74226e-03 2.55023e-17
7.27091e-03 2.55055e-17
7.84102e-03 2.55114e-17
8.45582e-03 2.54714e-17
9.11882e-03 2.54850e-17
9.83382e-03 2.55066e-17
1.06049e-02 2.54887e-17
1.14364e-02 2.54715e-17
1.23331e-02 2.54889e-17
1.33001e-02 2.54993e-17
1.43430e-02 2.55137e-17
1.54676e-02 2.54782e-17
1.66803e-02 2.55014e-17
1.79882e-02 2.55037e-17
1.93987e-02 2.55175e-17
2.09197e-02 2.55170e-17
2.25600e-02 2.54953e-17
2.43288e-02 2.54976e-17
2.62364e-02 2.55069e-17
2.82936e-02 2.54897e-17
3.05120e-02 2.55214e-17
3.29044e-02 2.54838e-17
3.54844e-02 2.55337e-17
3.82667e-02 2.54952e-17
4.12671e-02 2.55343e-17
4.45028e-02 2.55142e-17
4.79922e-02 2.54899e-17
5.17552e-02 2.55152e-17
5.58133e-02 2.55155e-17
6.01895e-02 2.55505e-17
6.49089e-02 2.55333e-17
6.99983e-02 2.55251e-17
7.54867e-02 2.55201e-17
8.14055e-02 2.55421e-17
8.77884e-02 2.54957e-17
9.46717e-02 2.55262e-17
1.02095e-01 2.55535e-17
1.10100e-01 2.55511e-17
1.18733e-01 2.55482e-17
1.28042e-01 2.55898e-17
1.38082e-01 2.55548e-17
1.48909e-01 2.55740e-17
1.60584e-01 2.55744e-17
1.73176e-01 2.55859e-17
1.86754e-01 2.56277e-17
2.01397e-01 2.56228e-17
2.17188e-01 2.56134e-17
2.34218e-01 2.56476e-17
2.52582e-01 2.56534e-17
2.72387e-01 2.56780e-17
2.93744e-01 2.56847e-17
3.16776e-01 2.57288e-17
3.41614e-01 2.57177e-17
3.68400e-01 2.57125e-17
3.97285e-01 2.57603e-17
4.28436e-01 2.57748e-17
4.62029e-01 2.58164e-17
4.98256e-01 2.58189e-17
5.37323e-01 2.58633e-17
5.79454e-01 2.59117e-17
6.24888e-01 2.59049e-17
6.73884e-01 2.59951e-17
7.26723e-01 2.60462e-17
7.83704e-01 2.60722e-17
8.45153e-01 2.61363e-17
9.11420e-01 2.62043e-17
9.82883e-01 2.62435e-17
1.05995e+00 2.63512e-17
1.14306e+00 2.64386e-17
1.23268e+00 2.65610e-17
1.32934e+00 2.66549e-17
1.43357e+00 2.68403e-17
1.54597e+00 2.70003e-17
1.66719e+00 2.72453e-17
1.79791e+00 2.74994e-17
1.93888e+00 2.78606e-17
2.09091e+00 7.63743e-17
2.25485e+00 7.64442e-17
2.43165e+00 7.61995e-17
2.62231e+00 7.72174e-17
2.82792e+00 7.78024e-17
3.04966e+00 7.82367e-17
3.28878e+00 7.86280e-17
3.54664e+00 7.90553e-17
3.82473e+00 7.97391e-17
4.12462e+00 7.98901e-17
4.44803e+00 8.06237e-17
4.79679e+00 8.10782e-17
5.17290e+00 8.21356e-17
5.57850e+00 8.29551e-17
6.01590e+00 8.36911e-17
6.48759e+00 8.47567e-17
6.99628e+00 8.55278e-17
7.54484e+00 8.63960e-17
8.13642e+00 8.79116e-17
8.77439e+00 8.89276e-17
9.46237e+00 9.03469e-17
1.02043e+01 9.22269e-17
1.10044e+01 9.36177e-17
1.18672e+01 9.53243e-17
1.27977e+01 9.77119e-17
1.38012e+01 9.98506e-17
1.48833e+01 1.02640e-16
1.60503e+01 1.05356e-16
1.73088e+01 1.08523e-16
1.86659e+01 1.11759e-16
2.01295e+01 1.15783e-16
2.17078e+01 1.20605e-16
2.34099e+01 1.25715e-16
2.52454e+01 1.31377e-16
2.72249e+01 1.38122e-16
2.93595e+01 1.45845e-16
3.16616e+01 1.54702e-16
3.41441e+01 1.65104e-16
3.68213e+01 1.77194e-16
3.97084e+01 1.91662e-16
4.28219e+01 2.08349e-16
4.61794e+01 2.28624e-16
4.98003e+01 2.51707e-16
5.37051e+01 2.79681e-16
5.79160e+01 3.11379e-16
6.24571e+01 3.44413e-16
6.73543e+01 3.71352e-16
7.26354e+01 3.74258e-16
7.83306e+01 3.21467e-16
8.44724e+01 1.85506e-16
9.10958e+01 3.28702e-17
9.82384e+01 2.15961e-20
1.05941e+02 0.00000e+00
