3.17098e-05 1.91444e-17
3.42207e-05 1.91303e-17
3.69304e-05 1.91445e-17
3.98548e-05 1.91307e-17
4.30106e-05 1.91352e-17
4.64164e-05 1.91379e-17
5.00918e-05 1.91647e-17
5.40583e-05 1.91425e-17
5.83389e-05 1.91242e-17
6.29584e-05 1.91417e-17
6.79437e-05 1.91293e-17
7.33238e-05 1.91455e-17
7.91298e-05 1.91244e-17
8.53957e-05 1.91474e-17
9.21577e-05 1.91584e-17
9.94551e-05 1.91460e-17
1.07330e-04 1.91504e-17
1.15829e-04 1.91470e-17
1.25001e-04 1.91284e-17
1.34899e-04 1.91549e-17
1.45581e-04 1.91263e-17
1.57109e-04 1.91625e-17
1.69549e-04 1.91527e-17
1.82975e-04 1.91235e-17
1.97464e-04 1.91280e-17
2.13100e-04 1.91628e-17
2.29974e-04 1.91263e-17
2.48184e-04 1.91159e-17
2.67836e-04 1.91506e-17
2.89045e-04 1.91274e-17
3.11932e-04 1.91547e-17
3.36633e-04 1.91355e-17
3.63289e-04 1.91511e-17
3.92055e-04 1.91460e-17
4.23100e-04 1.91649e-17
4.56603e-04 1.91328e-17
4.92758e-04 1.91551e-17
5.31777e-04 1.91454e-17
5.73885e-04 1.91377e-17
6.19328e-04 1.91370e-17
6.68369e-04 1.91488e-17
7.21293e-04 1.91405e-17
7.78408e-04 1.91476e-17
8.40046e-04 1.91267e-17
9.06564e-04 1.91654e-17
9.78350e-04 1.91522e-17
1.05582e-03 1.91546e-17
1.13942e-03 1.91414e-17
1.22965e-03 1.91360e-17
1.32702e-03 1.91431e-17
1.43210e-03 1.91553e-17
1.54550e-03 1.91396e-17
1.66787e-03 1.91328e-17
1.79994e-03 1.91355e-17
1.94247e-03 1.91495e-17
2.09628e-03 1.91245e-17
2.26228e-03 1.91392e-17
2.44141e-03 1.91458e-17
2.63473e-03 1.91317e-17
2.84336e-03 1.91356e-17
3.06851e-03 1.91503e-17
3.31149e-03 1.91550e-17
3.57371e-03 1.91538e-17
3.85669e-03 1.91712e-17
4.16208e-03 1.91638e-17
4.49165e-03 1.91621e-17
4.84732e-03 1.91442e-17
5.23115e-03 1.91562e-17
5.64537e-03 1.91521e-17
6.09239e-03 1.91427e-17
6.57482e-03 1.91409e-17
7.09544e-03 1.91461e-17
7.65728e-03 1.91292e-17
8.26362e-03 1.91574e-17
8.91797e-03 1.91181e-17
9.62413e-03 1.91509e-17
1.03862e-02 1.91493e-17
1.12086e-02 1.91362e-17
1.20962e-02 1.91477e-17
1.30540e-02 1.91309e-17
1.40877e-02 1.91391e-17
1.52032e-02 1.91482e-17
1.64070e-02 1.91505e-17
1.77062e-02 1.91562e-17
1.91083e-02 1.91581e-17
2.06214e-02 1.91567e-17
2.22542e-02 1.91437e-17
2.40164e-02 1.91480e-17
2.59181e-02 1.91510e-17
2.79705e-02 1.91531e-17
3.01853e-02 1.91505e-17
3.25755e-02 1.91614e-17
3.51549e-02 1.91561e-17
3.79386e-02 1.91596e-17
4.09428e-02 1.91709e-17
4.41848e-02 1.91680e-17
4.76835e-02 1.91575e-17
5.14593e-02 1.91778e-17
5.55341e-02 1.91768e-17
5.99315e-02 1.91890e-17
6.46771e-02 1.91573e-17
6.97985e-02 1.91539e-17
7.53255e-02 1.91678e-17
8.12901e-02 1.91699e-17
8.77270e-02 1.91824e-17
9.46736e-02 1.91810e-17
1.02170e-01 1.92019e-17
1.10260e-01 1.91978e-17
1.18991e-01 1.92036e-17
1.28414e-01 1.92195e-17
1.38582e-01 1.92072e-17
1.49555e-01 1.92136e-17
1.61398e-01 1.92032e-17
1.74178e-01 1.92387e-17
1.87970e-01 1.92375e-17
2.02854e-01 1.92453e-17
2.18917e-01 1.92525e-17
2.36252e-01 1.92576e-17
2.54959e-01 1.92639e-17
2.75148e-01 1.92731e-17
2.96936e-01 1.92924e-17
3.20448e-01 1.92814e-17
3.45823e-01 1.93258e-17
3.73206e-01 1.93192e-17
4.02758e-01 1.93211e-17
4.34650e-01 1.93636e-17
4.69068e-01 1.93665e-17
5.06211e-01 1.93846e-17
5.46295e-01 1.94204e-17
5.89552e-01 1.94444e-17
6.36236e-01 1.94560e-17
6.86616e-01 1.94948e-17
7.40985e-01 1.95275e-17
7.99659e-01 1.95634e-17
8.62979e-01 1.95815e-17
9.31314e-01 1.96756e-17
1.00506e+00 1.96888e-17
1.08464e+00 1.97592e-17
1.17053e+00 1.98432e-17
1.26322e+00 1.98954e-17
1.36324e+00 1.99850e-17
1.47119e+00 2.01029e-17
1.58769e+00 2.02099e-17
1.71341e+00 2.03366e-17
1.84908e+00 2.04822e-17
1.99550e+00 2.06340e-17
2.15351e+00 2.08353e-17
2.32404e+00 2.11239e-17
2.50806e+00 4.49730e-17
2.70666e+00 4.52190e-17
2.92099e+00 4.58108e-17
3.15228e+00 4.57465e-17
3.40189e+00 4.63897e-17
3.67127e+00 4.66230e-17
3.96198e+00 4.70609e-17
4.27570e+00 4.73739e-17
4.61427e+00 4.76393e-17
4.97965e+00 4.79461e-17
5.37396e+00 4.85622e-17
5.79949e+00 4.89316e-17
6.25872e+00 4.94074e-17
6.75431e+00 4.98568e-17
7.28914e+00 5.04557e-17
7.86633e+00 5.10378e-17
8.48922e+00 5.17181e-17
9.16143e+00 5.24810e-17
9.88687e+00 5.33698e-17
1.06698e+01 5.39828e-17
1.15146e+01 5.50555e-17
1.24264e+01 5.62496e-17
1.34104e+01 5.74249e-17
1.44723e+01 5.85537e-17
1.56182e+01 6.01733e-17
1.68550e+01 6.17764e-17
1.81896e+01 6.35102e-17
1.96299e+01 6.56194e-17
2.11843e+01 6.78730e-17
2.28618e+01 7.05731e-17
2.46721e+01 7.33612e-17
2.66257e+01 7.66606e-17
2.87340e+01 8.04595e-17
3.10093e+01 8.48737e-17
3.34648e+01 9.01425e-17
3.61147e+01 9.59611e-17
3.89744e+01 1.03284e-16
4.20605e+01 1.11646e-16
4.53910e+01 1.21751e-16
4.89853e+01 1.33667e-16
5.28642e+01 1.48230e-16
5.70502e+01 1.66167e-16
6.15676e+01 1.88026e-16
6.64428e+01 2.14076e-16
7.17040e+01 2.43918e-16
7.73819e+01 2.72593e-16
8.35093e+01 2.86548e-16
9.01219e+01 2.58132e-16
9.72581e+01 1.57237e-16
1.04959e+02 2.97725e-17
1.13271e+02 2.21054e-20
1.22240e+02 0.00000e+00
