3.17098e-05 3.55660e-17
3.41674e-05 3.55859e-17
3.68155e-05 3.55783e-17
3.96688e-05 3.55906e-17
4.27433e-05 3.55846e-17
4.60561e-05 3.55907e-17
4.96256e-05 3.56173e-17
5.34717e-05 3.55841e-17
5.76160e-05 3.55993e-17
6.20814e-05 3.55973e-17
6.68930e-05 3.56137e-17
7.20774e-05 3.56327e-17
7.76636e-05 3.56048e-17
8.36828e-05 3.55609e-17
9.01686e-05 3.55833e-17
9.71569e-05 3.56076e-17
1.04687e-04 3.55810e-17
1.12801e-04 3.55905e-17
1.21543e-04 3.55509e-17
1.30963e-04 3.55973e-17
1.41113e-04 3.55791e-17
1.52050e-04 3.55607e-17
1.63834e-04 3.56234e-17
1.76532e-04 3.55844e-17
1.90214e-04 3.55861e-17
2.04956e-04 3.55841e-17
2.20841e-04 3.55953e-17
2.37957e-04 3.55849e-17
2.56399e-04 3.55643e-17
2.76271e-04 3.55708e-17
2.97683e-04 3.56087e-17
3.20755e-04 3.56104e-17
3.45614e-04 3.56040e-17
3.72401e-04 3.55778e-17
4.01263e-04 3.55725e-17
4.32362e-04 3.55938e-17
4.65872e-04 3.55629e-17
5.01979e-04 3.56289e-17
5.40884e-04 3.55921e-17
5.82804e-04 3.55787e-17
6.27973e-04 3.55909e-17
6.76644e-04 3.56101e-17
7.29086e-04 3.56088e-17
7.85593e-04 3.55872e-17
8.46479e-04 3.55867e-17
9.12084e-04 3.55997e-17
9.82774e-04 3.55949e-17
1.05894e-03 3.56111e-17
1.14101e-03 3.56333e-17
1.22945e-03 3.56304e-17
1.32473e-03 3.56190e-17
1.42740e-03 3.56163e-17
1.53803e-03 3.56167e-17
1.65724e-03 3.56304e-17
1.78568e-03 3.56005e-17
1.92407e-03 3.55859e-17
2.07320e-03 3.56042e-17
2.23388e-03 3.55705e-17
2.40701e-03 3.55738e-17
2.59356e-03 3.56001e-17
2.79457e-03 3.55790e-17
3.01116e-03 3.55811e-17
3.24454e-03 3.56063e-17
3.49600e-03 3.55975e-17
3.76695e-03 3.55468e-17
4.05890e-03 3.56052e-17
4.37348e-03 3.56319e-17
4.71244e-03 3.55803e-17
5.07767e-03 3.55609e-17
5.47121e-03 3.55988e-17
5.89525e-03 3.55749e-17
6.35215e-03 3.55860e-17
6.84447e-03 3.55874e-17
7.37494e-03 3.55850e-17
7.94652e-03 3.55872e-17
8.56240e-03 3.55990e-17
9.22602e-03 3.56184e-17
9.94107e-03 3.55918e-17
1.07115e-02 3.55928e-17
1.15417e-02 3.56392e-17
1.24362e-02 3.56056e-17
1.34001e-02 3.55981e-17
1.44386e-02 3.55847e-17
1.55577e-02 3.56150e-17
1.67635e-02 3.56106e-17
1.80627e-02 3.56297e-17
1.94626e-02 3.56229e-17
2.09710e-02 3.56527e-17
2.25964e-02 3.56147e-17
2.43477e-02 3.56272e-17
2.62347e-02 3.56333e-17
2.82680e-02 3.56429e-17
3.04589e-02 3.56361e-17
3.28195e-02 3.56562e-17
3.53631e-02 3.56412e-17
3.81039e-02 3.56135e-17
4.10571e-02 3.56087e-17
4.42392e-02 3.56027e-17
4.76679e-02 3.57007e-17
5.13623e-02 3.56458e-17
5.53430e-02 3.56090e-17
5.96323e-02 3.56738e-17
6.42540e-02 3.56521e-17
6.92340e-02 3.56242e-17
7.45998e-02 3.57055e-17
8.03816e-02 3.56623e-17
8.66114e-02 3.56667e-17
9.33241e-02 3.56446e-17
1.00557e-01 3.56962e-17
1.08351e-01 3.56914e-17
1.16748e-01 3.57177e-17
1.25797e-01 3.57743e-17
1.35546e-01 3.57668e-17
1.46052e-01 3.57218e-17
1.57371e-01 3.57470e-17
1.69568e-01 3.57920e-17
1.82710e-01 3.57754e-17
1.96871e-01 3.57645e-17
2.12129e-01 3.57995e-17
2.28570e-01 3.58342e-17
2.46284e-01 3.58464e-17
2.65372e-01 3.58568e-17
2.85940e-01 3.58682e-17
3.08101e-01 3.58756e-17
3.31980e-01 3.59449e-17
3.57710e-01 3.59414e-17
3.85433e-01 3.60513e-17
4.15306e-01 3.60374e-17
4.47493e-01 3.60901e-17
4.82176e-01 3.61182e-17
5.19546e-01 3.61390e-17
5.59813e-01 3.61943e-17
6.03200e-01 3.62550e-17
6.49950e-01 3.63164e-17
7.00324e-01 3.63981e-17
7.54601e-01 3.64528e-17
8.13085e-01 3.65321e-17
8.76102e-01 3.66698e-17
9.44003e-01 3.67162e-17
1.01717e+00 3.68759e-17
1.09600e+00 3.70165e-17
1.18094e+00 3.71848e-17
1.27247e+00 3.73976e-17
1.37109e+00 3.76793e-17
1.47736e+00 3.80142e-17
1.59186e+00 3.84711e-17
1.71523e+00 3.93177e-17
1.84817e+00 1.47322e-16
1.99141e+00 1.46425e-16
2.14575e+00 1.47407e-16
2.31205e+00 1.47728e-16
2.49125e+00 1.48407e-16
2.68433e+00 1.49482e-16
2.89237e+00 1.49423e-16
3.11654e+00 1.51028e-16
3.35808e+00 1.51847e-16
3.61835e+00 1.52910e-16
3.89878e+00 1.53699e-16
4.20095e+00 1.54919e-16
4.52654e+00 1.55625e-16
4.87736e+00 1.57409e-16
5.25537e+00 1.58576e-16
5.66268e+00 1.60632e-16
6.10156e+00 1.61811e-16
6.57445e+00 1.64171e-16
7.08400e+00 1.65886e-16
7.63303e+00 1.68001e-16
8.22462e+00 1.70205e-16
8.86206e+00 1.72906e-16
9.54890e+00 1.76044e-16
1.02890e+01 1.79089e-16
1.10864e+01 1.82019e-16
1.19456e+01 1.85946e-16
1.28715e+01 1.90441e-16
1.38690e+01 1.94711e-16
1.49439e+01 1.99599e-16
1.61022e+01 2.05241e-16
1.73501e+01 2.11627e-16
1.86948e+01 2.18514e-16
2.01437e+01 2.26277e-16
2.17050e+01 2.35299e-16
2.33872e+01 2.44532e-16
2.51997e+01 2.55365e-16
2.71528e+01 2.68104e-16
2.92573e+01 2.82609e-16
3.15248e+01 2.97798e-16
3.39681e+01 3.15517e-16
3.66007e+01 3.36379e-16
3.94374e+01 3.58894e-16
4.24940e+01 3.84495e-16
4.57874e+01 4.12445e-16
4.93361e+01 4.39859e-16
5.31598e+01 4.63596e-16
5.72799e+01 4.76668e-16
6.17192e+01 4.57377e-16
6.65027e+01 3.73961e-16
7.16569e+01 2.05562e-16
7.72106e+01 3.44803e-17
8.31946e+01 1.99622e-20
8.96425e+01 0.00000e+00
