3.17098e-05 1.08660e-17
3.41961e-05 1.08690e-17
3.68774e-05 1.08644e-17
3.97689e-05 1.08610e-17
4.28871e-05 1.08714e-17
4.62498e-05 1.08769e-17
4.98762e-05 1.08684e-17
5.37869e-05 1.08651e-17
5.80042e-05 1.08698e-17
6.25522e-05 1.08699e-17
6.74569e-05 1.08719e-17
7.27460e-05 1.08713e-17
7.84499e-05 1.08714e-17
8.46011e-05 1.08645e-17
9.12345e-05 1.08697e-17
9.83881e-05 1.08695e-17
1.06103e-04 1.08672e-17
1.14422e-04 1.08705e-17
1.23394e-04 1.08689e-17
1.33069e-04 1.08695e-17
1.43502e-04 1.08666e-17
1.54754e-04 1.08728e-17
1.66888e-04 1.08712e-17
1.79974e-04 1.08631e-17
1.94085e-04 1.08729e-17
2.09303e-04 1.08697e-17
2.25714e-04 1.08654e-17
2.43412e-04 1.08669e-17
2.62497e-04 1.08653e-17
2.83079e-04 1.08766e-17
3.05275e-04 1.08742e-17
3.29211e-04 1.08650e-17
3.55024e-04 1.08761e-17
3.82861e-04 1.08636e-17
4.12881e-04 1.08601e-17
4.45254e-04 1.08819e-17
4.80166e-04 1.08702e-17
5.17815e-04 1.08748e-17
5.58416e-04 1.08687e-17
6.02200e-04 1.08648e-17
6.49418e-04 1.08651e-17
7.00338e-04 1.08736e-17
7.55250e-04 1.08729e-17
8.14468e-04 1.08648e-17
8.78329e-04 1.08729e-17
9.47198e-04 1.08655e-17
1.02147e-03 1.08748e-17
1.10156e-03 1.08671e-17
1.18793e-03 1.08745e-17
1.28107e-03 1.08769e-17
1.38152e-03 1.08749e-17
1.48984e-03 1.08705e-17
1.60666e-03 1.08786e-17
1.73263e-03 1.08703e-17
1.86849e-03 1.08743e-17
2.01499e-03 1.08713e-17
2.17298e-03 1.08744e-17
2.34337e-03 1.08764e-17
2.52710e-03 1.08764e-17
2.72525e-03 1.08736e-17
2.93893e-03 1.08834e-17
3.16937e-03 1.08783e-17
3.41788e-03 1.08795e-17
3.68587e-03 1.08879e-17
3.97487e-03 1.08807e-17
4.28653e-03 1.08888e-17
4.62263e-03 1.08817e-17
4.98509e-03 1.08796e-17
5.37596e-03 1.08870e-17
5.79748e-03 1.08904e-17
6.25205e-03 1.08931e-17
6.74226e-03 1.08802e-17
7.27091e-03 1.08934e-17
7.84102e-03 1.08953e-17
8.45582e-03 1.08901e-17
9.11882e-03 1.08982e-17
9.83382e-03 1.09036e-17
1.06049e-02 1.09068e-17
1.14364e-02 1.09078e-17
1.23331e-02 1.09076e-17
1.33001e-02 1.09031e-17
1.43430e-02 1.09069e-17
1.54676e-02 1.09156e-17
1.66803e-02 1.09267e-17
1.79882e-02 1.09220e-17
1.93987e-02 1.09378e-17
2.09197e-02 1.09367e-17
2.25600e-02 1.09389e-17
2.43288e-02 1.09494e-17
2.62364e-02 1.09446e-17
2.82936e-02 1.09510e-17
3.05120e-02 1.09569e-17
3.29044e-02 1.09635e-17
3.54844e-02 1.09849e-17
3.82667e-02 1.09889e-17
4.12671e-02 1.09935e-17
4.45028e-02 1.09978e-17
4.79922e-02 1.10116e-17
5.17552e-02 1.10274e-17
5.58133e-02 1.10313e-17
6.01895e-02 1.10506e-17
6.49089e-02 1.10754e-17
6.99983e-02 1.10846e-17
7.54867e-02 1.11075e-17
8.14055e-02 1.11241e-17
8.77884e-02 1.11468e-17
9.46717e-02 1.11564e-17
1.02095e-01 1.11958e-17
1.10100e-01 1.12159e-17
1.18733e-01 1.12558e-17
1.28042e-01 1.12806e-17
1.38082e-01 1.13228e-17
1.48909e-01 1.13552e-17
1.60584e-01 1.13844e-17
1.73176e-01 1.14428e-17
1.86754e-01 1.14875e-17
2.01397e-01 1.15455e-17
2.17188e-01 1.16121e-17
2.34218e-01 1.16663e-17
2.52582e-01 1.17331e-17
2.72387e-01 1.18242e-17
2.93744e-01 1.19046e-17
3.16776e-01 1.20121e-17
3.41614e-01 1.21128e-17
3.68400e-01 1.22345e-17
3.97285e-01 1.23646e-17
4.28436e-01 1.25162e-17
4.62029e-01 1.26855e-17
4.98256e-01 1.28833e-17
5.37323e-01 1.30887e-17
5.79454e-01 1.33392e-17
6.24888e-01 1.36189e-17
6.73884e-01 1.39413e-17
7.26723e-01 1.43436e-17
7.83704e-01 1.47960e-17
8.45153e-01 1.53457e-17
9.11420e-01 1.60049e-17
9.82883e-01 1.67972e-17
1.05995e+00 1.77444e-17
1.14306e+00 1.89356e-17
1.23268e+00 2.03540e-17
1.32934e+00 2.20303e-17
1.43357e+00 2.39110e-17
1.54597e+00 2.59591e-17
1.66719e+00 2.81840e-17
1.79791e+00 3.07091e-17
1.93888e+00 3.42573e-17
2.09091e+00 6.41855e-17
2.25485e+00 5.44531e-17
2.43165e+00 5.18973e-17
2.62231e+00 5.03253e-17
2.82792e+00 4.91206e-17
3.04966e+00 4.81041e-17
3.28878e+00 4.72859e-17
3.54664e+00 4.65143e-17
3.82473e+00 4.57836e-17
4.12462e+00 4.51967e-17
4.44803e+00 4.46559e-17
4.79679e+00 4.40316e-17
5.17290e+00 4.36120e-17
5.57850e+00 4.30705e-17
6.01590e+00 4.26800e-17
6.48759e+00 4.21817e-17
6.99628e+00 4.17466e-17
7.54484e+00 4.13189e-17
8.13642e+00 4.08987e-17
8.77439e+00 4.05432e-17
9.46237e+00 4.01949e-17
1.02043e+01 3.97342e-17
1.10044e+01 3.94400e-17
1.18672e+01 3.89717e-17
1.27977e+01 3.86300e-17
1.38012e+01 3.82124e-17
1.48833e+01 3.78767e-17
1.60503e+01 3.74292e-17
1.73088e+01 3.70484e-17
1.86659e+01 3.66293e-17
2.01295e+01 3.62172e-17
2.17078e+01 3.57282e-17
2.34099e+01 3.51809e-17
2.52454e+01 3.46250e-17
2.72249e+01 3.40538e-17
2.93595e+01 3.33677e-17
3.16616e+01 3.26017e-17
3.41441e+01 3.17575e-17
3.68213e+01 3.07530e-17
3.97084e+01 2.96452e-17
4.28219e+01 2.83185e-17
4.61794e+01 2.68274e-17
4.98003e+01 2.50724e-17
5.37051e+01 2.29219e-17
5.79160e+01 2.03251e-17
6.24571e+01 1.71596e-17
6.73543e+01 1.32591e-17
7.26354e+01 8.81088e-18
7.83306e+01 4.38639e-18
8.44724e+01 1.19917e-18
9.10958e+01 7.02458e-20
9.82384e+01 6.35532e-24
1.05941e+02 0.00000e+00
