3.17098e-05 8.16740e-18
3.42207e-05 8.16524e-18
3.69304e-05 8.15605e-18
3.98548e-05 8.15743e-18
4.30106e-05 8.16133e-18
4.64164e-05 8.16674e-18
5.00918e-05 8.16662e-18
5.40583e-05 8.16321e-18
5.83389e-05 8.16998e-18
6.29584e-05 8.16456e-18
6.79437e-05 8.17569e-18
7.33238e-05 8.17128e-18
7.91298e-05 8.15993e-18
8.53957e-05 8.17014e-18
9.21577e-05 8.17314e-18
9.94551e-05 8.16443e-18
1.07330e-04 8.16302e-18
1.15829e-04 8.16661e-18
1.25001e-04 8.16408e-18
1.34899e-04 8.15997e-18
1.45581e-04 8.16513e-18
1.57109e-04 8.15948e-18
1.69549e-04 8.16385e-18
1.82975e-04 8.16261e-18
1.97464e-04 8.15920e-18
2.13100e-04 8.16262e-18
2.29974e-04 8.16646e-18
2.48184e-04 8.16977e-18
2.67836e-04 8.16446e-18
2.89045e-04 8.16688e-18
3.11932e-04 8.16182e-18
3.36633e-04 8.16482e-18
3.63289e-04 8.16247e-18
3.92055e-04 8.16109e-18
4.23100e-04 8.15923e-18
4.56603e-04 8.17382e-18
4.92758e-04 8.16478e-18
5.31777e-04 8.16676e-18
5.73885e-04 8.16492e-18
6.19328e-04 8.16574e-18
6.68369e-04 8.16906e-18
7.21293e-04 8.16535e-18
7.78408e-04 8.17047e-18
8.40046e-04 8.17000e-18
9.06564e-04 8.16560e-18
9.78350e-04 8.16713e-18
1.05582e-03 8.16598e-18
1.13942e-03 8.17013e-18
1.22965e-03 8.17018e-18
1.32702e-03 8.17210e-18
1.43210e-03 8.16940e-18
1.54550e-03 8.15970e-18
1.66787e-03 8.17377e-18
1.79994e-03 8.16337e-18
1.94247e-03 8.17064e-18
2.09628e-03 8.16338e-18
2.26228e-03 8.17030e-18
2.44141e-03 8.17104e-18
2.63473e-03 8.17488e-18
2.84336e-03 8.16797e-18
3.06851e-03 8.17362e-18
3.31149e-03 8.17503e-18
3.57371e-03 8.17269e-18
3.85669e-03 8.17378e-18
4.16208e-03 8.17073e-18
4.49165e-03 8.16965e-18
4.84732e-03 8.17708e-18
5.23115e-03 8.17593e-18
5.64537e-03 8.18025e-18
6.09239e-03 8.17863e-18
6.57482e-03 8.17606e-18
7.09544e-03 8.17557e-18
7.65728e-03 8.18014e-18
8.26362e-03 8.17749e-18
8.91797e-03 8.18433e-18
9.62413e-03 8.18958e-18
1.03862e-02 8.18973e-18
1.12086e-02 8.18992e-18
1.20962e-02 8.18330e-18
1.30540e-02 8.19659e-18
1.40877e-02 8.19816e-18
1.52032e-02 8.19681e-18
1.64070e-02 8.20279e-18
1.77062e-02 8.19715e-18
1.91083e-02 8.20617e-18
2.06214e-02 8.21292e-18
2.22542e-02 8.21112e-18
2.40164e-02 8.21958e-18
2.59181e-02 8.21648e-18
2.79705e-02 8.22327e-18
3.01853e-02 8.23379e-18
3.25755e-02 8.23662e-18
3.51549e-02 8.23651e-18
3.79386e-02 8.25286e-18
4.09428e-02 8.25143e-18
4.41848e-02 8.26742e-18
4.76835e-02 8.27009e-18
5.14593e-02 8.28155e-18
5.55341e-02 8.28997e-18
5.99315e-02 8.29734e-18
6.46771e-02 8.31446e-18
6.97985e-02 8.32293e-18
7.53255e-02 8.33218e-18
8.12901e-02 8.34449e-18
8.77270e-02 8.36112e-18
9.46736e-02 8.38465e-18
1.02170e-01 8.39757e-18
1.10260e-01 8.41998e-18
1.18991e-01 8.43680e-18
1.28414e-01 8.46269e-18
1.38582e-01 8.48992e-18
1.49555e-01 8.51280e-18
1.61398e-01 8.54483e-18
1.74178e-01 8.57560e-18
1.87970e-01 8.61127e-18
2.02854e-01 8.64984e-18
2.18917e-01 8.69607e-18
2.36252e-01 8.74128e-18
2.54959e-01 8.79383e-18
2.75148e-01 8.85379e-18
2.96936e-01 8.91377e-18
3.20448e-01 8.99473e-18
3.45823e-01 9.05371e-18
3.73206e-01 9.15235e-18
4.02758e-01 9.25213e-18
4.34650e-01 9.35690e-18
4.69068e-01 9.47913e-18
5.06211e-01 9.61467e-18
5.46295e-01 9.76974e-18
5.89552e-01 9.95209e-18
6.36236e-01 1.01600e-17
6.86616e-01 1.03978e-17
7.40985e-01 1.06723e-17
7.99659e-01 1.09976e-17
8.62979e-01 1.14002e-17
9.31314e-01 1.18529e-17
1.00506e+00 1.24169e-17
1.08464e+00 1.30847e-17
1.17053e+00 1.38895e-17
1.26322e+00 1.48410e-17
1.36324e+00 1.58776e-17
1.47119e+00 1.70184e-17
1.58769e+00 1.81366e-17
1.71341e+00 1.92603e-17
1.84908e+00 2.03860e-17
1.99550e+00 2.15624e-17
2.15351e+00 2.30074e-17
2.32404e+00 2.56018e-17
2.50806e+00 3.51727e-17
2.70666e+00 3.33269e-17
2.92099e+00 3.23427e-17
3.15228e+00 3.16131e-17
3.40189e+00 3.10382e-17
3.67127e+00 3.05266e-17
3.96198e+00 3.01136e-17
4.27570e+00 2.97844e-17
4.61427e+00 2.94095e-17
4.97965e+00 2.90889e-17
5.37396e+00 2.87605e-17
5.79949e+00 2.85112e-17
6.25872e+00 2.82323e-17
6.75431e+00 2.79751e-17
7.28914e+00 2.77622e-17
7.86633e+00 2.75033e-17
8.48922e+00 2.72809e-17
9.16143e+00 2.70935e-17
9.88687e+00 2.68389e-17
1.06698e+01 2.66453e-17
1.15146e+01 2.64574e-17
1.24264e+01 2.62551e-17
1.34104e+01 2.60994e-17
1.44723e+01 2.59103e-17
1.56182e+01 2.57030e-17
1.68550e+01 2.55049e-17
1.81896e+01 2.53387e-17
1.96299e+01 2.51283e-17
2.11843e+01 2.49179e-17
2.28618e+01 2.46853e-17
2.46721e+01 2.44585e-17
2.66257e+01 2.42079e-17
2.87340e+01 2.39050e-17
3.10093e+01 2.35805e-17
3.34648e+01 2.32351e-17
3.61147e+01 2.28287e-17
3.89744e+01 2.23607e-17
4.20605e+01 2.18302e-17
4.53910e+01 2.11889e-17
4.89853e+01 2.04280e-17
5.28642e+01 1.95737e-17
5.70502e+01 1.84871e-17
6.15676e+01 1.71416e-17
6.64428e+01 1.54448e-17
7.17040e+01 1.33131e-17
7.73819e+01 1.05712e-17
8.35093e+01 7.22523e-18
9.01219e+01 3.72611e-18
9.72581e+01 1.06197e-18
1.04959e+02 6.58309e-20
1.13271e+02 6.68371e-24
1.22240e+02 0.00000e+00
