3.17098e-05 2.42596e-17
3.41272e-05 2.42769e-17
3.67288e-05 2.42398e-17
3.95288e-05 2.42701e-17
4.25423e-05 2.42677e-17
4.57854e-05 2.42748e-17
4.92758e-05 2.42709e-17
5.30323e-05 2.42763e-17
5.70752e-05 2.42729e-17
6.14263e-05 2.42719e-17
6.61091e-05 2.42661e-17
7.11488e-05 2.42559e-17
7.65728e-05 2.42830e-17
8.24103e-05 2.42710e-17
8.86928e-05 2.42541e-17
9.54542e-05 2.42657e-17
1.02731e-04 2.42720e-17
1.10563e-04 2.42784e-17
1.18991e-04 2.42695e-17
1.28063e-04 2.42820e-17
1.37825e-04 2.42623e-17
1.48332e-04 2.42721e-17
1.59640e-04 2.42901e-17
1.71810e-04 2.42683e-17
1.84908e-04 2.42643e-17
1.99004e-04 2.42512e-17
2.14175e-04 2.42668e-17
2.30503e-04 2.42681e-17
2.48075e-04 2.42856e-17
2.66987e-04 2.42508e-17
2.87340e-04 2.42732e-17
3.09245e-04 2.42731e-17
3.32820e-04 2.42848e-17
3.58193e-04 2.42850e-17
3.85499e-04 2.42674e-17
4.14887e-04 2.42556e-17
4.46516e-04 2.42649e-17
4.80556e-04 2.42856e-17
5.17191e-04 2.42799e-17
5.56618e-04 2.42938e-17
5.99052e-04 2.42795e-17
6.44720e-04 2.42750e-17
6.93869e-04 2.42677e-17
7.46766e-04 2.42641e-17
8.03695e-04 2.42690e-17
8.64964e-04 2.42767e-17
9.30904e-04 2.42662e-17
1.00187e-03 2.42893e-17
1.07825e-03 2.42790e-17
1.16045e-03 2.42757e-17
1.24891e-03 2.42707e-17
1.34412e-03 2.42716e-17
1.44659e-03 2.42825e-17
1.55687e-03 2.42666e-17
1.67556e-03 2.42817e-17
1.80329e-03 2.42586e-17
1.94076e-03 2.43036e-17
2.08872e-03 2.42909e-17
2.24795e-03 2.42777e-17
2.41932e-03 2.42932e-17
2.60375e-03 2.42800e-17
2.80225e-03 2.42954e-17
3.01587e-03 2.43009e-17
3.24579e-03 2.42833e-17
3.49323e-03 2.43042e-17
3.75953e-03 2.43035e-17
4.04613e-03 2.43006e-17
4.35459e-03 2.42936e-17
4.68656e-03 2.43098e-17
5.04383e-03 2.42859e-17
5.42834e-03 2.43059e-17
5.84217e-03 2.43227e-17
6.28754e-03 2.43092e-17
6.76687e-03 2.43218e-17
7.28273e-03 2.43274e-17
7.83793e-03 2.43237e-17
8.43544e-03 2.43259e-17
9.07851e-03 2.43338e-17
9.77061e-03 2.43503e-17
1.05155e-02 2.43646e-17
1.13171e-02 2.43651e-17
1.21798e-02 2.43679e-17
1.31084e-02 2.43792e-17
1.41077e-02 2.44034e-17
1.51832e-02 2.43752e-17
1.63406e-02 2.44001e-17
1.75863e-02 2.43955e-17
1.89270e-02 2.44325e-17
2.03699e-02 2.44023e-17
2.19228e-02 2.44475e-17
2.35941e-02 2.44382e-17
2.53927e-02 2.44825e-17
2.73285e-02 2.44889e-17
2.94119e-02 2.45070e-17
3.16541e-02 2.45128e-17
3.40672e-02 2.45250e-17
3.66643e-02 2.45465e-17
3.94594e-02 2.45890e-17
4.24675e-02 2.45891e-17
4.57050e-02 2.46388e-17
4.91893e-02 2.46634e-17
5.29392e-02 2.46994e-17
5.69749e-02 2.47246e-17
6.13184e-02 2.47767e-17
6.59929e-02 2.48000e-17
7.10239e-02 2.48585e-17
7.64383e-02 2.49124e-17
8.22655e-02 2.49520e-17
8.85370e-02 2.49802e-17
9.52865e-02 2.50524e-17
1.02551e-01 2.51026e-17
1.10368e-01 2.51939e-17
1.18782e-01 2.52412e-17
1.27838e-01 2.53293e-17
1.37583e-01 2.54016e-17
1.48072e-01 2.55522e-17
1.59360e-01 2.56236e-17
1.71508e-01 2.57595e-17
1.84583e-01 2.58504e-17
1.98655e-01 2.60214e-17
2.13799e-01 2.61639e-17
2.30098e-01 2.63263e-17
2.47639e-01 2.65154e-17
2.66518e-01 2.67277e-17
2.86835e-01 2.69346e-17
3.08702e-01 2.72084e-17
3.32236e-01 2.74622e-17
3.57564e-01 2.78072e-17
3.84822e-01 2.81573e-17
4.14159e-01 2.85419e-17
4.45732e-01 2.89887e-17
4.79712e-01 2.94791e-17
5.16282e-01 3.00631e-17
5.55640e-01 3.07455e-17
5.97999e-01 3.15234e-17
6.43587e-01 3.24220e-17
6.92650e-01 3.35231e-17
7.45454e-01 3.48505e-17
8.02283e-01 3.64891e-17
8.63445e-01 3.84382e-17
9.29268e-01 4.10546e-17
1.00011e+00 4.44377e-17
1.07635e+00 4.91004e-17
1.15841e+00 5.58331e-17
1.24672e+00 6.65169e-17
1.34176e+00 8.96770e-17
1.44405e+00 2.03639e-16
1.55413e+00 1.81184e-16
1.67261e+00 1.69356e-16
1.80012e+00 1.61885e-16
1.93735e+00 1.55682e-16
2.08505e+00 1.50890e-16
2.24400e+00 1.46734e-16
2.41507e+00 1.42527e-16
2.59918e+00 1.38895e-16
2.79732e+00 1.35712e-16
3.01058e+00 1.32706e-16
3.24008e+00 1.29655e-16
3.48709e+00 1.26640e-16
3.75292e+00 1.24459e-16
4.03903e+00 1.21809e-16
4.34694e+00 1.19099e-16
4.67832e+00 1.16693e-16
5.03497e+00 1.14181e-16
5.41881e+00 1.11969e-16
5.83191e+00 1.09696e-16
6.27650e+00 1.07537e-16
6.75498e+00 1.05144e-16
7.26994e+00 1.02772e-16
7.82416e+00 1.00626e-16
8.42062e+00 9.83465e-17
9.06256e+00 9.60277e-17
9.75344e+00 9.35637e-17
1.04970e+01 9.12214e-17
1.12972e+01 8.89043e-17
1.21584e+01 8.65087e-17
1.30853e+01 8.39625e-17
1.40829e+01 8.14658e-17
1.51565e+01 7.88432e-17
1.63119e+01 7.61347e-17
1.75555e+01 7.32721e-17
1.88938e+01 7.05548e-17
2.03341e+01 6.73773e-17
2.18843e+01 6.42903e-17
2.35526e+01 6.09521e-17
2.53481e+01 5.74250e-17
2.72805e+01 5.36749e-17
2.93602e+01 4.97639e-17
3.15985e+01 4.55694e-17
3.40074e+01 4.10276e-17
3.65999e+01 3.62355e-17
3.93900e+01 3.08813e-17
4.23929e+01 2.49438e-17
4.56247e+01 1.84677e-17
4.91029e+01 1.17061e-17
5.28462e+01 5.53276e-18
5.68749e+01 1.41544e-18
6.12107e+01 7.45046e-20
6.58770e+01 5.03153e-24
7.08991e+01 0.00000e+00
