3.17098e-05 2.54251e-17
3.41232e-05 2.54472e-17
3.67202e-05 2.54248e-17
3.95150e-05 2.54330e-17
4.25224e-05 2.54246e-17
4.57587e-05 2.54255e-17
4.92413e-05 2.54292e-17
5.29890e-05 2.54476e-17
5.70219e-05 2.54229e-17
6.13617e-05 2.54057e-17
6.60319e-05 2.54569e-17
7.10574e-05 2.54219e-17
7.64655e-05 2.54159e-17
8.22852e-05 2.54255e-17
8.85478e-05 2.54377e-17
9.52870e-05 2.54250e-17
1.02539e-04 2.54188e-17
1.10343e-04 2.54359e-17
1.18741e-04 2.54228e-17
1.27778e-04 2.54349e-17
1.37503e-04 2.54208e-17
1.47969e-04 2.54384e-17
1.59230e-04 2.54248e-17
1.71349e-04 2.54297e-17
1.84390e-04 2.54321e-17
1.98424e-04 2.54227e-17
2.13526e-04 2.54150e-17
2.29777e-04 2.54226e-17
2.47265e-04 2.54251e-17
2.66083e-04 2.54363e-17
2.86335e-04 2.54238e-17
3.08127e-04 2.54313e-17
3.31578e-04 2.54204e-17
3.56814e-04 2.54239e-17
3.83971e-04 2.54203e-17
4.13194e-04 2.54408e-17
4.44641e-04 2.54318e-17
4.78482e-04 2.54304e-17
5.14899e-04 2.54291e-17
5.54087e-04 2.54266e-17
5.96258e-04 2.54456e-17
6.41638e-04 2.54246e-17
6.90472e-04 2.54158e-17
7.43023e-04 2.54273e-17
7.99573e-04 2.54251e-17
8.60427e-04 2.54327e-17
9.25913e-04 2.54411e-17
9.96382e-04 2.54482e-17
1.07222e-03 2.54268e-17
1.15382e-03 2.54419e-17
1.24164e-03 2.54298e-17
1.33613e-03 2.54456e-17
1.43783e-03 2.54288e-17
1.54726e-03 2.54574e-17
1.66502e-03 2.54510e-17
1.79174e-03 2.54302e-17
1.92810e-03 2.54372e-17
2.07485e-03 2.54330e-17
2.23276e-03 2.54524e-17
2.40269e-03 2.54523e-17
2.58556e-03 2.54452e-17
2.78234e-03 2.54313e-17
2.99410e-03 2.54752e-17
3.22198e-03 2.54504e-17
3.46720e-03 2.54327e-17
3.73108e-03 2.54524e-17
4.01504e-03 2.54542e-17
4.32062e-03 2.54711e-17
4.64946e-03 2.54549e-17
5.00332e-03 2.54597e-17
5.38412e-03 2.54668e-17
5.79389e-03 2.54522e-17
6.23486e-03 2.54704e-17
6.70938e-03 2.54895e-17
7.22002e-03 2.54766e-17
7.76953e-03 2.54729e-17
8.36085e-03 2.54920e-17
8.99718e-03 2.55121e-17
9.68194e-03 2.55082e-17
1.04188e-02 2.54973e-17
1.12118e-02 2.55080e-17
1.20651e-02 2.55348e-17
1.29833e-02 2.55159e-17
1.39715e-02 2.55207e-17
1.50348e-02 2.55596e-17
1.61791e-02 2.55458e-17
1.74105e-02 2.55774e-17
1.87356e-02 2.55890e-17
2.01615e-02 2.55867e-17
2.16960e-02 2.56136e-17
2.33472e-02 2.56379e-17
2.51241e-02 2.56493e-17
2.70363e-02 2.56370e-17
2.90940e-02 2.56673e-17
3.13082e-02 2.56982e-17
3.36911e-02 2.57124e-17
3.62552e-02 2.57258e-17
3.90146e-02 2.57646e-17
4.19839e-02 2.57788e-17
4.51792e-02 2.58078e-17
4.86178e-02 2.58400e-17
5.23180e-02 2.58641e-17
5.62998e-02 2.59106e-17
6.05847e-02 2.59403e-17
6.51957e-02 2.59940e-17
7.01576e-02 2.60284e-17
7.54972e-02 2.60862e-17
8.12432e-02 2.61164e-17
8.74265e-02 2.61881e-17
9.40804e-02 2.62399e-17
1.01241e-01 2.63183e-17
1.08946e-01 2.63813e-17
1.17238e-01 2.64543e-17
1.26160e-01 2.65505e-17
1.35762e-01 2.66451e-17
1.46095e-01 2.67312e-17
1.57214e-01 2.68482e-17
1.69179e-01 2.69661e-17
1.82055e-01 2.71195e-17
1.95911e-01 2.72481e-17
2.10822e-01 2.74097e-17
2.26867e-01 2.76010e-17
2.44133e-01 2.77747e-17
2.62714e-01 2.79661e-17
2.82709e-01 2.82128e-17
3.04225e-01 2.84823e-17
3.27379e-01 2.87578e-17
3.52296e-01 2.90874e-17
3.79108e-01 2.94516e-17
4.07962e-01 2.98779e-17
4.39011e-01 3.03199e-17
4.72423e-01 3.08685e-17
5.08379e-01 3.14764e-17
5.47071e-01 3.21384e-17
5.88707e-01 3.29588e-17
6.33513e-01 3.38987e-17
6.81728e-01 3.50702e-17
7.33614e-01 3.64331e-17
7.89448e-01 3.80917e-17
8.49531e-01 4.01651e-17
9.14188e-01 4.27900e-17
9.83765e-01 4.62903e-17
1.05864e+00 5.11687e-17
1.13921e+00 5.82771e-17
1.22591e+00 6.97883e-17
1.31921e+00 9.68806e-17
1.41962e+00 2.10885e-16
1.52766e+00 1.88673e-16
1.64393e+00 1.76598e-16
1.76905e+00 1.68966e-16
1.90369e+00 1.62537e-16
2.04857e+00 1.57440e-16
2.20449e+00 1.52444e-16
2.37227e+00 1.48352e-16
2.55282e+00 1.44855e-16
2.74711e+00 1.41098e-16
2.95619e+00 1.37983e-16
3.18118e+00 1.34953e-16
3.42329e+00 1.31929e-16
3.68383e+00 1.29152e-16
3.96420e+00 1.26203e-16
4.26591e+00 1.23683e-16
4.59058e+00 1.20998e-16
4.93996e+00 1.18447e-16
5.31594e+00 1.15914e-16
5.72052e+00 1.13516e-16
6.15590e+00 1.11225e-16
6.62442e+00 1.08630e-16
7.12859e+00 1.06326e-16
7.67114e+00 1.03712e-16
8.25498e+00 1.01414e-16
8.88325e+00 9.90551e-17
9.55934e+00 9.66000e-17
1.02869e+01 9.41263e-17
1.10698e+01 9.15229e-17
1.19123e+01 8.91220e-17
1.28189e+01 8.64392e-17
1.37946e+01 8.36722e-17
1.48444e+01 8.10261e-17
1.59742e+01 7.81873e-17
1.71900e+01 7.52566e-17
1.84983e+01 7.21728e-17
1.99062e+01 6.90465e-17
2.14212e+01 6.58405e-17
2.30515e+01 6.22523e-17
2.48060e+01 5.87177e-17
2.66939e+01 5.48301e-17
2.87255e+01 5.07707e-17
3.09118e+01 4.65654e-17
3.32644e+01 4.18980e-17
3.57961e+01 3.69594e-17
3.85205e+01 3.14891e-17
4.14523e+01 2.54297e-17
4.46071e+01 1.88136e-17
4.80021e+01 1.19122e-17
5.16555e+01 5.61762e-18
5.55869e+01 1.43567e-18
5.98175e+01 7.51204e-20
6.43701e+01 4.97667e-24
6.92692e+01 0.00000e+00
