3.17098e-05 2.32091e-17
3.41311e-05 2.31983e-17
3.67372e-05 2.31994e-17
3.95424e-05 2.31831e-17
4.25617e-05 2.31913e-17
4.58116e-05 2.31775e-17
4.93096e-05 2.31968e-17
5.30748e-05 2.31904e-17
5.71274e-05 2.31904e-17
6.14895e-05 2.31828e-17
6.61846e-05 2.31773e-17
7.12383e-05 2.31844e-17
7.66778e-05 2.31819e-17
8.25327e-05 2.32155e-17
8.88347e-05 2.31735e-17
9.56178e-05 2.31979e-17
1.02919e-04 2.31841e-17
1.10778e-04 2.32023e-17
1.19236e-04 2.31866e-17
1.28341e-04 2.31932e-17
1.38140e-04 2.31754e-17
1.48688e-04 2.31784e-17
1.60042e-04 2.31982e-17
1.72262e-04 2.31932e-17
1.85416e-04 2.32024e-17
1.99573e-04 2.32110e-17
2.14812e-04 2.31835e-17
2.31215e-04 2.32149e-17
2.48870e-04 2.31785e-17
2.67873e-04 2.31819e-17
2.88326e-04 2.31864e-17
3.10342e-04 2.31908e-17
3.34039e-04 2.31819e-17
3.59545e-04 2.31952e-17
3.86999e-04 2.31886e-17
4.16549e-04 2.32023e-17
4.48356e-04 2.31709e-17
4.82591e-04 2.31970e-17
5.19440e-04 2.31975e-17
5.59103e-04 2.31895e-17
6.01795e-04 2.32003e-17
6.47746e-04 2.31980e-17
6.97206e-04 2.31795e-17
7.50442e-04 2.32018e-17
8.07744e-04 2.32023e-17
8.69421e-04 2.32060e-17
9.35807e-04 2.31810e-17
1.00726e-03 2.31854e-17
1.08417e-03 2.32126e-17
1.16696e-03 2.32080e-17
1.25606e-03 2.31981e-17
1.35197e-03 2.32200e-17
1.45521e-03 2.32117e-17
1.56632e-03 2.31941e-17
1.68592e-03 2.32039e-17
1.81465e-03 2.31933e-17
1.95322e-03 2.32065e-17
2.10236e-03 2.32181e-17
2.26289e-03 2.32058e-17
2.43567e-03 2.31944e-17
2.62166e-03 2.32316e-17
2.82184e-03 2.32302e-17
3.03731e-03 2.32099e-17
3.26923e-03 2.32249e-17
3.51885e-03 2.32086e-17
3.78754e-03 2.32202e-17
4.07675e-03 2.32225e-17
4.38804e-03 2.32340e-17
4.72310e-03 2.32296e-17
5.08374e-03 2.32201e-17
5.47192e-03 2.32164e-17
5.88974e-03 2.32468e-17
6.33946e-03 2.32169e-17
6.82352e-03 2.32447e-17
7.34455e-03 2.32579e-17
7.90535e-03 2.32342e-17
8.50898e-03 2.32540e-17
9.15870e-03 2.32493e-17
9.85804e-03 2.32662e-17
1.06108e-02 2.32699e-17
1.14210e-02 2.32801e-17
1.22930e-02 2.32768e-17
1.32317e-02 2.32936e-17
1.42420e-02 2.32962e-17
1.53295e-02 2.32936e-17
1.65000e-02 2.33135e-17
1.77599e-02 2.33203e-17
1.91160e-02 2.33301e-17
2.05757e-02 2.33333e-17
2.21468e-02 2.33480e-17
2.38378e-02 2.33806e-17
2.56580e-02 2.33905e-17
2.76172e-02 2.33919e-17
2.97260e-02 2.34112e-17
3.19958e-02 2.34294e-17
3.44389e-02 2.34270e-17
3.70685e-02 2.34759e-17
3.98989e-02 2.34869e-17
4.29455e-02 2.35147e-17
4.62247e-02 2.35285e-17
4.97543e-02 2.35507e-17
5.35534e-02 2.35961e-17
5.76426e-02 2.36213e-17
6.20440e-02 2.36598e-17
6.67815e-02 2.36965e-17
7.18807e-02 2.37426e-17
7.73693e-02 2.37862e-17
8.32770e-02 2.38289e-17
8.96358e-02 2.38875e-17
9.64801e-02 2.39486e-17
1.03847e-01 2.39890e-17
1.11777e-01 2.40730e-17
1.20311e-01 2.41442e-17
1.29498e-01 2.42244e-17
1.39386e-01 2.43133e-17
1.50029e-01 2.43907e-17
1.61485e-01 2.44947e-17
1.73816e-01 2.46269e-17
1.87088e-01 2.47429e-17
2.01373e-01 2.48703e-17
2.16749e-01 2.50289e-17
2.33300e-01 2.51678e-17
2.51114e-01 2.53460e-17
2.70288e-01 2.55470e-17
2.90927e-01 2.57634e-17
3.13141e-01 2.60263e-17
3.37051e-01 2.62807e-17
3.62788e-01 2.66059e-17
3.90489e-01 2.69162e-17
4.20306e-01 2.72966e-17
4.52399e-01 2.77464e-17
4.86943e-01 2.82259e-17
5.24125e-01 2.87735e-17
5.64145e-01 2.94298e-17
6.07222e-01 3.01701e-17
6.53587e-01 3.10575e-17
7.03493e-01 3.21383e-17
7.57210e-01 3.34010e-17
8.15028e-01 3.49934e-17
8.77262e-01 3.69213e-17
9.44247e-01 3.94141e-17
1.01635e+00 4.26715e-17
1.09395e+00 4.70638e-17
1.17748e+00 5.35149e-17
1.26739e+00 6.34127e-17
1.36417e+00 8.34310e-17
1.46833e+00 1.96514e-16
1.58045e+00 1.72833e-16
1.70113e+00 1.61692e-16
1.83102e+00 1.54676e-16
1.97083e+00 1.48697e-16
2.12132e+00 1.44266e-16
2.28329e+00 1.40058e-16
2.45764e+00 1.36329e-16
2.64530e+00 1.32961e-16
2.84729e+00 1.30165e-16
3.06470e+00 1.27191e-16
3.29871e+00 1.24360e-16
3.55059e+00 1.21719e-16
3.82170e+00 1.19132e-16
4.11351e+00 1.16789e-16
4.42761e+00 1.14496e-16
4.76569e+00 1.12226e-16
5.12958e+00 1.10103e-16
5.52126e+00 1.07883e-16
5.94285e+00 1.05762e-16
6.39663e+00 1.03511e-16
6.88506e+00 1.01496e-16
7.41078e+00 9.91639e-17
7.97664e+00 9.72389e-17
8.58572e+00 9.49006e-17
9.24130e+00 9.31056e-17
9.94694e+00 9.06476e-17
1.07065e+01 8.85146e-17
1.15240e+01 8.63034e-17
1.24039e+01 8.40858e-17
1.33510e+01 8.17003e-17
1.43705e+01 7.92427e-17
1.54678e+01 7.67450e-17
1.66488e+01 7.42321e-17
1.79201e+01 7.15837e-17
1.92884e+01 6.88036e-17
2.07612e+01 6.58336e-17
2.23465e+01 6.27114e-17
2.40528e+01 5.95407e-17
2.58894e+01 5.61742e-17
2.78663e+01 5.26456e-17
2.99940e+01 4.87816e-17
3.22843e+01 4.47106e-17
3.47494e+01 4.03533e-17
3.74028e+01 3.55187e-17
4.02588e+01 3.03040e-17
4.33328e+01 2.45248e-17
4.66416e+01 1.81621e-17
5.02030e+01 1.15282e-17
5.40363e+01 5.43960e-18
5.81624e+01 1.39787e-18
6.26035e+01 7.40587e-20
6.73837e+01 5.06669e-24
7.25290e+01 0.00000e+00
