3.17098e-05 5.43252e-17
3.41311e-05 5.43204e-17
3.67372e-05 5.43475e-17
3.95424e-05 5.43412e-17
4.25617e-05 5.43904e-17
4.58116e-05 5.43159e-17
4.93096e-05 5.42966e-17
5.30748e-05 5.43332e-17
5.71274e-05 5.43872e-17
6.14895e-05 5.43589e-17
6.61846e-05 5.43347e-17
7.12383e-05 5.43458e-17
7.66778e-05 5.43855e-17
8.25327e-05 5.44100e-17
8.88347e-05 5.43334e-17
9.56178e-05 5.43579e-17
1.02919e-04 5.43088e-17
1.10778e-04 5.43943e-17
1.19236e-04 5.43802e-17
1.28341e-04 5.44215e-17
1.38140e-04 5.44032e-17
1.48688e-04 5.43643e-17
1.60042e-04 5.43583e-17
1.72262e-04 5.42731e-17
1.85416e-04 5.43616e-17
1.99573e-04 5.43432e-17
2.14812e-04 5.43382e-17
2.31215e-04 5.43403e-17
2.48870e-04 5.43752e-17
2.67873e-04 5.44254e-17
2.88326e-04 5.44012e-17
3.10342e-04 5.43788e-17
3.34039e-04 5.43261e-17
3.59545e-04 5.43569e-17
3.86999e-04 5.43528e-17
4.16549e-04 5.43558e-17
4.48356e-04 5.43612e-17
4.82591e-04 5.43810e-17
5.19440e-04 5.43473e-17
5.59103e-04 5.43964e-17
6.01795e-04 5.43708e-17
6.47746e-04 5.44058e-17
6.97206e-04 5.43478e-17
7.50442e-04 5.44042e-17
8.07744e-04 5.43684e-17
8.69421e-04 5.44069e-17
9.35807e-04 5.43740e-17
1.00726e-03 5.43419e-17
1.08417e-03 5.44008e-17
1.16696e-03 5.43809e-17
1.25606e-03 5.44046e-17
1.35197e-03 5.44536e-17
1.45521e-03 5.43226e-17
1.56632e-03 5.43679e-17
1.68592e-03 5.43194e-17
1.81465e-03 5.43747e-17
1.95322e-03 5.43433e-17
2.10236e-03 5.43525e-17
2.26289e-03 5.43701e-17
2.43567e-03 5.44179e-17
2.62166e-03 5.43335e-17
2.82184e-03 5.43808e-17
3.03731e-03 5.43903e-17
3.26923e-03 5.44248e-17
3.51885e-03 5.43415e-17
3.78754e-03 5.43232e-17
4.07675e-03 5.43645e-17
4.38804e-03 5.44604e-17
4.72310e-03 5.43770e-17
5.08374e-03 5.43407e-17
5.47192e-03 5.44150e-17
5.88974e-03 5.44438e-17
6.33946e-03 5.44441e-17
6.82352e-03 5.44106e-17
7.34455e-03 5.43629e-17
7.90535e-03 5.43736e-17
8.50898e-03 5.43703e-17
9.15870e-03 5.44254e-17
9.85804e-03 5.44180e-17
1.06108e-02 5.43733e-17
1.14210e-02 5.43978e-17
1.22930e-02 5.43134e-17
1.32317e-02 5.44757e-17
1.42420e-02 5.43649e-17
1.53295e-02 5.44460e-17
1.65000e-02 5.44048e-17
1.77599e-02 5.43892e-17
1.91160e-02 5.44503e-17
2.05757e-02 5.44178e-17
2.21468e-02 5.44146e-17
2.38378e-02 5.44804e-17
2.56580e-02 5.43855e-17
2.76172e-02 5.44648e-17
2.97260e-02 5.44453e-17
3.19958e-02 5.44443e-17
3.44389e-02 5.44292e-17
3.70685e-02 5.44539e-17
3.98989e-02 5.44048e-17
4.29455e-02 5.43987e-17
4.62247e-02 5.44223e-17
4.97543e-02 5.44695e-17
5.35534e-02 5.45747e-17
5.76426e-02 5.44129e-17
6.20440e-02 5.44575e-17
6.67815e-02 5.44918e-17
7.18807e-02 5.45115e-17
7.73693e-02 5.44295e-17
8.32770e-02 5.45033e-17
8.96358e-02 5.44973e-17
9.64801e-02 5.45518e-17
1.03847e-01 5.45732e-17
1.11777e-01 5.45610e-17
1.20311e-01 5.46389e-17
1.29498e-01 5.46321e-17
1.39386e-01 5.46430e-17
1.50029e-01 5.46989e-17
1.61485e-01 5.46406e-17
1.73816e-01 5.46549e-17
1.87088e-01 5.47146e-17
2.01373e-01 5.47543e-17
2.16749e-01 5.47609e-17
2.33300e-01 5.48150e-17
2.51114e-01 5.48017e-17
2.70288e-01 5.48562e-17
2.90927e-01 5.48973e-17
3.13141e-01 5.49140e-17
3.37051e-01 5.49131e-17
3.62788e-01 5.50575e-17
3.90489e-01 5.50371e-17
4.20306e-01 5.51349e-17
4.52399e-01 5.51944e-17
4.86943e-01 5.52663e-17
5.24125e-01 5.53422e-17
5.64145e-01 5.54034e-17
6.07222e-01 5.55599e-17
6.53587e-01 5.56287e-17
7.03493e-01 5.57476e-17
7.57210e-01 5.59138e-17
8.15028e-01 5.59821e-17
8.77262e-01 5.62561e-17
9.44247e-01 5.64349e-17
1.01635e+00 5.66683e-17
1.09395e+00 5.70029e-17
1.17748e+00 5.73950e-17
1.26739e+00 5.81048e-17
1.36417e+00 5.92740e-17
1.46833e+00 2.61573e-16
1.58045e+00 3.14018e-16
1.70113e+00 2.98217e-16
1.83102e+00 3.16001e-16
1.97083e+00 3.15020e-16
2.12132e+00 3.15855e-16
2.28329e+00 3.16922e-16
2.45764e+00 3.17309e-16
2.64530e+00 3.18160e-16
2.84729e+00 3.20505e-16
3.06470e+00 3.20830e-16
3.29871e+00 3.21968e-16
3.55059e+00 3.22879e-16
3.82170e+00 3.24822e-16
4.11351e+00 3.27006e-16
4.42761e+00 3.28362e-16
4.76569e+00 3.30726e-16
5.12958e+00 3.32856e-16
5.52126e+00 3.35127e-16
5.94285e+00 3.38374e-16
6.39663e+00 3.40793e-16
6.88506e+00 3.42421e-16
7.41078e+00 3.45922e-16
7.97664e+00 3.49225e-16
8.58572e+00 3.52689e-16
9.24130e+00 3.56713e-16
9.94694e+00 3.61399e-16
1.07065e+01 3.65721e-16
1.15240e+01 3.70219e-16
1.24039e+01 3.74868e-16
1.33510e+01 3.81254e-16
1.43705e+01 3.87500e-16
1.54678e+01 3.94180e-16
1.66488e+01 4.02218e-16
1.79201e+01 4.10364e-16
1.92884e+01 4.18508e-16
2.07612e+01 4.28544e-16
2.23465e+01 4.38889e-16
2.40528e+01 4.50073e-16
2.58894e+01 4.63315e-16
2.78663e+01 4.76290e-16
2.99940e+01 4.91855e-16
3.22843e+01 5.08428e-16
3.47494e+01 5.27375e-16
3.74028e+01 5.45966e-16
4.02588e+01 5.64988e-16
4.33328e+01 5.80477e-16
4.66416e+01 5.81260e-16
5.02030e+01 5.45801e-16
5.40363e+01 4.36677e-16
5.81624e+01 2.33741e-16
6.26035e+01 3.73604e-17
6.73837e+01 1.85997e-20
7.25290e+01 0.00000e+00
