3.17098e-05 5.68563e-17
3.41272e-05 5.69950e-17
3.67288e-05 5.68500e-17
3.95288e-05 5.68683e-17
4.25423e-05 5.69216e-17
4.57854e-05 5.68954e-17
4.92758e-05 5.68868e-17
5.30323e-05 5.69101e-17
5.70752e-05 5.68794e-17
6.14263e-05 5.69588e-17
6.61091e-05 5.68756e-17
7.11488e-05 5.68758e-17
7.65728e-05 5.69643e-17
8.24103e-05 5.68725e-17
8.86928e-05 5.69675e-17
9.54542e-05 5.69833e-17
1.02731e-04 5.68336e-17
1.10563e-04 5.69380e-17
1.18991e-04 5.69646e-17
1.28063e-04 5.69719e-17
1.37825e-04 5.69223e-17
1.48332e-04 5.68977e-17
1.59640e-04 5.68768e-17
1.71810e-04 5.68947e-17
1.84908e-04 5.69317e-17
1.99004e-04 5.69085e-17
2.14175e-04 5.69564e-17
2.30503e-04 5.68960e-17
2.48075e-04 5.69358e-17
2.66987e-04 5.69346e-17
2.87340e-04 5.68591e-17
3.09245e-04 5.69245e-17
3.32820e-04 5.69425e-17
3.58193e-04 5.69491e-17
3.85499e-04 5.68961e-17
4.14887e-04 5.68969e-17
4.46516e-04 5.68880e-17
4.80556e-04 5.68564e-17
5.17191e-04 5.69181e-17
5.56618e-04 5.68928e-17
5.99052e-04 5.69556e-17
6.44720e-04 5.69222e-17
6.93869e-04 5.69271e-17
7.46766e-04 5.68528e-17
8.03695e-04 5.69382e-17
8.64964e-04 5.69057e-17
9.30904e-04 5.68577e-17
1.00187e-03 5.68596e-17
1.07825e-03 5.68887e-17
1.16045e-03 5.69023e-17
1.24891e-03 5.68444e-17
1.34412e-03 5.68816e-17
1.44659e-03 5.69605e-17
1.55687e-03 5.68902e-17
1.67556e-03 5.68986e-17
1.80329e-03 5.69292e-17
1.94076e-03 5.68856e-17
2.08872e-03 5.69099e-17
2.24795e-03 5.68639e-17
2.41932e-03 5.69016e-17
2.60375e-03 5.69419e-17
2.80225e-03 5.68752e-17
3.01587e-03 5.69134e-17
3.24579e-03 5.69315e-17
3.49323e-03 5.69675e-17
3.75953e-03 5.69003e-17
4.04613e-03 5.69313e-17
4.35459e-03 5.68991e-17
4.68656e-03 5.68484e-17
5.04383e-03 5.68904e-17
5.42834e-03 5.69370e-17
5.84217e-03 5.68848e-17
6.28754e-03 5.68393e-17
6.76687e-03 5.69119e-17
7.28273e-03 5.69079e-17
7.83793e-03 5.69336e-17
8.43544e-03 5.69275e-17
9.07851e-03 5.69380e-17
9.77061e-03 5.69363e-17
1.05155e-02 5.69133e-17
1.13171e-02 5.69336e-17
1.21798e-02 5.69769e-17
1.31084e-02 5.69633e-17
1.41077e-02 5.69144e-17
1.51832e-02 5.69386e-17
1.63406e-02 5.69512e-17
1.75863e-02 5.68769e-17
1.89270e-02 5.69594e-17
2.03699e-02 5.69770e-17
2.19228e-02 5.69151e-17
2.35941e-02 5.69131e-17
2.53927e-02 5.69707e-17
2.73285e-02 5.69972e-17
2.94119e-02 5.69103e-17
3.16541e-02 5.69355e-17
3.40672e-02 5.70227e-17
3.66643e-02 5.69947e-17
3.94594e-02 5.69299e-17
4.24675e-02 5.69777e-17
4.57050e-02 5.70109e-17
4.91893e-02 5.70061e-17
5.29392e-02 5.69859e-17
5.69749e-02 5.69681e-17
6.13184e-02 5.70274e-17
6.59929e-02 5.70569e-17
7.10239e-02 5.70351e-17
7.64383e-02 5.70517e-17
8.22655e-02 5.70947e-17
8.85370e-02 5.70025e-17
9.52865e-02 5.70863e-17
1.02551e-01 5.70972e-17
1.10368e-01 5.71583e-17
1.18782e-01 5.71240e-17
1.27838e-01 5.71277e-17
1.37583e-01 5.71824e-17
1.48072e-01 5.71591e-17
1.59360e-01 5.71106e-17
1.71508e-01 5.72574e-17
1.84583e-01 5.72654e-17
1.98655e-01 5.72196e-17
2.13799e-01 5.73048e-17
2.30098e-01 5.73323e-17
2.47639e-01 5.73872e-17
2.66518e-01 5.73890e-17
2.86835e-01 5.74437e-17
3.08702e-01 5.74990e-17
3.32236e-01 5.75303e-17
3.57564e-01 5.76383e-17
3.84822e-01 5.76734e-17
4.14159e-01 5.76831e-17
4.45732e-01 5.77611e-17
4.79712e-01 5.78046e-17
5.16282e-01 5.79131e-17
5.55640e-01 5.79763e-17
5.97999e-01 5.81000e-17
6.43587e-01 5.82303e-17
6.92650e-01 5.83821e-17
7.45454e-01 5.84542e-17
8.02283e-01 5.86397e-17
8.63445e-01 5.87772e-17
9.29268e-01 5.90670e-17
1.00011e+00 5.92728e-17
1.07635e+00 5.96124e-17
1.15841e+00 6.00987e-17
1.24672e+00 6.07296e-17
1.34176e+00 6.20591e-17
1.44405e+00 3.35896e-16
1.55413e+00 3.36518e-16
1.67261e+00 3.35238e-16
1.80012e+00 3.33757e-16
1.93735e+00 3.35945e-16
2.08505e+00 3.34102e-16
2.24400e+00 3.36749e-16
2.41507e+00 3.37791e-16
2.59918e+00 3.38349e-16
2.79732e+00 3.39884e-16
3.01058e+00 3.41203e-16
3.24008e+00 3.43281e-16
3.48709e+00 3.44081e-16
3.75292e+00 3.45904e-16
4.03903e+00 3.46655e-16
4.34694e+00 3.48618e-16
4.67832e+00 3.50174e-16
5.03497e+00 3.51480e-16
5.41881e+00 3.54845e-16
5.83191e+00 3.57097e-16
6.27650e+00 3.59135e-16
6.75498e+00 3.62255e-16
7.26994e+00 3.65074e-16
7.82416e+00 3.68173e-16
8.42062e+00 3.71105e-16
9.06256e+00 3.75603e-16
9.75344e+00 3.80035e-16
1.04970e+01 3.84450e-16
1.12972e+01 3.89801e-16
1.21584e+01 3.94733e-16
1.30853e+01 3.99441e-16
1.40829e+01 4.05598e-16
1.51565e+01 4.10815e-16
1.63119e+01 4.18572e-16
1.75555e+01 4.25441e-16
1.88938e+01 4.34572e-16
2.03341e+01 4.44532e-16
2.18843e+01 4.53832e-16
2.35526e+01 4.65110e-16
2.53481e+01 4.76478e-16
2.72805e+01 4.90182e-16
2.93602e+01 5.04887e-16
3.15985e+01 5.21002e-16
3.40074e+01 5.39186e-16
3.65999e+01 5.58200e-16
3.93900e+01 5.77283e-16
4.23929e+01 5.93281e-16
4.56247e+01 5.93430e-16
4.91029e+01 5.56134e-16
5.28462e+01 4.44792e-16
5.68749e+01 2.37818e-16
6.12107e+01 3.78043e-17
6.58770e+01 1.84951e-20
7.08991e+01 0.00000e+00
