3.17098e-05 5.96940e-17
3.41232e-05 5.96223e-17
3.67202e-05 5.96548e-17
3.95150e-05 5.95489e-17
4.25224e-05 5.95997e-17
4.57587e-05 5.96142e-17
4.92413e-05 5.96050e-17
5.29890e-05 5.96108e-17
5.70219e-05 5.95939e-17
6.13617e-05 5.96184e-17
6.60319e-05 5.96145e-17
7.10574e-05 5.96022e-17
7.64655e-05 5.95881e-17
8.22852e-05 5.95627e-17
8.85478e-05 5.96074e-17
9.52870e-05 5.96441e-17
1.02539e-04 5.95868e-17
1.10343e-04 5.95529e-17
1.18741e-04 5.96552e-17
1.27778e-04 5.96097e-17
1.37503e-04 5.95805e-17
1.47969e-04 5.96236e-17
1.59230e-04 5.96096e-17
1.71349e-04 5.95600e-17
1.84390e-04 5.96037e-17
1.98424e-04 5.96134e-17
2.13526e-04 5.96965e-17
2.29777e-04 5.96048e-17
2.47265e-04 5.96108e-17
2.66083e-04 5.95877e-17
2.86335e-04 5.95660e-17
3.08127e-04 5.96257e-17
3.31578e-04 5.95685e-17
3.56814e-04 5.96078e-17
3.83971e-04 5.96439e-17
4.13194e-04 5.96806e-17
4.44641e-04 5.96064e-17
4.78482e-04 5.95780e-17
5.14899e-04 5.96041e-17
5.54087e-04 5.96562e-17
5.96258e-04 5.95981e-17
6.41638e-04 5.95808e-17
6.90472e-04 5.95892e-17
7.43023e-04 5.95996e-17
7.99573e-04 5.95634e-17
8.60427e-04 5.95988e-17
9.25913e-04 5.95463e-17
9.96382e-04 5.96267e-17
1.07222e-03 5.96247e-17
1.15382e-03 5.95751e-17
1.24164e-03 5.96176e-17
1.33613e-03 5.95953e-17
1.43783e-03 5.96651e-17
1.54726e-03 5.96726e-17
1.66502e-03 5.95716e-17
1.79174e-03 5.95993e-17
1.92810e-03 5.96067e-17
2.07485e-03 5.96374e-17
2.23276e-03 5.95882e-17
2.40269e-03 5.95764e-17
2.58556e-03 5.96442e-17
2.78234e-03 5.96026e-17
2.99410e-03 5.96279e-17
3.22198e-03 5.96143e-17
3.46720e-03 5.95874e-17
3.73108e-03 5.95930e-17
4.01504e-03 5.96233e-17
4.32062e-03 5.96411e-17
4.64946e-03 5.95578e-17
5.00332e-03 5.96104e-17
5.38412e-03 5.96461e-17
5.79389e-03 5.95781e-17
6.23486e-03 5.96886e-17
6.70938e-03 5.96529e-17
7.22002e-03 5.96588e-17
7.76953e-03 5.95778e-17
8.36085e-03 5.96839e-17
8.99718e-03 5.96203e-17
9.68194e-03 5.96593e-17
1.04188e-02 5.96475e-17
1.12118e-02 5.96701e-17
1.20651e-02 5.96435e-17
1.29833e-02 5.96354e-17
1.39715e-02 5.96384e-17
1.50348e-02 5.96538e-17
1.61791e-02 5.96344e-17
1.74105e-02 5.95983e-17
1.87356e-02 5.97142e-17
2.01615e-02 5.96705e-17
2.16960e-02 5.96830e-17
2.33472e-02 5.96682e-17
2.51241e-02 5.96614e-17
2.70363e-02 5.96132e-17
2.90940e-02 5.96420e-17
3.13082e-02 5.96342e-17
3.36911e-02 5.96467e-17
3.62552e-02 5.96122e-17
3.90146e-02 5.96690e-17
4.19839e-02 5.96806e-17
4.51792e-02 5.96428e-17
4.86178e-02 5.97056e-17
5.23180e-02 5.96779e-17
5.62998e-02 5.97548e-17
6.05847e-02 5.96696e-17
6.51957e-02 5.97666e-17
7.01576e-02 5.97292e-17
7.54972e-02 5.97284e-17
8.12432e-02 5.97442e-17
8.74265e-02 5.97989e-17
9.40804e-02 5.97809e-17
1.01241e-01 5.97909e-17
1.08946e-01 5.97715e-17
1.17238e-01 5.98517e-17
1.26160e-01 5.98464e-17
1.35762e-01 5.99140e-17
1.46095e-01 5.99115e-17
1.57214e-01 5.99722e-17
1.69179e-01 5.99039e-17
1.82055e-01 5.99520e-17
1.95911e-01 6.00199e-17
2.10822e-01 6.00376e-17
2.26867e-01 6.00167e-17
2.44133e-01 6.00992e-17
2.62714e-01 6.00579e-17
2.82709e-01 6.01800e-17
3.04225e-01 6.01931e-17
3.27379e-01 6.02520e-17
3.52296e-01 6.03499e-17
3.79108e-01 6.04103e-17
4.07962e-01 6.05078e-17
4.39011e-01 6.04860e-17
4.72423e-01 6.05964e-17
5.08379e-01 6.06716e-17
5.47071e-01 6.07726e-17
5.88707e-01 6.08354e-17
6.33513e-01 6.09864e-17
6.81728e-01 6.11476e-17
7.33614e-01 6.12790e-17
7.89448e-01 6.13889e-17
8.49531e-01 6.16843e-17
9.14188e-01 6.17710e-17
9.83765e-01 6.21111e-17
1.05864e+00 6.25213e-17
1.13921e+00 6.29903e-17
1.22591e+00 6.36107e-17
1.31921e+00 6.50838e-17
1.41962e+00 3.54153e-16
1.52766e+00 3.53098e-16
1.64393e+00 3.49100e-16
1.76905e+00 3.54316e-16
1.90369e+00 3.55165e-16
2.04857e+00 3.56541e-16
2.20449e+00 3.57942e-16
2.37227e+00 3.56699e-16
2.55282e+00 3.58410e-16
2.74711e+00 3.58778e-16
2.95619e+00 3.60414e-16
3.18118e+00 3.61597e-16
3.42329e+00 3.62410e-16
3.68383e+00 3.64220e-16
3.96420e+00 3.66509e-16
4.26591e+00 3.67465e-16
4.59058e+00 3.69181e-16
4.93996e+00 3.72238e-16
5.31594e+00 3.73447e-16
5.72052e+00 3.76387e-16
6.15590e+00 3.78823e-16
6.62442e+00 3.81428e-16
7.12859e+00 3.83616e-16
7.67114e+00 3.86416e-16
8.25498e+00 3.90285e-16
8.88325e+00 3.93418e-16
9.55934e+00 3.97668e-16
1.02869e+01 4.00640e-16
1.10698e+01 4.06868e-16
1.19123e+01 4.11272e-16
1.28189e+01 4.16743e-16
1.37946e+01 4.22271e-16
1.48444e+01 4.28567e-16
1.59742e+01 4.34113e-16
1.71900e+01 4.41709e-16
1.84983e+01 4.49382e-16
1.99062e+01 4.59139e-16
2.14212e+01 4.68597e-16
2.30515e+01 4.78607e-16
2.48060e+01 4.90650e-16
2.66939e+01 5.02703e-16
2.87255e+01 5.17444e-16
3.09118e+01 5.33508e-16
3.32644e+01 5.52290e-16
3.57961e+01 5.71910e-16
3.85205e+01 5.90716e-16
4.14523e+01 6.05179e-16
4.46071e+01 6.05564e-16
4.80021e+01 5.67706e-16
5.16555e+01 4.53750e-16
5.55869e+01 2.41995e-16
5.98175e+01 3.82786e-17
6.43701e+01 1.84349e-20
6.92692e+01 0.00000e+00
