3.17098e-05 2.21740e-17
3.41349e-05 2.21940e-17
3.67454e-05 2.21969e-17
3.95556e-05 2.21794e-17
4.25807e-05 2.21823e-17
4.58372e-05 2.21837e-17
4.93427e-05 2.21843e-17
5.31163e-05 2.21701e-17
5.71784e-05 2.21843e-17
6.15513e-05 2.21948e-17
6.62586e-05 2.21951e-17
7.13259e-05 2.21881e-17
7.67807e-05 2.21800e-17
8.26526e-05 2.21863e-17
8.89737e-05 2.22144e-17
9.57782e-05 2.21822e-17
1.03103e-04 2.21785e-17
1.10988e-04 2.21785e-17
1.19476e-04 2.21824e-17
1.28613e-04 2.21903e-17
1.38449e-04 2.21891e-17
1.49038e-04 2.21849e-17
1.60436e-04 2.21747e-17
1.72705e-04 2.21899e-17
1.85913e-04 2.21799e-17
2.00131e-04 2.21793e-17
2.15437e-04 2.21885e-17
2.31913e-04 2.21859e-17
2.49649e-04 2.21839e-17
2.68741e-04 2.21981e-17
2.89294e-04 2.21846e-17
3.11418e-04 2.21964e-17
3.35235e-04 2.21802e-17
3.60873e-04 2.22017e-17
3.88471e-04 2.21864e-17
4.18181e-04 2.21938e-17
4.50162e-04 2.21767e-17
4.84589e-04 2.21885e-17
5.21649e-04 2.21755e-17
5.61543e-04 2.21863e-17
6.04489e-04 2.21719e-17
6.50718e-04 2.22016e-17
7.00484e-04 2.22101e-17
7.54055e-04 2.21817e-17
8.11723e-04 2.21957e-17
8.73801e-04 2.21928e-17
9.40627e-04 2.22040e-17
1.01256e-03 2.22085e-17
1.09000e-03 2.21896e-17
1.17336e-03 2.21945e-17
1.26310e-03 2.21953e-17
1.35970e-03 2.21761e-17
1.46368e-03 2.21963e-17
1.57562e-03 2.22127e-17
1.69612e-03 2.22019e-17
1.82583e-03 2.21901e-17
1.96547e-03 2.21794e-17
2.11578e-03 2.22000e-17
2.27759e-03 2.22110e-17
2.45178e-03 2.22064e-17
2.63928e-03 2.22019e-17
2.84113e-03 2.22195e-17
3.05841e-03 2.22026e-17
3.29231e-03 2.22089e-17
3.54409e-03 2.22157e-17
3.81514e-03 2.22078e-17
4.10691e-03 2.22211e-17
4.42099e-03 2.22011e-17
4.75910e-03 2.21980e-17
5.12306e-03 2.22300e-17
5.51486e-03 2.22259e-17
5.93662e-03 2.22079e-17
6.39064e-03 2.22187e-17
6.87938e-03 2.22254e-17
7.40549e-03 2.22453e-17
7.97184e-03 2.22343e-17
8.58151e-03 2.22293e-17
9.23780e-03 2.22560e-17
9.94428e-03 2.22355e-17
1.07048e-02 2.22657e-17
1.15235e-02 2.22585e-17
1.24047e-02 2.22627e-17
1.33534e-02 2.22666e-17
1.43747e-02 2.23025e-17
1.54740e-02 2.22906e-17
1.66574e-02 2.23001e-17
1.79313e-02 2.23198e-17
1.93027e-02 2.23052e-17
2.07789e-02 2.23231e-17
2.23680e-02 2.23587e-17
2.40786e-02 2.23614e-17
2.59201e-02 2.23819e-17
2.79024e-02 2.23857e-17
3.00363e-02 2.23896e-17
3.23334e-02 2.24225e-17
3.48062e-02 2.24540e-17
3.74680e-02 2.24477e-17
4.03335e-02 2.24799e-17
4.34181e-02 2.25117e-17
4.67386e-02 2.25186e-17
5.03130e-02 2.25441e-17
5.41608e-02 2.25934e-17
5.83029e-02 2.26157e-17
6.27618e-02 2.26398e-17
6.75616e-02 2.26676e-17
7.27285e-02 2.27144e-17
7.82906e-02 2.27692e-17
8.42781e-02 2.28361e-17
9.07234e-02 2.28696e-17
9.76617e-02 2.29019e-17
1.05131e-01 2.29731e-17
1.13171e-01 2.30191e-17
1.21826e-01 2.30900e-17
1.31143e-01 2.31809e-17
1.41172e-01 2.32707e-17
1.51969e-01 2.33288e-17
1.63591e-01 2.34602e-17
1.76102e-01 2.35513e-17
1.89569e-01 2.36631e-17
2.04067e-01 2.38129e-17
2.19674e-01 2.39423e-17
2.36474e-01 2.40908e-17
2.54559e-01 2.42510e-17
2.74027e-01 2.44427e-17
2.94983e-01 2.46512e-17
3.17543e-01 2.49021e-17
3.41828e-01 2.51655e-17
3.67970e-01 2.54557e-17
3.96111e-01 2.57511e-17
4.26405e-01 2.61131e-17
4.59015e-01 2.65337e-17
4.94119e-01 2.70304e-17
5.31908e-01 2.75684e-17
5.72587e-01 2.81957e-17
6.16377e-01 2.89276e-17
6.63515e-01 2.97716e-17
7.14259e-01 3.08330e-17
7.68884e-01 3.20505e-17
8.27686e-01 3.35639e-17
8.90985e-01 3.54475e-17
9.59125e-01 3.78345e-17
1.03248e+00 4.10264e-17
1.11144e+00 4.53064e-17
1.19644e+00 5.13642e-17
1.28794e+00 6.05631e-17
1.38644e+00 7.80314e-17
1.49247e+00 1.89542e-16
1.60661e+00 1.64892e-16
1.72948e+00 1.54053e-16
1.86174e+00 1.47408e-16
2.00412e+00 1.42056e-16
2.15739e+00 1.37393e-16
2.32238e+00 1.33907e-16
2.49999e+00 1.30266e-16
2.69119e+00 1.27196e-16
2.89700e+00 1.24129e-16
3.11855e+00 1.21688e-16
3.35705e+00 1.19161e-16
3.61379e+00 1.16780e-16
3.89016e+00 1.14292e-16
4.18767e+00 1.12134e-16
4.50794e+00 1.09835e-16
4.85269e+00 1.07794e-16
5.22381e+00 1.05775e-16
5.62331e+00 1.03603e-16
6.05337e+00 1.01721e-16
6.51631e+00 9.95447e-17
7.01466e+00 9.76304e-17
7.55113e+00 9.55661e-17
8.12862e+00 9.37223e-17
8.75027e+00 9.17755e-17
9.41947e+00 8.96715e-17
1.01398e+01 8.77556e-17
1.09153e+01 8.55686e-17
1.17501e+01 8.35285e-17
1.26487e+01 8.14829e-17
1.36160e+01 7.91626e-17
1.46574e+01 7.70260e-17
1.57783e+01 7.46260e-17
1.69850e+01 7.22238e-17
1.82840e+01 6.97616e-17
1.96823e+01 6.70696e-17
2.11875e+01 6.41844e-17
2.28079e+01 6.13648e-17
2.45522e+01 5.82841e-17
2.64298e+01 5.49930e-17
2.84511e+01 5.15604e-17
3.06270e+01 4.78270e-17
3.29693e+01 4.38575e-17
3.54907e+01 3.95298e-17
3.82049e+01 3.48850e-17
4.11267e+01 2.97645e-17
4.42720e+01 2.40961e-17
4.76578e+01 1.78778e-17
5.13025e+01 1.13499e-17
5.52260e+01 5.37753e-18
5.94495e+01 1.38245e-18
6.39960e+01 7.35278e-20
6.88903e+01 5.11774e-24
7.41588e+01 0.00000e+00
