3.17098e-05 5.20061e-17
3.41349e-05 5.20320e-17
3.67454e-05 5.20311e-17
3.95556e-05 5.20279e-17
4.25807e-05 5.20106e-17
4.58372e-05 5.19996e-17
4.93427e-05 5.20029e-17
5.31163e-05 5.20183e-17
5.71784e-05 5.20476e-17
6.15513e-05 5.20035e-17
6.62586e-05 5.20013e-17
7.13259e-05 5.19786e-17
7.67807e-05 5.20089e-17
8.26526e-05 5.20077e-17
8.89737e-05 5.20463e-17
9.57782e-05 5.20018e-17
1.03103e-04 5.19961e-17
1.10988e-04 5.20727e-17
1.19476e-04 5.20776e-17
1.28613e-04 5.19760e-17
1.38449e-04 5.20308e-17
1.49038e-04 5.19955e-17
1.60436e-04 5.20198e-17
1.72705e-04 5.20487e-17
1.85913e-04 5.20370e-17
2.00131e-04 5.19753e-17
2.15437e-04 5.20038e-17
2.31913e-04 5.20196e-17
2.49649e-04 5.20459e-17
2.68741e-04 5.20388e-17
2.89294e-04 5.20185e-17
3.11418e-04 5.20458e-17
3.35235e-04 5.19841e-17
3.60873e-04 5.19785e-17
3.88471e-04 5.19699e-17
4.18181e-04 5.20740e-17
4.50162e-04 5.20187e-17
4.84589e-04 5.19825e-17
5.21649e-04 5.20480e-17
5.61543e-04 5.20213e-17
6.04489e-04 5.20084e-17
6.50718e-04 5.20215e-17
7.00484e-04 5.20369e-17
7.54055e-04 5.19398e-17
8.11723e-04 5.19576e-17
8.73801e-04 5.20073e-17
9.40627e-04 5.20369e-17
1.01256e-03 5.19997e-17
1.09000e-03 5.20232e-17
1.17336e-03 5.19679e-17
1.26310e-03 5.20040e-17
1.35970e-03 5.19702e-17
1.46368e-03 5.19800e-17
1.57562e-03 5.19791e-17
1.69612e-03 5.20584e-17
1.82583e-03 5.20009e-17
1.96547e-03 5.20320e-17
2.11578e-03 5.20722e-17
2.27759e-03 5.20322e-17
2.45178e-03 5.19681e-17
2.63928e-03 5.19947e-17
2.84113e-03 5.20321e-17
3.05841e-03 5.19994e-17
3.29231e-03 5.20091e-17
3.54409e-03 5.20499e-17
3.81514e-03 5.19873e-17
4.10691e-03 5.19993e-17
4.42099e-03 5.19322e-17
4.75910e-03 5.20120e-17
5.12306e-03 5.20575e-17
5.51486e-03 5.20052e-17
5.93662e-03 5.20077e-17
6.39064e-03 5.19932e-17
6.87938e-03 5.20265e-17
7.40549e-03 5.19548e-17
7.97184e-03 5.20538e-17
8.58151e-03 5.20172e-17
9.23780e-03 5.20364e-17
9.94428e-03 5.20121e-17
1.07048e-02 5.20634e-17
1.15235e-02 5.21063e-17
1.24047e-02 5.20608e-17
1.33534e-02 5.20180e-17
1.43747e-02 5.20017e-17
1.54740e-02 5.20507e-17
1.66574e-02 5.19874e-17
1.79313e-02 5.20686e-17
1.93027e-02 5.20360e-17
2.07789e-02 5.20127e-17
2.23680e-02 5.19923e-17
2.40786e-02 5.20440e-17
2.59201e-02 5.20180e-17
2.79024e-02 5.20530e-17
3.00363e-02 5.19905e-17
3.23334e-02 5.20303e-17
3.48062e-02 5.20856e-17
3.74680e-02 5.21156e-17
4.03335e-02 5.20496e-17
4.34181e-02 5.20920e-17
4.67386e-02 5.21134e-17
5.03130e-02 5.20925e-17
5.41608e-02 5.21191e-17
5.83029e-02 5.21332e-17
6.27618e-02 5.21348e-17
6.75616e-02 5.21222e-17
7.27285e-02 5.20972e-17
7.82906e-02 5.21447e-17
8.42781e-02 5.21079e-17
9.07234e-02 5.21269e-17
9.76617e-02 5.22140e-17
1.05131e-01 5.21992e-17
1.13171e-01 5.21827e-17
1.21826e-01 5.21946e-17
1.31143e-01 5.21699e-17
1.41172e-01 5.22757e-17
1.51969e-01 5.22440e-17
1.63591e-01 5.22076e-17
1.76102e-01 5.23011e-17
1.89569e-01 5.23290e-17
2.04067e-01 5.22996e-17
2.19674e-01 5.23771e-17
2.36474e-01 5.23504e-17
2.54559e-01 5.23538e-17
2.74027e-01 5.24225e-17
2.94983e-01 5.25125e-17
3.17543e-01 5.25612e-17
3.41828e-01 5.25731e-17
3.67970e-01 5.25976e-17
3.96111e-01 5.26550e-17
4.26405e-01 5.27155e-17
4.59015e-01 5.27943e-17
4.94119e-01 5.28957e-17
5.31908e-01 5.29451e-17
5.72587e-01 5.29974e-17
6.16377e-01 5.31233e-17
6.63515e-01 5.32080e-17
7.14259e-01 5.32697e-17
7.68884e-01 5.35283e-17
8.27686e-01 5.35845e-17
8.90985e-01 5.37972e-17
9.59125e-01 5.39545e-17
1.03248e+00 5.42422e-17
1.11144e+00 5.45198e-17
1.19644e+00 5.49748e-17
1.28794e+00 5.55885e-17
1.38644e+00 5.64985e-17
1.49247e+00 9.82696e-17
1.60661e+00 2.92659e-16
1.72948e+00 2.91731e-16
1.86174e+00 2.94672e-16
2.00412e+00 2.94710e-16
2.15739e+00 2.96400e-16
2.32238e+00 2.96602e-16
2.49999e+00 2.96589e-16
2.69119e+00 2.99254e-16
2.89700e+00 2.99826e-16
3.11855e+00 3.01019e-16
3.35705e+00 3.03229e-16
3.61379e+00 3.04769e-16
3.89016e+00 3.05587e-16
4.18767e+00 3.06984e-16
4.50794e+00 3.09519e-16
4.85269e+00 3.11216e-16
5.22381e+00 3.12238e-16
5.62331e+00 3.16056e-16
6.05337e+00 3.17737e-16
6.51631e+00 3.20790e-16
7.01466e+00 3.23370e-16
7.55113e+00 3.26149e-16
8.12862e+00 3.29730e-16
8.75027e+00 3.33371e-16
9.41947e+00 3.38452e-16
1.01398e+01 3.42173e-16
1.09153e+01 3.47550e-16
1.17501e+01 3.51982e-16
1.26487e+01 3.57267e-16
1.36160e+01 3.63211e-16
1.46574e+01 3.70041e-16
1.57783e+01 3.77366e-16
1.69850e+01 3.84824e-16
1.82840e+01 3.93785e-16
1.96823e+01 4.02729e-16
2.11875e+01 4.12394e-16
2.28079e+01 4.23591e-16
2.45522e+01 4.34000e-16
2.64298e+01 4.47853e-16
2.84511e+01 4.62042e-16
3.06270e+01 4.78056e-16
3.29693e+01 4.95404e-16
3.54907e+01 5.13610e-16
3.82049e+01 5.33538e-16
4.11267e+01 5.53420e-16
4.42720e+01 5.69289e-16
4.76578e+01 5.70054e-16
5.13025e+01 5.34840e-16
5.52260e+01 4.28572e-16
5.94495e+01 2.30359e-16
6.39960e+01 3.69243e-17
6.88903e+01 1.87165e-20
7.41588e+01 0.00000e+00
