# time  flux
1.00000e+01  2.19587e-17
1.10407e+01  2.19491e-17
1.21896e+01  2.19655e-17
1.34582e+01  2.19517e-17
1.48587e+01  2.19512e-17
1.64050e+01  2.19519e-17
1.81122e+01  2.19411e-17
1.99971e+01  2.19357e-17
2.20781e+01  2.19416e-17
2.43757e+01  2.19656e-17
2.69124e+01  2.19511e-17
2.97131e+01  2.19523e-17
3.28052e+01  2.19670e-17
3.62192e+01  2.19575e-17
3.99884e+01  2.19581e-17
4.41498e+01  2.19525e-17
4.87443e+01  2.19438e-17
5.38170e+01  2.19455e-17
5.94175e+01  2.19535e-17
6.56009e+01  2.19501e-17
7.24278e+01  2.19382e-17
7.99651e+01  2.19581e-17
8.82868e+01  2.19524e-17
9.74745e+01  2.19586e-17
1.07618e+02  2.19495e-17
1.18818e+02  2.19714e-17
1.31183e+02  2.19365e-17
1.44834e+02  2.19582e-17
1.59907e+02  2.19476e-17
1.76548e+02  2.19435e-17
1.94921e+02  2.19644e-17
2.15205e+02  2.19442e-17
2.37601e+02  2.19470e-17
2.62327e+02  2.19407e-17
2.89627e+02  2.19614e-17
3.19767e+02  2.19545e-17
3.53044e+02  2.19665e-17
3.89784e+02  2.19510e-17
4.30348e+02  2.19625e-17
4.75133e+02  2.19413e-17
5.24578e+02  2.19468e-17
5.79169e+02  2.19485e-17
6.39441e+02  2.19734e-17
7.05986e+02  2.19706e-17
7.79455e+02  2.19475e-17
8.60571e+02  2.19466e-17
9.50127e+02  2.19510e-17
1.04900e+03  2.19478e-17
1.15817e+03  2.19579e-17
1.27870e+03  2.19554e-17
1.41177e+03  2.19499e-17
1.55868e+03  2.19596e-17
1.72089e+03  2.19442e-17
1.89998e+03  2.19407e-17
2.09770e+03  2.19626e-17
2.31600e+03  2.19420e-17
2.55702e+03  2.19651e-17
2.82312e+03  2.19314e-17
3.11691e+03  2.19499e-17
3.44128e+03  2.19436e-17
3.79940e+03  2.19262e-17
4.19479e+03  2.19564e-17
4.63133e+03  2.19591e-17
5.11330e+03  2.19560e-17
5.64542e+03  2.19514e-17
6.23292e+03  2.19321e-17
6.88156e+03  2.19738e-17
7.59770e+03  2.19645e-17
8.38837e+03  2.19719e-17
9.26132e+03  2.19510e-17
1.02251e+04  2.19677e-17
1.12892e+04  2.19719e-17
1.24640e+04  2.19548e-17
1.37611e+04  2.19606e-17
1.51932e+04  2.19475e-17
1.67743e+04  2.19355e-17
1.85199e+04  2.19473e-17
2.04472e+04  2.19513e-17
2.25751e+04  2.19386e-17
2.49244e+04  2.19412e-17
2.75182e+04  2.19630e-17
3.03820e+04  2.19501e-17
3.35437e+04  2.19484e-17
3.70345e+04  2.19432e-17
4.08885e+04  2.19500e-17
4.51437e+04  2.19680e-17
4.98416e+04  2.19602e-17
5.50285e+04  2.19551e-17
6.07551e+04  2.19617e-17
6.70776e+04  2.19466e-17
7.40582e+04  2.19608e-17
8.17652e+04  2.19417e-17
9.02742e+04  2.19731e-17
9.96687e+04  2.19552e-17
1.10041e+05  2.19677e-17
1.21492e+05  2.19500e-17
1.34136e+05  2.19429e-17
1.48095e+05  2.19480e-17
1.63507e+05  2.19476e-17
1.80522e+05  2.19707e-17
1.99308e+05  2.19408e-17
2.20050e+05  2.19438e-17
2.42950e+05  2.19605e-17
2.68233e+05  2.19671e-17
2.96147e+05  2.19524e-17
3.26965e+05  2.19445e-17
3.60992e+05  2.19560e-17
3.98559e+05  2.19656e-17
4.40035e+05  2.19663e-17
4.85828e+05  2.19508e-17
5.36387e+05  2.19579e-17
5.92207e+05  2.19686e-17
6.53836e+05  2.19597e-17
7.21878e+05  2.19710e-17
7.97002e+05  2.19712e-17
8.79943e+05  2.19570e-17
9.71516e+05  2.19593e-17
1.07262e+06  2.19662e-17
1.18424e+06  2.19482e-17
1.30748e+06  2.19845e-17
1.44355e+06  2.19726e-17
1.59377e+06  2.19763e-17
1.75963e+06  2.19822e-17
1.94275e+06  2.19917e-17
2.14492e+06  2.19784e-17
2.36814e+06  2.19852e-17
2.61458e+06  2.19866e-17
2.88667e+06  2.19767e-17
3.18708e+06  2.20013e-17
3.51875e+06  2.20018e-17
3.88493e+06  2.19988e-17
4.28922e+06  2.20344e-17
4.73559e+06  2.20279e-17
5.22840e+06  2.20228e-17
5.77251e+06  2.20500e-17
6.37323e+06  2.20301e-17
7.03647e+06  2.20660e-17
7.76873e+06  2.20686e-17
8.57720e+06  2.20765e-17
9.46980e+06  2.20974e-17
1.04553e+07  2.21118e-17
1.15433e+07  2.21267e-17
1.27446e+07  2.21465e-17
1.40709e+07  2.21547e-17
1.55352e+07  2.22008e-17
1.71519e+07  2.22266e-17
1.89368e+07  2.22450e-17
2.09075e+07  2.22515e-17
2.30833e+07  2.23234e-17
2.54855e+07  2.23595e-17
2.81377e+07  2.23830e-17
3.10659e+07  2.24571e-17
3.42988e+07  2.25115e-17
3.78682e+07  2.25721e-17
4.18090e+07  2.26652e-17
4.61599e+07  2.27432e-17
5.09636e+07  2.28328e-17
5.62672e+07  2.29503e-17
6.21227e+07  2.30888e-17
6.85876e+07  2.33124e-17
7.57253e+07  4.09855e-17
8.36058e+07  4.09461e-17
9.23063e+07  4.13177e-17
1.01912e+08  4.15550e-17
1.12518e+08  4.17026e-17
1.24227e+08  4.20140e-17
1.37155e+08  4.21580e-17
1.51429e+08  4.25176e-17
1.67187e+08  4.29528e-17
1.84586e+08  4.33656e-17
2.03795e+08  4.36811e-17
2.25003e+08  4.41304e-17
2.48419e+08  4.47161e-17
2.74271e+08  4.52939e-17
3.02813e+08  4.59519e-17
3.34326e+08  4.66556e-17
3.69118e+08  4.75028e-17
4.07531e+08  4.84829e-17
4.49941e+08  4.95648e-17
4.96765e+08  5.07720e-17
5.48462e+08  5.21164e-17
6.05538e+08  5.36832e-17
6.68554e+08  5.55013e-17
7.38128e+08  5.75802e-17
8.14943e+08  6.02115e-17
8.99751e+08  6.28964e-17
9.93385e+08  6.63001e-17
1.09676e+09  7.02431e-17
1.21090e+09  7.51175e-17
1.33691e+09  8.09512e-17
1.47604e+09  8.80655e-17
1.62965e+09  9.67013e-17
1.79924e+09  1.07165e-16
1.98648e+09  1.19292e-16
2.19321e+09  1.31049e-16
2.42145e+09  1.34666e-16
2.67344e+09  1.10575e-16
2.95165e+09  4.20170e-17
3.25882e+09  3.14979e-19
3.59796e+09  0.00000e+00
