# time  flux
1.00000e+01  2.19514e-17
1.10407e+01  2.19498e-17
1.21896e+01  2.19525e-17
1.34582e+01  2.19512e-17
1.48587e+01  2.19540e-17
1.64050e+01  2.19524e-17
1.81122e+01  2.19531e-17
1.99971e+01  2.19529e-17
2.20781e+01  2.19514e-17
2.43757e+01  2.19529e-17
2.69124e+01  2.19508e-17
2.97131e+01  2.19513e-17
3.28052e+01  2.19521e-17
3.62192e+01  2.19513e-17
3.99884e+01  2.19523e-17
4.41498e+01  2.19494e-17
4.87443e+01  2.19525e-17
5.38170e+01  2.19495e-17
5.94175e+01  2.19527e-17
6.56009e+01  2.19535e-17
7.24278e+01  2.19508e-17
7.99651e+01  2.19532e-17
8.82868e+01  2.19539e-17
9.74745e+01  2.19517e-17
1.07618e+02  2.19518e-17
1.18818e+02  2.19542e-17
1.31183e+02  2.19508e-17
1.44834e+02  2.19493e-17
1.59907e+02  2.19524e-17
1.76548e+02  2.19511e-17
1.94921e+02  2.19518e-17
2.15205e+02  2.19508e-17
2.37601e+02  2.19484e-17
2.62327e+02  2.19509e-17
2.89627e+02  2.19537e-17
3.19767e+02  2.19533e-17
3.53044e+02  2.19518e-17
3.89784e+02  2.19513e-17
4.30348e+02  2.19518e-17
4.75133e+02  2.19524e-17
5.24578e+02  2.19508e-17
5.79169e+02  2.19507e-17
6.39441e+02  2.19506e-17
7.05986e+02  2.19501e-17
7.79455e+02  2.19507e-17
8.60571e+02  2.19502e-17
9.50127e+02  2.19499e-17
1.04900e+03  2.19534e-17
1.15817e+03  2.19517e-17
1.27870e+03  2.19521e-17
1.41177e+03  2.19539e-17
1.55868e+03  2.19514e-17
1.72089e+03  2.19515e-17
1.89998e+03  2.19551e-17
2.09770e+03  2.19520e-17
2.31600e+03  2.19551e-17
2.55702e+03  2.19499e-17
2.82312e+03  2.19498e-17
3.11691e+03  2.19507e-17
3.44128e+03  2.19527e-17
3.79940e+03  2.19512e-17
4.19479e+03  2.19515e-17
4.63133e+03  2.19537e-17
5.11330e+03  2.19509e-17
5.64542e+03  2.19516e-17
6.23292e+03  2.19533e-17
6.88156e+03  2.19511e-17
7.59770e+03  2.19530e-17
8.38837e+03  2.19530e-17
9.26132e+03  2.19535e-17
1.02251e+04  2.19507e-17
1.12892e+04  2.19514e-17
1.24640e+04  2.19512e-17
1.37611e+04  2.19536e-17
1.51932e+04  2.19529e-17
1.67743e+04  2.19551e-17
1.85199e+04  2.19501e-17
2.04472e+04  2.19529e-17
2.25751e+04  2.19527e-17
2.49244e+04  2.19508e-17
2.75182e+04  2.19544e-17
3.03820e+04  2.19522e-17
3.35437e+04  2.19531e-17
3.70345e+04  2.19538e-17
4.08885e+04  2.19530e-17
4.51437e+04  2.19512e-17
4.98416e+04  2.19519e-17
5.50285e+04  2.19513e-17
6.07551e+04  2.19521e-17
6.70776e+04  2.19528e-17
7.40582e+04  2.19526e-17
8.17652e+04  2.19517e-17
9.02742e+04  2.19552e-17
9.96687e+04  2.19540e-17
1.10041e+05  2.19539e-17
1.21492e+05  2.19528e-17
1.34136e+05  2.19558e-17
1.48095e+05  2.19546e-17
1.63507e+05  2.19580e-17
1.80522e+05  2.19544e-17
1.99308e+05  2.19562e-17
2.20050e+05  2.19556e-17
2.42950e+05  2.19569e-17
2.68233e+05  2.19564e-17
2.96147e+05  2.19579e-17
3.26965e+05  2.19584e-17
3.60992e+05  2.19593e-17
3.98559e+05  2.19583e-17
4.40035e+05  2.19594e-17
4.85828e+05  2.19613e-17
5.36387e+05  2.19597e-17
5.92207e+05  2.19645e-17
6.53836e+05  2.19622e-17
7.21878e+05  2.19639e-17
7.97002e+05  2.19670e-17
8.79943e+05  2.19670e-17
9.71516e+05  2.19687e-17
1.07262e+06  2.19701e-17
1.18424e+06  2.19730e-17
1.30748e+06  2.19771e-17
1.44355e+06  2.19787e-17
1.59377e+06  2.19806e-17
1.75963e+06  2.19843e-17
1.94275e+06  2.19875e-17
2.14492e+06  2.19883e-17
2.36814e+06  2.19949e-17
2.61458e+06  2.19988e-17
2.88667e+06  2.20034e-17
3.18708e+06  2.20087e-17
3.51875e+06  2.20144e-17
3.88493e+06  2.20200e-17
4.28922e+06  2.20291e-17
4.73559e+06  2.20368e-17
5.22840e+06  2.20469e-17
5.77251e+06  2.20565e-17
6.37323e+06  2.20676e-17
7.03647e+06  2.20804e-17
7.76873e+06  2.20952e-17
8.57720e+06  2.21076e-17
9.46980e+06  2.21259e-17
1.04553e+07  2.21440e-17
1.15433e+07  2.21667e-17
1.27446e+07  2.21907e-17
1.40709e+07  2.22179e-17
1.55352e+07  2.22481e-17
1.71519e+07  2.22844e-17
1.89368e+07  2.23233e-17
2.09075e+07  2.23671e-17
2.30833e+07  2.24171e-17
2.54855e+07  2.24771e-17
2.81377e+07  2.25511e-17
3.10659e+07  2.26407e-17
3.42988e+07  2.27503e-17
3.78682e+07  2.29047e-17
4.18090e+07  2.31946e-17
4.61599e+07  2.47080e-17
5.09636e+07  2.56435e-17
5.62672e+07  2.64543e-17
6.21227e+07  2.72609e-17
6.85876e+07  2.82103e-17
7.57253e+07  7.11751e-17
8.36058e+07  7.19156e-17
9.23063e+07  7.28439e-17
1.01912e+08  7.37671e-17
1.12518e+08  7.47808e-17
1.24227e+08  7.58740e-17
1.37155e+08  7.69673e-17
1.51429e+08  7.82368e-17
1.67187e+08  7.96510e-17
1.84586e+08  8.11421e-17
2.03795e+08  8.28312e-17
2.25003e+08  8.46715e-17
2.48419e+08  8.67367e-17
2.74271e+08  8.89983e-17
3.02813e+08  9.16492e-17
3.34326e+08  9.45674e-17
3.69118e+08  9.78700e-17
4.07531e+08  1.01690e-16
4.49941e+08  1.06053e-16
4.96765e+08  1.11174e-16
5.48462e+08  1.17135e-16
6.05538e+08  1.24119e-16
6.68554e+08  1.32436e-16
7.38128e+08  1.42436e-16
8.14943e+08  1.54579e-16
8.99751e+08  1.69501e-16
9.93385e+08  1.88169e-16
1.09676e+09  2.11795e-16
1.21090e+09  2.42461e-16
1.33691e+09  2.82887e-16
1.47604e+09  3.37680e-16
1.62965e+09  4.13530e-16
1.79924e+09  5.20673e-16
1.98648e+09  6.70815e-16
2.19321e+09  8.64160e-16
2.42145e+09  1.03232e-15
2.67344e+09  9.26851e-16
2.95165e+09  3.25825e-16
3.25882e+09  1.87991e-18
3.59796e+09  0.00000e+00
