# time  flux
1.00000e+01  5.68984e-17
1.10143e+01  5.68976e-17
1.21315e+01  5.69020e-17
1.33620e+01  5.69050e-17
1.47173e+01  5.69002e-17
1.62101e+01  5.69005e-17
1.78543e+01  5.68974e-17
1.96652e+01  5.69012e-17
2.16599e+01  5.69054e-17
2.38569e+01  5.68984e-17
2.62767e+01  5.68927e-17
2.89419e+01  5.68981e-17
3.18775e+01  5.69015e-17
3.51108e+01  5.69013e-17
3.86721e+01  5.68967e-17
4.25947e+01  5.69034e-17
4.69151e+01  5.69037e-17
5.16737e+01  5.69019e-17
5.69150e+01  5.69066e-17
6.26879e+01  5.69050e-17
6.90463e+01  5.69028e-17
7.60497e+01  5.69043e-17
8.37634e+01  5.68970e-17
9.22596e+01  5.69016e-17
1.01618e+02  5.69002e-17
1.11925e+02  5.69021e-17
1.23277e+02  5.68965e-17
1.35781e+02  5.68926e-17
1.49554e+02  5.69031e-17
1.64723e+02  5.68999e-17
1.81431e+02  5.69012e-17
1.99833e+02  5.69006e-17
2.20102e+02  5.69030e-17
2.42427e+02  5.69016e-17
2.67017e+02  5.69017e-17
2.94100e+02  5.69037e-17
3.23931e+02  5.68983e-17
3.56788e+02  5.68999e-17
3.92977e+02  5.68988e-17
4.32836e+02  5.68978e-17
4.76739e+02  5.69009e-17
5.25095e+02  5.68981e-17
5.78356e+02  5.69030e-17
6.37018e+02  5.69032e-17
7.01631e+02  5.69019e-17
7.72798e+02  5.69003e-17
8.51183e+02  5.68993e-17
9.37519e+02  5.68981e-17
1.03261e+03  5.69035e-17
1.13735e+03  5.69014e-17
1.25271e+03  5.69002e-17
1.37977e+03  5.69021e-17
1.51973e+03  5.69001e-17
1.67387e+03  5.69042e-17
1.84365e+03  5.68959e-17
2.03066e+03  5.69024e-17
2.23663e+03  5.69031e-17
2.46349e+03  5.69063e-17
2.71336e+03  5.69022e-17
2.98858e+03  5.69011e-17
3.29171e+03  5.69006e-17
3.62559e+03  5.69018e-17
3.99333e+03  5.69065e-17
4.39838e+03  5.69054e-17
4.84450e+03  5.69059e-17
5.33588e+03  5.68999e-17
5.87710e+03  5.69051e-17
6.47322e+03  5.69023e-17
7.12980e+03  5.69023e-17
7.85298e+03  5.68981e-17
8.64951e+03  5.69065e-17
9.52683e+03  5.68958e-17
1.04931e+04  5.69022e-17
1.15575e+04  5.69083e-17
1.27297e+04  5.69014e-17
1.40209e+04  5.69016e-17
1.54431e+04  5.69074e-17
1.70095e+04  5.68996e-17
1.87347e+04  5.69069e-17
2.06350e+04  5.69021e-17
2.27280e+04  5.68992e-17
2.50333e+04  5.69072e-17
2.75725e+04  5.69036e-17
3.03692e+04  5.69025e-17
3.34495e+04  5.69006e-17
3.68423e+04  5.69004e-17
4.05792e+04  5.68977e-17
4.46952e+04  5.68999e-17
4.92286e+04  5.69064e-17
5.42219e+04  5.69001e-17
5.97217e+04  5.69106e-17
6.57793e+04  5.69070e-17
7.24513e+04  5.69079e-17
7.98000e+04  5.69062e-17
8.78942e+04  5.69072e-17
9.68093e+04  5.69041e-17
1.06629e+05  5.69062e-17
1.17444e+05  5.69077e-17
1.29356e+05  5.69089e-17
1.42477e+05  5.69048e-17
1.56929e+05  5.69075e-17
1.72846e+05  5.69089e-17
1.90378e+05  5.69075e-17
2.09688e+05  5.69160e-17
2.30957e+05  5.69121e-17
2.54383e+05  5.69168e-17
2.80185e+05  5.69158e-17
3.08604e+05  5.69193e-17
3.39906e+05  5.69139e-17
3.74382e+05  5.69282e-17
4.12356e+05  5.69275e-17
4.54181e+05  5.69220e-17
5.00249e+05  5.69296e-17
5.50990e+05  5.69359e-17
6.06877e+05  5.69340e-17
6.68432e+05  5.69348e-17
7.36232e+05  5.69454e-17
8.10908e+05  5.69505e-17
8.93158e+05  5.69576e-17
9.83752e+05  5.69594e-17
1.08353e+06  5.69620e-17
1.19344e+06  5.69701e-17
1.31449e+06  5.69748e-17
1.44782e+06  5.69889e-17
1.59467e+06  5.69888e-17
1.75642e+06  5.69989e-17
1.93457e+06  5.70108e-17
2.13080e+06  5.70273e-17
2.34692e+06  5.70424e-17
2.58497e+06  5.70452e-17
2.84717e+06  5.70647e-17
3.13595e+06  5.70773e-17
3.45404e+06  5.71043e-17
3.80438e+06  5.71273e-17
4.19026e+06  5.71496e-17
4.61528e+06  5.71713e-17
5.08341e+06  5.72010e-17
5.59902e+06  5.72316e-17
6.16693e+06  5.72682e-17
6.79244e+06  5.73041e-17
7.48140e+06  5.73478e-17
8.24024e+06  5.73937e-17
9.07605e+06  5.74462e-17
9.99664e+06  5.75124e-17
1.10106e+07  5.75720e-17
1.21274e+07  5.76480e-17
1.33575e+07  5.77380e-17
1.47124e+07  5.78301e-17
1.62046e+07  5.79384e-17
1.78483e+07  5.80649e-17
1.96586e+07  5.82037e-17
2.16526e+07  5.83683e-17
2.38488e+07  5.85619e-17
2.62678e+07  5.88076e-17
2.89322e+07  5.91140e-17
3.18668e+07  5.95321e-17
3.50990e+07  6.01729e-17
3.86592e+07  6.15347e-17
4.25804e+07  7.36730e-17
4.68993e+07  4.92039e-15
5.16563e+07  5.23941e-15
5.68958e+07  5.59379e-15
6.26668e+07  6.00219e-15
6.90231e+07  6.48869e-15
7.60241e+07  7.08179e-15
8.37353e+07  7.81872e-15
9.22286e+07  8.74340e-15
1.01583e+08  9.93366e-15
1.11887e+08  1.14857e-14
1.23236e+08  1.35335e-14
1.35736e+08  1.62044e-14
1.49503e+08  1.95494e-14
1.64667e+08  2.29691e-14
1.81370e+08  2.43517e-14
1.99766e+08  2.06472e-14
2.20028e+08  1.37220e-14
2.42346e+08  8.96835e-15
2.66927e+08  6.41211e-15
2.94002e+08  4.89484e-15
3.23822e+08  3.90124e-15
3.56668e+08  3.19947e-15
3.92845e+08  2.68145e-15
4.32691e+08  2.28407e-15
4.76579e+08  1.97185e-15
5.24919e+08  1.72258e-15
5.78161e+08  1.51973e-15
6.36804e+08  1.35354e-15
7.01396e+08  1.21675e-15
7.72538e+08  1.10441e-15
8.50897e+08  1.01250e-15
9.37204e+08  9.38370e-16
1.03226e+09  8.80804e-16
1.13697e+09  8.37103e-16
1.25229e+09  8.03973e-16
1.37931e+09  7.69212e-16
1.51921e+09  6.98247e-16
1.67331e+09  5.12561e-16
1.84303e+09  1.73538e-16
2.02997e+09  1.04139e-18
2.23587e+09  0.00000e+00
