3.17098e-05 8.16814e-18
3.42207e-05 8.16034e-18
3.69304e-05 8.16096e-18
3.98548e-05 8.15800e-18
4.30106e-05 8.16196e-18
4.64164e-05 8.16935e-18
5.00918e-05 8.16254e-18
5.40583e-05 8.17029e-18
5.83389e-05 8.16897e-18
6.29584e-05 8.16503e-18
6.79437e-05 8.16796e-18
7.33238e-05 8.16611e-18
7.91298e-05 8.16900e-18
8.53957e-05 8.16187e-18
9.21577e-05 8.16687e-18
9.94551e-05 8.16597e-18
1.07330e-04 8.16149e-18
1.15829e-04 8.16466e-18
1.25001e-04 8.16874e-18
1.34899e-04 8.16023e-18
1.45581e-04 8.16146e-18
1.57109e-04 8.16349e-18
1.69549e-04 8.16523e-18
1.82975e-04 8.16790e-18
1.97464e-04 8.17021e-18
2.13100e-04 8.16646e-18
2.29974e-04 8.17268e-18
2.48184e-04 8.16276e-18
2.67836e-04 8.16376e-18
2.89045e-04 8.16845e-18
3.11932e-04 8.16650e-18
3.36633e-04 8.17053e-18
3.63289e-04 8.16567e-18
3.92055e-04 8.16293e-18
4.23100e-04 8.16524e-18
4.56603e-04 8.17335e-18
4.92758e-04 8.16705e-18
5.31777e-04 8.16996e-18
5.73885e-04 8.16731e-18
6.19328e-04 8.16244e-18
6.68369e-04 8.16452e-18
7.21293e-04 8.16144e-18
7.78408e-04 8.16943e-18
8.40046e-04 8.16657e-18
9.06564e-04 8.16511e-18
9.78350e-04 8.15813e-18
1.05582e-03 8.16780e-18
1.13942e-03 8.16920e-18
1.22965e-03 8.16342e-18
1.32702e-03 8.17636e-18
1.43210e-03 8.16606e-18
1.54550e-03 8.16773e-18
1.66787e-03 8.16676e-18
1.79994e-03 8.16690e-18
1.94247e-03 8.16553e-18
2.09628e-03 8.17171e-18
2.26228e-03 8.17095e-18
2.44141e-03 8.16074e-18
2.63473e-03 8.16733e-18
2.84336e-03 8.16317e-18
3.06851e-03 8.16761e-18
3.31149e-03 8.17621e-18
3.57371e-03 8.17605e-18
3.85669e-03 8.17297e-18
4.16208e-03 8.17431e-18
4.49165e-03 8.17094e-18
4.84732e-03 8.17781e-18
5.23115e-03 8.17786e-18
5.64537e-03 8.17818e-18
6.09239e-03 8.17340e-18
6.57482e-03 8.18452e-18
7.09544e-03 8.18371e-18
7.65728e-03 8.18085e-18
8.26362e-03 8.18594e-18
8.91797e-03 8.18566e-18
9.62413e-03 8.18820e-18
1.03862e-02 8.19031e-18
1.12086e-02 8.19971e-18
1.20962e-02 8.19585e-18
1.30540e-02 8.18869e-18
1.40877e-02 8.19147e-18
1.52032e-02 8.19665e-18
1.64070e-02 8.19841e-18
1.77062e-02 8.20869e-18
1.91083e-02 8.20518e-18
2.06214e-02 8.20313e-18
2.22542e-02 8.21118e-18
2.40164e-02 8.22361e-18
2.59181e-02 8.21890e-18
2.79705e-02 8.23085e-18
3.01853e-02 8.23175e-18
3.25755e-02 8.24212e-18
3.51549e-02 8.24035e-18
3.79386e-02 8.25177e-18
4.09428e-02 8.26409e-18
4.41848e-02 8.26635e-18
4.76835e-02 8.26619e-18
5.14593e-02 8.28297e-18
5.55341e-02 8.28819e-18
5.99315e-02 8.30186e-18
6.46771e-02 8.30980e-18
6.97985e-02 8.31668e-18
7.53255e-02 8.34008e-18
8.12901e-02 8.35592e-18
8.77270e-02 8.37513e-18
9.46736e-02 8.37981e-18
1.02170e-01 8.40040e-18
1.10260e-01 8.42519e-18
1.18991e-01 8.45214e-18
1.28414e-01 8.47255e-18
1.38582e-01 8.49242e-18
1.49555e-01 8.51681e-18
1.61398e-01 8.54820e-18
1.74178e-01 8.59058e-18
1.87970e-01 8.62956e-18
2.02854e-01 8.67114e-18
2.18917e-01 8.70828e-18
2.36252e-01 8.76159e-18
2.54959e-01 8.81638e-18
2.75148e-01 8.86736e-18
2.96936e-01 8.94320e-18
3.20448e-01 9.01477e-18
3.45823e-01 9.10574e-18
3.73206e-01 9.18798e-18
4.02758e-01 9.29682e-18
4.34650e-01 9.41467e-18
4.69068e-01 9.53803e-18
5.06211e-01 9.68873e-18
5.46295e-01 9.86186e-18
5.89552e-01 1.00460e-17
6.36236e-01 1.02941e-17
6.86616e-01 1.05587e-17
7.40985e-01 1.08657e-17
7.99659e-01 1.12470e-17
8.62979e-01 1.17238e-17
9.31314e-01 1.23053e-17
1.00506e+00 1.30544e-17
1.08464e+00 1.40543e-17
1.17053e+00 1.54069e-17
1.26322e+00 1.72678e-17
1.36324e+00 1.96591e-17
1.47119e+00 2.21878e-17
1.58769e+00 2.43847e-17
1.71341e+00 2.62218e-17
1.84908e+00 2.78860e-17
1.99550e+00 2.94784e-17
2.15351e+00 3.12670e-17
2.32404e+00 3.43471e-17
2.50806e+00 4.55102e-17
2.70666e+00 4.32840e-17
2.92099e+00 4.21207e-17
3.15228e+00 4.13366e-17
3.40189e+00 4.07299e-17
3.67127e+00 4.02365e-17
3.96198e+00 3.98548e-17
4.27570e+00 3.93936e-17
4.61427e+00 3.90745e-17
4.97965e+00 3.87757e-17
5.37396e+00 3.84479e-17
5.79949e+00 3.81573e-17
6.25872e+00 3.78027e-17
6.75431e+00 3.77074e-17
7.28914e+00 3.74981e-17
7.86633e+00 3.72363e-17
8.48922e+00 3.70596e-17
9.16143e+00 3.67871e-17
9.88687e+00 3.66442e-17
1.06698e+01 3.65123e-17
1.15146e+01 3.63393e-17
1.24264e+01 3.62149e-17
1.34104e+01 3.61013e-17
1.44723e+01 3.60085e-17
1.56182e+01 3.58107e-17
1.68550e+01 3.57248e-17
1.81896e+01 3.56172e-17
1.96299e+01 3.55010e-17
2.11843e+01 3.53635e-17
2.28618e+01 3.52466e-17
2.46721e+01 3.50881e-17
2.66257e+01 3.49132e-17
2.87340e+01 3.47428e-17
3.10093e+01 3.45033e-17
3.34648e+01 3.42067e-17
3.61147e+01 3.38765e-17
3.89744e+01 3.34344e-17
4.20605e+01 3.29250e-17
4.53910e+01 3.22490e-17
4.89853e+01 3.14414e-17
5.28642e+01 3.04464e-17
5.70502e+01 2.91415e-17
6.15676e+01 2.74779e-17
6.64428e+01 2.52229e-17
7.17040e+01 2.21694e-17
7.73819e+01 1.80041e-17
8.35093e+01 1.26528e-17
9.01219e+01 6.68325e-18
9.72581e+01 1.94522e-18
1.04959e+02 1.21904e-19
1.13271e+02 1.23263e-23
1.22240e+02 0.00000e+00
