3.17098e-05 1.51907e-17
3.41674e-05 1.51744e-17
3.68155e-05 1.51835e-17
3.96688e-05 1.51772e-17
4.27433e-05 1.51851e-17
4.60561e-05 1.51718e-17
4.96256e-05 1.51848e-17
5.34717e-05 1.51894e-17
5.76160e-05 1.51777e-17
6.20814e-05 1.51732e-17
6.68930e-05 1.51751e-17
7.20774e-05 1.51846e-17
7.76636e-05 1.51922e-17
8.36828e-05 1.51795e-17
9.01686e-05 1.51850e-17
9.71569e-05 1.51744e-17
1.04687e-04 1.51867e-17
1.12801e-04 1.51766e-17
1.21543e-04 1.51853e-17
1.30963e-04 1.51830e-17
1.41113e-04 1.51756e-17
1.52050e-04 1.51853e-17
1.63834e-04 1.51950e-17
1.76532e-04 1.51929e-17
1.90214e-04 1.51849e-17
2.04956e-04 1.51798e-17
2.20841e-04 1.51789e-17
2.37957e-04 1.51846e-17
2.56399e-04 1.51771e-17
2.76271e-04 1.51837e-17
2.97683e-04 1.51776e-17
3.20755e-04 1.51836e-17
3.45614e-04 1.51897e-17
3.72401e-04 1.51756e-17
4.01263e-04 1.51873e-17
4.32362e-04 1.51870e-17
4.65872e-04 1.51788e-17
5.01979e-04 1.51801e-17
5.40884e-04 1.51930e-17
5.82804e-04 1.51883e-17
6.27973e-04 1.51850e-17
6.76644e-04 1.51771e-17
7.29086e-04 1.51779e-17
7.85593e-04 1.51889e-17
8.46479e-04 1.51813e-17
9.12084e-04 1.51842e-17
9.82774e-04 1.51852e-17
1.05894e-03 1.51836e-17
1.14101e-03 1.51944e-17
1.22945e-03 1.51845e-17
1.32473e-03 1.51941e-17
1.42740e-03 1.51896e-17
1.53803e-03 1.51927e-17
1.65724e-03 1.51929e-17
1.78568e-03 1.51998e-17
1.92407e-03 1.51900e-17
2.07320e-03 1.51894e-17
2.23388e-03 1.51976e-17
2.40701e-03 1.51843e-17
2.59356e-03 1.51865e-17
2.79457e-03 1.51826e-17
3.01116e-03 1.51966e-17
3.24454e-03 1.52006e-17
3.49600e-03 1.52013e-17
3.76695e-03 1.52010e-17
4.05890e-03 1.52072e-17
4.37348e-03 1.51995e-17
4.71244e-03 1.52033e-17
5.07767e-03 1.51994e-17
5.47121e-03 1.52046e-17
5.89525e-03 1.52140e-17
6.35215e-03 1.52120e-17
6.84447e-03 1.52068e-17
7.37494e-03 1.52216e-17
7.94652e-03 1.52176e-17
8.56240e-03 1.52346e-17
9.22602e-03 1.52252e-17
9.94107e-03 1.52297e-17
1.07115e-02 1.52369e-17
1.15417e-02 1.52286e-17
1.24362e-02 1.52362e-17
1.34001e-02 1.52446e-17
1.44386e-02 1.52647e-17
1.55577e-02 1.52475e-17
1.67635e-02 1.52537e-17
1.80627e-02 1.52755e-17
1.94626e-02 1.52609e-17
2.09710e-02 1.52911e-17
2.25964e-02 1.52809e-17
2.43477e-02 1.52856e-17
2.62347e-02 1.53021e-17
2.82680e-02 1.53249e-17
3.04589e-02 1.53265e-17
3.28195e-02 1.53365e-17
3.53631e-02 1.53421e-17
3.81039e-02 1.53642e-17
4.10571e-02 1.53738e-17
4.42392e-02 1.53931e-17
4.76679e-02 1.54093e-17
5.13623e-02 1.54121e-17
5.53430e-02 1.54441e-17
5.96323e-02 1.54693e-17
6.42540e-02 1.54828e-17
6.92340e-02 1.55165e-17
7.45998e-02 1.55348e-17
8.03816e-02 1.55670e-17
8.66114e-02 1.55956e-17
9.33241e-02 1.56310e-17
1.00557e-01 1.56658e-17
1.08351e-01 1.57054e-17
1.16748e-01 1.57549e-17
1.25797e-01 1.58039e-17
1.35546e-01 1.58602e-17
1.46052e-01 1.59021e-17
1.57371e-01 1.59706e-17
1.69568e-01 1.60259e-17
1.82710e-01 1.60966e-17
1.96871e-01 1.61913e-17
2.12129e-01 1.62785e-17
2.28570e-01 1.63795e-17
2.46284e-01 1.64872e-17
2.65372e-01 1.65952e-17
2.85940e-01 1.67310e-17
3.08101e-01 1.68812e-17
3.31980e-01 1.70435e-17
3.57710e-01 1.72223e-17
3.85433e-01 1.74227e-17
4.15306e-01 1.76645e-17
4.47493e-01 1.79055e-17
4.82176e-01 1.82097e-17
5.19546e-01 1.85492e-17
5.59813e-01 1.89151e-17
6.03200e-01 1.93722e-17
6.49950e-01 1.99111e-17
7.00324e-01 2.05286e-17
7.54601e-01 2.12987e-17
8.13085e-01 2.22264e-17
8.76102e-01 2.33619e-17
9.44003e-01 2.48692e-17
1.01717e+00 2.68484e-17
1.09600e+00 2.95902e-17
1.18094e+00 3.35280e-17
1.27247e+00 3.92527e-17
1.37109e+00 4.74096e-17
1.47736e+00 5.74134e-17
1.59186e+00 6.91847e-17
1.71523e+00 8.89851e-17
1.84817e+00 1.47166e-16
1.99141e+00 1.36286e-16
2.14575e+00 1.30654e-16
2.31205e+00 1.26410e-16
2.49125e+00 1.23347e-16
2.68433e+00 1.20903e-16
2.89237e+00 1.18508e-16
3.11654e+00 1.16376e-16
3.35808e+00 1.14693e-16
3.61835e+00 1.13091e-16
3.89878e+00 1.11493e-16
4.20095e+00 1.10064e-16
4.52654e+00 1.08709e-16
4.87736e+00 1.07319e-16
5.25537e+00 1.06042e-16
5.66268e+00 1.04780e-16
6.10156e+00 1.03649e-16
6.57445e+00 1.02453e-16
7.08400e+00 1.01481e-16
7.63303e+00 1.00390e-16
8.22462e+00 9.92576e-17
8.86206e+00 9.82924e-17
9.54890e+00 9.71015e-17
1.02890e+01 9.59750e-17
1.10864e+01 9.49888e-17
1.19456e+01 9.37757e-17
1.28715e+01 9.25894e-17
1.38690e+01 9.14403e-17
1.49439e+01 9.01726e-17
1.61022e+01 8.87565e-17
1.73501e+01 8.72965e-17
1.86948e+01 8.58350e-17
2.01437e+01 8.40992e-17
2.17050e+01 8.21828e-17
2.33872e+01 8.01971e-17
2.51997e+01 7.78664e-17
2.71528e+01 7.52754e-17
2.92573e+01 7.22798e-17
3.15248e+01 6.89985e-17
3.39681e+01 6.52455e-17
3.66007e+01 6.09531e-17
3.94374e+01 5.61020e-17
4.24940e+01 5.04094e-17
4.57874e+01 4.41421e-17
4.93361e+01 3.71859e-17
5.31598e+01 2.94664e-17
5.72799e+01 2.13265e-17
6.17192e+01 1.32355e-17
6.65027e+01 6.16823e-18
7.16569e+01 1.58497e-18
7.72106e+01 8.64261e-20
8.31946e+01 6.82463e-24
8.96425e+01 0.00000e+00
