3.17098e-05 1.08695e-17
3.41961e-05 1.08660e-17
3.68774e-05 1.08662e-17
3.97689e-05 1.08766e-17
4.28871e-05 1.08727e-17
4.62498e-05 1.08673e-17
4.98762e-05 1.08664e-17
5.37869e-05 1.08643e-17
5.80042e-05 1.08717e-17
6.25522e-05 1.08669e-17
6.74569e-05 1.08636e-17
7.27460e-05 1.08686e-17
7.84499e-05 1.08714e-17
8.46011e-05 1.08683e-17
9.12345e-05 1.08795e-17
9.83881e-05 1.08714e-17
1.06103e-04 1.08770e-17
1.14422e-04 1.08659e-17
1.23394e-04 1.08747e-17
1.33069e-04 1.08707e-17
1.43502e-04 1.08772e-17
1.54754e-04 1.08660e-17
1.66888e-04 1.08733e-17
1.79974e-04 1.08671e-17
1.94085e-04 1.08710e-17
2.09303e-04 1.08707e-17
2.25714e-04 1.08707e-17
2.43412e-04 1.08641e-17
2.62497e-04 1.08745e-17
2.83079e-04 1.08648e-17
3.05275e-04 1.08729e-17
3.29211e-04 1.08663e-17
3.55024e-04 1.08563e-17
3.82861e-04 1.08713e-17
4.12881e-04 1.08738e-17
4.45254e-04 1.08738e-17
4.80166e-04 1.08625e-17
5.17815e-04 1.08701e-17
5.58416e-04 1.08708e-17
6.02200e-04 1.08703e-17
6.49418e-04 1.08670e-17
7.00338e-04 1.08749e-17
7.55250e-04 1.08719e-17
8.14468e-04 1.08688e-17
8.78329e-04 1.08767e-17
9.47198e-04 1.08766e-17
1.02147e-03 1.08710e-17
1.10156e-03 1.08692e-17
1.18793e-03 1.08666e-17
1.28107e-03 1.08711e-17
1.38152e-03 1.08591e-17
1.48984e-03 1.08712e-17
1.60666e-03 1.08806e-17
1.73263e-03 1.08770e-17
1.86849e-03 1.08853e-17
2.01499e-03 1.08702e-17
2.17298e-03 1.08798e-17
2.34337e-03 1.08832e-17
2.52710e-03 1.08767e-17
2.72525e-03 1.08830e-17
2.93893e-03 1.08831e-17
3.16937e-03 1.08814e-17
3.41788e-03 1.08897e-17
3.68587e-03 1.08809e-17
3.97487e-03 1.08856e-17
4.28653e-03 1.08862e-17
4.62263e-03 1.08819e-17
4.98509e-03 1.08875e-17
5.37596e-03 1.08863e-17
5.79748e-03 1.08930e-17
6.25205e-03 1.08888e-17
6.74226e-03 1.08929e-17
7.27091e-03 1.08901e-17
7.84102e-03 1.08967e-17
8.45582e-03 1.09021e-17
9.11882e-03 1.09008e-17
9.83382e-03 1.09068e-17
1.06049e-02 1.09093e-17
1.14364e-02 1.09025e-17
1.23331e-02 1.09178e-17
1.33001e-02 1.09135e-17
1.43430e-02 1.09171e-17
1.54676e-02 1.09099e-17
1.66803e-02 1.09145e-17
1.79882e-02 1.09308e-17
1.93987e-02 1.09222e-17
2.09197e-02 1.09381e-17
2.25600e-02 1.09401e-17
2.43288e-02 1.09505e-17
2.62364e-02 1.09571e-17
2.82936e-02 1.09656e-17
3.05120e-02 1.09709e-17
3.29044e-02 1.09621e-17
3.54844e-02 1.09857e-17
3.82667e-02 1.09900e-17
4.12671e-02 1.09987e-17
4.45028e-02 1.10115e-17
4.79922e-02 1.10286e-17
5.17552e-02 1.10359e-17
5.58133e-02 1.10474e-17
6.01895e-02 1.10639e-17
6.49089e-02 1.10731e-17
6.99983e-02 1.10919e-17
7.54867e-02 1.11166e-17
8.14055e-02 1.11356e-17
8.77884e-02 1.11563e-17
9.46717e-02 1.11839e-17
1.02095e-01 1.11959e-17
1.10100e-01 1.12262e-17
1.18733e-01 1.12553e-17
1.28042e-01 1.12955e-17
1.38082e-01 1.13223e-17
1.48909e-01 1.13730e-17
1.60584e-01 1.14115e-17
1.73176e-01 1.14674e-17
1.86754e-01 1.15124e-17
2.01397e-01 1.15631e-17
2.17188e-01 1.16326e-17
2.34218e-01 1.16790e-17
2.52582e-01 1.17691e-17
2.72387e-01 1.18587e-17
2.93744e-01 1.19410e-17
3.16776e-01 1.20503e-17
3.41614e-01 1.21516e-17
3.68400e-01 1.22755e-17
3.97285e-01 1.24259e-17
4.28436e-01 1.25788e-17
4.62029e-01 1.27629e-17
4.98256e-01 1.29719e-17
5.37323e-01 1.32060e-17
5.79454e-01 1.34803e-17
6.24888e-01 1.38072e-17
6.73884e-01 1.41660e-17
7.26723e-01 1.46001e-17
7.83704e-01 1.51162e-17
8.45153e-01 1.57709e-17
9.11420e-01 1.65815e-17
9.82883e-01 1.76223e-17
1.05995e+00 1.89783e-17
1.14306e+00 2.08719e-17
1.23268e+00 2.35311e-17
1.32934e+00 2.71642e-17
1.43357e+00 3.13826e-17
1.54597e+00 3.55413e-17
1.66719e+00 3.94126e-17
1.79791e+00 4.31885e-17
1.93888e+00 4.80665e-17
2.09091e+00 8.50067e-17
2.25485e+00 7.32295e-17
2.43165e+00 7.01757e-17
2.62231e+00 6.81670e-17
2.82792e+00 6.67380e-17
3.04966e+00 6.55386e-17
3.28878e+00 6.46096e-17
3.54664e+00 6.38314e-17
3.82473e+00 6.30803e-17
4.12462e+00 6.24006e-17
4.44803e+00 6.16606e-17
4.79679e+00 6.10678e-17
5.17290e+00 6.06077e-17
5.57850e+00 6.00148e-17
6.01590e+00 5.95831e-17
6.48759e+00 5.90732e-17
6.99628e+00 5.87035e-17
7.54484e+00 5.83134e-17
8.13642e+00 5.79492e-17
8.77439e+00 5.75004e-17
9.46237e+00 5.72661e-17
1.02043e+01 5.68269e-17
1.10044e+01 5.65125e-17
1.18672e+01 5.61657e-17
1.27977e+01 5.58613e-17
1.38012e+01 5.55400e-17
1.48833e+01 5.52189e-17
1.60503e+01 5.49009e-17
1.73088e+01 5.45894e-17
1.86659e+01 5.42148e-17
2.01295e+01 5.37949e-17
2.17078e+01 5.34173e-17
2.34099e+01 5.29211e-17
2.52454e+01 5.23825e-17
2.72249e+01 5.17938e-17
2.93595e+01 5.10492e-17
3.16616e+01 5.02511e-17
3.41441e+01 4.92566e-17
3.68213e+01 4.81221e-17
3.97084e+01 4.67397e-17
4.28219e+01 4.50137e-17
4.61794e+01 4.29659e-17
4.98003e+01 4.04733e-17
5.37051e+01 3.72509e-17
5.79160e+01 3.32454e-17
6.24571e+01 2.80518e-17
6.73543e+01 2.15858e-17
7.26354e+01 1.41266e-17
7.83306e+01 6.84249e-18
8.44724e+01 1.80528e-18
9.10958e+01 1.01784e-19
9.82384e+01 8.93052e-24
1.05941e+02 0.00000e+00
