3.17098e-05 4.30457e-17
3.41511e-05 4.30489e-17
3.67803e-05 4.30825e-17
3.96119e-05 4.30305e-17
4.26615e-05 4.30927e-17
4.59459e-05 4.30844e-17
4.94832e-05 4.31157e-17
5.32928e-05 4.30374e-17
5.73956e-05 4.30458e-17
6.18144e-05 4.30758e-17
6.65733e-05 4.30184e-17
7.16987e-05 4.30665e-17
7.72186e-05 4.30632e-17
8.31634e-05 4.31021e-17
8.95660e-05 4.30638e-17
9.64615e-05 4.30667e-17
1.03888e-04 4.30296e-17
1.11886e-04 4.30583e-17
1.20500e-04 4.30704e-17
1.29777e-04 4.30770e-17
1.39768e-04 4.30709e-17
1.50528e-04 4.31012e-17
1.62117e-04 4.30990e-17
1.74598e-04 4.30453e-17
1.88040e-04 4.30906e-17
2.02517e-04 4.30351e-17
2.18108e-04 4.30721e-17
2.34900e-04 4.30671e-17
2.52984e-04 4.30574e-17
2.72460e-04 4.30472e-17
2.93437e-04 4.30771e-17
3.16028e-04 4.30594e-17
3.40358e-04 4.30639e-17
3.66561e-04 4.30775e-17
3.94782e-04 4.31040e-17
4.25175e-04 4.30320e-17
4.57908e-04 4.30714e-17
4.93161e-04 4.30214e-17
5.31129e-04 4.30701e-17
5.72019e-04 4.30466e-17
6.16057e-04 4.30999e-17
6.63486e-04 4.30625e-17
7.14566e-04 4.30541e-17
7.69579e-04 4.30847e-17
8.28827e-04 4.31013e-17
8.92636e-04 4.30720e-17
9.61358e-04 4.30884e-17
1.03537e-03 4.31044e-17
1.11508e-03 4.30954e-17
1.20093e-03 4.30976e-17
1.29339e-03 4.30861e-17
1.39296e-03 4.30710e-17
1.50020e-03 4.30681e-17
1.61570e-03 4.30939e-17
1.74009e-03 4.30816e-17
1.87405e-03 4.30909e-17
2.01833e-03 4.30716e-17
2.17372e-03 4.30882e-17
2.34107e-03 4.30524e-17
2.52130e-03 4.30452e-17
2.71541e-03 4.30973e-17
2.92446e-03 4.30605e-17
3.14961e-03 4.30813e-17
3.39209e-03 4.30541e-17
3.65324e-03 4.30766e-17
3.93449e-03 4.30753e-17
4.23740e-03 4.30878e-17
4.56362e-03 4.30946e-17
4.91497e-03 4.31278e-17
5.29336e-03 4.31097e-17
5.70088e-03 4.31026e-17
6.13978e-03 4.31097e-17
6.61246e-03 4.31165e-17
7.12154e-03 4.31005e-17
7.66981e-03 4.31240e-17
8.26029e-03 4.30356e-17
8.89623e-03 4.31029e-17
9.58113e-03 4.30411e-17
1.03188e-02 4.30734e-17
1.11132e-02 4.30593e-17
1.19688e-02 4.30989e-17
1.28902e-02 4.30584e-17
1.38826e-02 4.30924e-17
1.49514e-02 4.30911e-17
1.61024e-02 4.31133e-17
1.73421e-02 4.30907e-17
1.86773e-02 4.31104e-17
2.01152e-02 4.30410e-17
2.16638e-02 4.30870e-17
2.33316e-02 4.31246e-17
2.51279e-02 4.31342e-17
2.70624e-02 4.30896e-17
2.91459e-02 4.31291e-17
3.13898e-02 4.30962e-17
3.38064e-02 4.31380e-17
3.64090e-02 4.30694e-17
3.92121e-02 4.31313e-17
4.22309e-02 4.31713e-17
4.54822e-02 4.31359e-17
4.89838e-02 4.31712e-17
5.27549e-02 4.31441e-17
5.68164e-02 4.31167e-17
6.11905e-02 4.31278e-17
6.59014e-02 4.31477e-17
7.09750e-02 4.31857e-17
7.64392e-02 4.31753e-17
8.23241e-02 4.31161e-17
8.86620e-02 4.31922e-17
9.54879e-02 4.31749e-17
1.02839e-01 4.31934e-17
1.10757e-01 4.32171e-17
1.19283e-01 4.32346e-17
1.28467e-01 4.32419e-17
1.38357e-01 4.32281e-17
1.49009e-01 4.33480e-17
1.60481e-01 4.32547e-17
1.72836e-01 4.33176e-17
1.86142e-01 4.33108e-17
2.00473e-01 4.33294e-17
2.15907e-01 4.33507e-17
2.32529e-01 4.33665e-17
2.50431e-01 4.33710e-17
2.69711e-01 4.34339e-17
2.90475e-01 4.34595e-17
3.12838e-01 4.34581e-17
3.36923e-01 4.35330e-17
3.62861e-01 4.35656e-17
3.90797e-01 4.36073e-17
4.20884e-01 4.36177e-17
4.53287e-01 4.36721e-17
4.88184e-01 4.37864e-17
5.25768e-01 4.37982e-17
5.66246e-01 4.38515e-17
6.09840e-01 4.39629e-17
6.56790e-01 4.40494e-17
7.07354e-01 4.41280e-17
7.61812e-01 4.42201e-17
8.20462e-01 4.43618e-17
8.83627e-01 4.44814e-17
9.51656e-01 4.46119e-17
1.02492e+00 4.48182e-17
1.10383e+00 4.50765e-17
1.18881e+00 4.53994e-17
1.28033e+00 4.58766e-17
1.37890e+00 4.66547e-17
1.48506e+00 4.78531e-17
1.59939e+00 5.44300e-17
1.72252e+00 3.30851e-16
1.85514e+00 3.31029e-16
1.99796e+00 3.33163e-16
2.15178e+00 3.35006e-16
2.31744e+00 3.34201e-16
2.49585e+00 3.37494e-16
2.68800e+00 3.39386e-16
2.89494e+00 3.43312e-16
3.11782e+00 3.44944e-16
3.35785e+00 3.47560e-16
3.61637e+00 3.50118e-16
3.89478e+00 3.53772e-16
4.19463e+00 3.57812e-16
4.51756e+00 3.60782e-16
4.86536e+00 3.65580e-16
5.23993e+00 3.70013e-16
5.64334e+00 3.73884e-16
6.07781e+00 3.80734e-16
6.54573e+00 3.86097e-16
7.04967e+00 3.92481e-16
7.59240e+00 3.98672e-16
8.17692e+00 4.06538e-16
8.80644e+00 4.14807e-16
9.48443e+00 4.22874e-16
1.02146e+01 4.32958e-16
1.10010e+01 4.42261e-16
1.18480e+01 4.54090e-16
1.27601e+01 4.67057e-16
1.37425e+01 4.80635e-16
1.48005e+01 4.96737e-16
1.59399e+01 5.13239e-16
1.71671e+01 5.30837e-16
1.84887e+01 5.48521e-16
1.99122e+01 5.69980e-16
2.14451e+01 5.91284e-16
2.30962e+01 6.13653e-16
2.48743e+01 6.37765e-16
2.67893e+01 6.61454e-16
2.88517e+01 6.84164e-16
3.10729e+01 7.06077e-16
3.34652e+01 7.23681e-16
3.60416e+01 7.38335e-16
3.88163e+01 7.46095e-16
4.18047e+01 7.47015e-16
4.50231e+01 7.41864e-16
4.84894e+01 7.25806e-16
5.22224e+01 6.93969e-16
5.62429e+01 6.22933e-16
6.05729e+01 4.83930e-16
6.52363e+01 2.55020e-16
7.02587e+01 4.10602e-17
7.56677e+01 2.20074e-20
8.14932e+01 0.00000e+00
