3.17098e-05 1.91426e-17
3.42207e-05 1.91427e-17
3.69304e-05 1.91387e-17
3.98548e-05 1.91484e-17
4.30106e-05 1.91580e-17
4.64164e-05 1.91389e-17
5.00918e-05 1.91389e-17
5.40583e-05 1.91293e-17
5.83389e-05 1.91400e-17
6.29584e-05 1.91549e-17
6.79437e-05 1.91296e-17
7.33238e-05 1.91217e-17
7.91298e-05 1.91487e-17
8.53957e-05 1.91415e-17
9.21577e-05 1.91527e-17
9.94551e-05 1.91425e-17
1.07330e-04 1.91529e-17
1.15829e-04 1.91503e-17
1.25001e-04 1.91401e-17
1.34899e-04 1.91350e-17
1.45581e-04 1.91520e-17
1.57109e-04 1.91550e-17
1.69549e-04 1.91487e-17
1.82975e-04 1.91698e-17
1.97464e-04 1.91259e-17
2.13100e-04 1.91520e-17
2.29974e-04 1.91079e-17
2.48184e-04 1.91568e-17
2.67836e-04 1.91361e-17
2.89045e-04 1.91498e-17
3.11932e-04 1.91385e-17
3.36633e-04 1.91401e-17
3.63289e-04 1.91400e-17
3.92055e-04 1.91595e-17
4.23100e-04 1.91076e-17
4.56603e-04 1.91355e-17
4.92758e-04 1.91489e-17
5.31777e-04 1.91556e-17
5.73885e-04 1.91589e-17
6.19328e-04 1.91438e-17
6.68369e-04 1.91417e-17
7.21293e-04 1.91486e-17
7.78408e-04 1.91656e-17
8.40046e-04 1.91590e-17
9.06564e-04 1.91378e-17
9.78350e-04 1.91411e-17
1.05582e-03 1.91486e-17
1.13942e-03 1.91555e-17
1.22965e-03 1.91330e-17
1.32702e-03 1.91265e-17
1.43210e-03 1.91361e-17
1.54550e-03 1.91515e-17
1.66787e-03 1.91349e-17
1.79994e-03 1.91395e-17
1.94247e-03 1.91476e-17
2.09628e-03 1.91485e-17
2.26228e-03 1.91412e-17
2.44141e-03 1.91561e-17
2.63473e-03 1.91466e-17
2.84336e-03 1.91432e-17
3.06851e-03 1.91453e-17
3.31149e-03 1.91581e-17
3.57371e-03 1.91467e-17
3.85669e-03 1.91377e-17
4.16208e-03 1.91437e-17
4.49165e-03 1.91533e-17
4.84732e-03 1.91300e-17
5.23115e-03 1.91455e-17
5.64537e-03 1.91422e-17
6.09239e-03 1.91604e-17
6.57482e-03 1.91659e-17
7.09544e-03 1.91414e-17
7.65728e-03 1.91354e-17
8.26362e-03 1.91468e-17
8.91797e-03 1.91399e-17
9.62413e-03 1.91321e-17
1.03862e-02 1.91494e-17
1.12086e-02 1.91586e-17
1.20962e-02 1.91418e-17
1.30540e-02 1.91474e-17
1.40877e-02 1.91557e-17
1.52032e-02 1.91483e-17
1.64070e-02 1.91596e-17
1.77062e-02 1.91450e-17
1.91083e-02 1.91320e-17
2.06214e-02 1.91583e-17
2.22542e-02 1.91466e-17
2.40164e-02 1.91499e-17
2.59181e-02 1.91562e-17
2.79705e-02 1.91466e-17
3.01853e-02 1.91404e-17
3.25755e-02 1.91378e-17
3.51549e-02 1.91438e-17
3.79386e-02 1.91830e-17
4.09428e-02 1.91528e-17
4.41848e-02 1.91471e-17
4.76835e-02 1.91718e-17
5.14593e-02 1.91886e-17
5.55341e-02 1.91644e-17
5.99315e-02 1.91748e-17
6.46771e-02 1.91816e-17
6.97985e-02 1.91540e-17
7.53255e-02 1.91862e-17
8.12901e-02 1.92034e-17
8.77270e-02 1.91906e-17
9.46736e-02 1.91870e-17
1.02170e-01 1.91986e-17
1.10260e-01 1.91989e-17
1.18991e-01 1.92154e-17
1.28414e-01 1.92031e-17
1.38582e-01 1.92068e-17
1.49555e-01 1.92294e-17
1.61398e-01 1.92219e-17
1.74178e-01 1.92308e-17
1.87970e-01 1.92427e-17
2.02854e-01 1.92480e-17
2.18917e-01 1.92522e-17
2.36252e-01 1.92498e-17
2.54959e-01 1.92754e-17
2.75148e-01 1.92682e-17
2.96936e-01 1.92797e-17
3.20448e-01 1.93055e-17
3.45823e-01 1.93276e-17
3.73206e-01 1.93199e-17
4.02758e-01 1.93135e-17
4.34650e-01 1.93521e-17
4.69068e-01 1.93838e-17
5.06211e-01 1.94015e-17
5.46295e-01 1.94027e-17
5.89552e-01 1.94574e-17
6.36236e-01 1.94625e-17
6.86616e-01 1.95044e-17
7.40985e-01 1.95493e-17
7.99659e-01 1.95799e-17
8.62979e-01 1.96230e-17
9.31314e-01 1.96747e-17
1.00506e+00 1.97491e-17
1.08464e+00 1.98083e-17
1.17053e+00 1.98929e-17
1.26322e+00 1.99845e-17
1.36324e+00 2.00935e-17
1.47119e+00 2.02471e-17
1.58769e+00 2.04295e-17
1.71341e+00 2.05993e-17
1.84908e+00 2.08164e-17
1.99550e+00 2.10347e-17
2.15351e+00 2.13133e-17
2.32404e+00 2.16919e-17
2.50806e+00 4.71179e-17
2.70666e+00 4.49182e-17
2.92099e+00 5.01731e-17
3.15228e+00 5.04812e-17
3.40189e+00 5.08326e-17
3.67127e+00 5.13228e-17
3.96198e+00 5.13366e-17
4.27570e+00 5.20730e-17
4.61427e+00 5.24849e-17
4.97965e+00 5.30186e-17
5.37396e+00 5.35763e-17
5.79949e+00 5.41023e-17
6.25872e+00 5.48065e-17
6.75431e+00 5.53644e-17
7.28914e+00 5.61413e-17
7.86633e+00 5.70426e-17
8.48922e+00 5.79276e-17
9.16143e+00 5.87286e-17
9.88687e+00 5.97392e-17
1.06698e+01 6.10080e-17
1.15146e+01 6.22960e-17
1.24264e+01 6.35128e-17
1.34104e+01 6.50690e-17
1.44723e+01 6.68334e-17
1.56182e+01 6.89430e-17
1.68550e+01 7.09063e-17
1.81896e+01 7.33248e-17
1.96299e+01 7.61751e-17
2.11843e+01 7.91511e-17
2.28618e+01 8.26943e-17
2.46721e+01 8.67317e-17
2.66257e+01 9.12531e-17
2.87340e+01 9.65014e-17
3.10093e+01 1.02726e-16
3.34648e+01 1.10246e-16
3.61147e+01 1.18952e-16
3.89744e+01 1.29153e-16
4.20605e+01 1.41748e-16
4.53910e+01 1.57072e-16
4.89853e+01 1.75678e-16
5.28642e+01 1.99076e-16
5.70502e+01 2.29227e-16
6.15676e+01 2.66731e-16
6.64428e+01 3.13780e-16
7.17040e+01 3.71140e-16
7.73819e+01 4.32917e-16
8.35093e+01 4.76272e-16
9.01219e+01 4.48496e-16
9.72581e+01 2.84003e-16
1.04959e+02 5.50813e-17
1.13271e+02 4.08066e-20
1.22240e+02 0.00000e+00
