3.17098e-05 3.56260e-17
3.41674e-05 3.56078e-17
3.68155e-05 3.56095e-17
3.96688e-05 3.55708e-17
4.27433e-05 3.56152e-17
4.60561e-05 3.56104e-17
4.96256e-05 3.55702e-17
5.34717e-05 3.55868e-17
5.76160e-05 3.56162e-17
6.20814e-05 3.56065e-17
6.68930e-05 3.55642e-17
7.20774e-05 3.55931e-17
7.76636e-05 3.55951e-17
8.36828e-05 3.55815e-17
9.01686e-05 3.55497e-17
9.71569e-05 3.55864e-17
1.04687e-04 3.56025e-17
1.12801e-04 3.55711e-17
1.21543e-04 3.55965e-17
1.30963e-04 3.55913e-17
1.41113e-04 3.55763e-17
1.52050e-04 3.55854e-17
1.63834e-04 3.56009e-17
1.76532e-04 3.55895e-17
1.90214e-04 3.56155e-17
2.04956e-04 3.55749e-17
2.20841e-04 3.56113e-17
2.37957e-04 3.56214e-17
2.56399e-04 3.56106e-17
2.76271e-04 3.55969e-17
2.97683e-04 3.55807e-17
3.20755e-04 3.55884e-17
3.45614e-04 3.55678e-17
3.72401e-04 3.55965e-17
4.01263e-04 3.55906e-17
4.32362e-04 3.56266e-17
4.65872e-04 3.55789e-17
5.01979e-04 3.55634e-17
5.40884e-04 3.56220e-17
5.82804e-04 3.55980e-17
6.27973e-04 3.55853e-17
6.76644e-04 3.55712e-17
7.29086e-04 3.56045e-17
7.85593e-04 3.55893e-17
8.46479e-04 3.55722e-17
9.12084e-04 3.55852e-17
9.82774e-04 3.56360e-17
1.05894e-03 3.55706e-17
1.14101e-03 3.56026e-17
1.22945e-03 3.56390e-17
1.32473e-03 3.56176e-17
1.42740e-03 3.55985e-17
1.53803e-03 3.56280e-17
1.65724e-03 3.55638e-17
1.78568e-03 3.55808e-17
1.92407e-03 3.56251e-17
2.07320e-03 3.56189e-17
2.23388e-03 3.56266e-17
2.40701e-03 3.56283e-17
2.59356e-03 3.56023e-17
2.79457e-03 3.55910e-17
3.01116e-03 3.55876e-17
3.24454e-03 3.56030e-17
3.49600e-03 3.56004e-17
3.76695e-03 3.56129e-17
4.05890e-03 3.56163e-17
4.37348e-03 3.55746e-17
4.71244e-03 3.56077e-17
5.07767e-03 3.56115e-17
5.47121e-03 3.55850e-17
5.89525e-03 3.55963e-17
6.35215e-03 3.56141e-17
6.84447e-03 3.56107e-17
7.37494e-03 3.55956e-17
7.94652e-03 3.55972e-17
8.56240e-03 3.56087e-17
9.22602e-03 3.56099e-17
9.94107e-03 3.56478e-17
1.07115e-02 3.56152e-17
1.15417e-02 3.56104e-17
1.24362e-02 3.56057e-17
1.34001e-02 3.56201e-17
1.44386e-02 3.56100e-17
1.55577e-02 3.55879e-17
1.67635e-02 3.56374e-17
1.80627e-02 3.56423e-17
1.94626e-02 3.56198e-17
2.09710e-02 3.56353e-17
2.25964e-02 3.56278e-17
2.43477e-02 3.56273e-17
2.62347e-02 3.55759e-17
2.82680e-02 3.56279e-17
3.04589e-02 3.56291e-17
3.28195e-02 3.56440e-17
3.53631e-02 3.56162e-17
3.81039e-02 3.56133e-17
4.10571e-02 3.56538e-17
4.42392e-02 3.56628e-17
4.76679e-02 3.56250e-17
5.13623e-02 3.56434e-17
5.53430e-02 3.55984e-17
5.96323e-02 3.56591e-17
6.42540e-02 3.56506e-17
6.92340e-02 3.56667e-17
7.45998e-02 3.56431e-17
8.03816e-02 3.56771e-17
8.66114e-02 3.56740e-17
9.33241e-02 3.56950e-17
1.00557e-01 3.56985e-17
1.08351e-01 3.57158e-17
1.16748e-01 3.57305e-17
1.25797e-01 3.57269e-17
1.35546e-01 3.57283e-17
1.46052e-01 3.57388e-17
1.57371e-01 3.57480e-17
1.69568e-01 3.57562e-17
1.82710e-01 3.58100e-17
1.96871e-01 3.58141e-17
2.12129e-01 3.58006e-17
2.28570e-01 3.58233e-17
2.46284e-01 3.58309e-17
2.65372e-01 3.58655e-17
2.85940e-01 3.58969e-17
3.08101e-01 3.58917e-17
3.31980e-01 3.59550e-17
3.57710e-01 3.59878e-17
3.85433e-01 3.59729e-17
4.15306e-01 3.60507e-17
4.47493e-01 3.60723e-17
4.82176e-01 3.61582e-17
5.19546e-01 3.61345e-17
5.59813e-01 3.62313e-17
6.03200e-01 3.63036e-17
6.49950e-01 3.63637e-17
7.00324e-01 3.64218e-17
7.54601e-01 3.64824e-17
8.13085e-01 3.65833e-17
8.76102e-01 3.66588e-17
9.44003e-01 3.67926e-17
1.01717e+00 3.69367e-17
1.09600e+00 3.71275e-17
1.18094e+00 3.73120e-17
1.27247e+00 3.76403e-17
1.37109e+00 3.80799e-17
1.47736e+00 3.86075e-17
1.59186e+00 3.94701e-17
1.71523e+00 4.08011e-17
1.84817e+00 1.90168e-16
1.99141e+00 1.94370e-16
2.14575e+00 1.97654e-16
2.31205e+00 1.98555e-16
2.49125e+00 1.99455e-16
2.68433e+00 2.01085e-16
2.89237e+00 2.02592e-16
3.11654e+00 2.04219e-16
3.35808e+00 2.05466e-16
3.61835e+00 2.07640e-16
3.89878e+00 2.10059e-16
4.20095e+00 2.11638e-16
4.52654e+00 2.13119e-16
4.87736e+00 2.15591e-16
5.25537e+00 2.19072e-16
5.66268e+00 2.21859e-16
6.10156e+00 2.24556e-16
6.57445e+00 2.28244e-16
7.08400e+00 2.31663e-16
7.63303e+00 2.35783e-16
8.22462e+00 2.39525e-16
8.86206e+00 2.44847e-16
9.54890e+00 2.50868e-16
1.02890e+01 2.55690e-16
1.10864e+01 2.63619e-16
1.19456e+01 2.70344e-16
1.28715e+01 2.78332e-16
1.38690e+01 2.87278e-16
1.49439e+01 2.97764e-16
1.61022e+01 3.09488e-16
1.73501e+01 3.21078e-16
1.86948e+01 3.35668e-16
2.01437e+01 3.52771e-16
2.17050e+01 3.70490e-16
2.33872e+01 3.90946e-16
2.51997e+01 4.14720e-16
2.71528e+01 4.42125e-16
2.92573e+01 4.71769e-16
3.15248e+01 5.04873e-16
3.39681e+01 5.42456e-16
3.66007e+01 5.81820e-16
3.94374e+01 6.24003e-16
4.24940e+01 6.66258e-16
4.57874e+01 7.03512e-16
4.93361e+01 7.30646e-16
5.31598e+01 7.36764e-16
5.72799e+01 7.12913e-16
6.17192e+01 6.40767e-16
6.65027e+01 4.93546e-16
7.16569e+01 2.59177e-16
7.72106e+01 4.20800e-17
8.31946e+01 2.39879e-20
8.96425e+01 0.00000e+00
