3.17098e-05 2.55123e-17
3.41961e-05 2.54946e-17
3.68774e-05 2.54793e-17
3.97689e-05 2.54517e-17
4.28871e-05 2.54674e-17
4.62498e-05 2.54963e-17
4.98762e-05 2.54811e-17
5.37869e-05 2.54758e-17
5.80042e-05 2.54810e-17
6.25522e-05 2.54913e-17
6.74569e-05 2.54799e-17
7.27460e-05 2.54943e-17
7.84499e-05 2.54849e-17
8.46011e-05 2.54709e-17
9.12345e-05 2.54898e-17
9.83881e-05 2.54871e-17
1.06103e-04 2.54707e-17
1.14422e-04 2.55057e-17
1.23394e-04 2.54726e-17
1.33069e-04 2.54859e-17
1.43502e-04 2.54881e-17
1.54754e-04 2.54706e-17
1.66888e-04 2.54894e-17
1.79974e-04 2.54949e-17
1.94085e-04 2.54671e-17
2.09303e-04 2.54829e-17
2.25714e-04 2.54859e-17
2.43412e-04 2.54888e-17
2.62497e-04 2.54656e-17
2.83079e-04 2.54868e-17
3.05275e-04 2.54931e-17
3.29211e-04 2.55118e-17
3.55024e-04 2.54721e-17
3.82861e-04 2.54986e-17
4.12881e-04 2.54979e-17
4.45254e-04 2.55048e-17
4.80166e-04 2.55058e-17
5.17815e-04 2.55031e-17
5.58416e-04 2.54925e-17
6.02200e-04 2.55021e-17
6.49418e-04 2.54998e-17
7.00338e-04 2.54696e-17
7.55250e-04 2.54777e-17
8.14468e-04 2.55082e-17
8.78329e-04 2.54722e-17
9.47198e-04 2.54816e-17
1.02147e-03 2.54936e-17
1.10156e-03 2.55042e-17
1.18793e-03 2.54750e-17
1.28107e-03 2.54708e-17
1.38152e-03 2.54905e-17
1.48984e-03 2.55030e-17
1.60666e-03 2.54809e-17
1.73263e-03 2.54777e-17
1.86849e-03 2.54700e-17
2.01499e-03 2.55198e-17
2.17298e-03 2.54818e-17
2.34337e-03 2.54860e-17
2.52710e-03 2.54984e-17
2.72525e-03 2.54888e-17
2.93893e-03 2.54926e-17
3.16937e-03 2.54909e-17
3.41788e-03 2.54565e-17
3.68587e-03 2.55030e-17
3.97487e-03 2.54984e-17
4.28653e-03 2.54676e-17
4.62263e-03 2.54765e-17
4.98509e-03 2.54879e-17
5.37596e-03 2.55129e-17
5.79748e-03 2.54812e-17
6.25205e-03 2.54860e-17
6.74226e-03 2.55177e-17
7.27091e-03 2.55056e-17
7.84102e-03 2.54910e-17
8.45582e-03 2.54696e-17
9.11882e-03 2.54842e-17
9.83382e-03 2.55101e-17
1.06049e-02 2.55122e-17
1.14364e-02 2.54760e-17
1.23331e-02 2.55025e-17
1.33001e-02 2.54979e-17
1.43430e-02 2.54734e-17
1.54676e-02 2.54938e-17
1.66803e-02 2.54637e-17
1.79882e-02 2.54880e-17
1.93987e-02 2.54938e-17
2.09197e-02 2.55123e-17
2.25600e-02 2.54918e-17
2.43288e-02 2.55342e-17
2.62364e-02 2.55108e-17
2.82936e-02 2.55015e-17
3.05120e-02 2.54802e-17
3.29044e-02 2.55080e-17
3.54844e-02 2.55021e-17
3.82667e-02 2.54907e-17
4.12671e-02 2.55451e-17
4.45028e-02 2.55323e-17
4.79922e-02 2.55173e-17
5.17552e-02 2.55131e-17
5.58133e-02 2.55339e-17
6.01895e-02 2.55210e-17
6.49089e-02 2.55666e-17
6.99983e-02 2.55150e-17
7.54867e-02 2.55327e-17
8.14055e-02 2.55459e-17
8.77884e-02 2.55619e-17
9.46717e-02 2.55581e-17
1.02095e-01 2.55428e-17
1.10100e-01 2.55569e-17
1.18733e-01 2.55633e-17
1.28042e-01 2.55658e-17
1.38082e-01 2.55799e-17
1.48909e-01 2.55903e-17
1.60584e-01 2.55825e-17
1.73176e-01 2.55991e-17
1.86754e-01 2.55846e-17
2.01397e-01 2.56480e-17
2.17188e-01 2.56402e-17
2.34218e-01 2.56277e-17
2.52582e-01 2.56496e-17
2.72387e-01 2.56807e-17
2.93744e-01 2.57144e-17
3.16776e-01 2.56968e-17
3.41614e-01 2.57309e-17
3.68400e-01 2.57533e-17
3.97285e-01 2.57727e-17
4.28436e-01 2.57689e-17
4.62029e-01 2.58284e-17
4.98256e-01 2.58562e-17
5.37323e-01 2.58684e-17
5.79454e-01 2.59109e-17
6.24888e-01 2.59490e-17
6.73884e-01 2.59672e-17
7.26723e-01 2.60532e-17
7.83704e-01 2.61044e-17
8.45153e-01 2.61770e-17
9.11420e-01 2.62084e-17
9.82883e-01 2.62908e-17
1.05995e+00 2.64112e-17
1.14306e+00 2.65080e-17
1.23268e+00 2.66582e-17
1.32934e+00 2.68486e-17
1.43357e+00 2.70751e-17
1.54597e+00 2.73655e-17
1.66719e+00 2.77294e-17
1.79791e+00 2.81114e-17
1.93888e+00 2.86145e-17
2.09091e+00 3.28346e-17
2.25485e+00 8.68488e-17
2.43165e+00 8.87340e-17
2.62231e+00 8.91186e-17
2.82792e+00 9.00654e-17
3.04966e+00 9.06132e-17
3.28878e+00 9.12602e-17
3.54664e+00 9.20763e-17
3.82473e+00 9.27809e-17
4.12462e+00 9.35959e-17
4.44803e+00 9.48265e-17
4.79679e+00 9.53241e-17
5.17290e+00 9.63613e-17
5.57850e+00 9.76109e-17
6.01590e+00 9.86488e-17
6.48759e+00 9.95888e-17
6.99628e+00 1.01550e-16
7.54484e+00 1.02586e-16
8.13642e+00 1.04697e-16
8.77439e+00 1.06431e-16
9.46237e+00 1.08621e-16
1.02043e+01 1.10471e-16
1.10044e+01 1.13168e-16
1.18672e+01 1.15839e-16
1.27977e+01 1.18726e-16
1.38012e+01 1.22156e-16
1.48833e+01 1.25808e-16
1.60503e+01 1.30379e-16
1.73088e+01 1.34693e-16
1.86659e+01 1.40474e-16
2.01295e+01 1.46414e-16
2.17078e+01 1.53157e-16
2.34099e+01 1.61649e-16
2.52454e+01 1.70589e-16
2.72249e+01 1.80741e-16
2.93595e+01 1.94157e-16
3.16616e+01 2.08635e-16
3.41441e+01 2.25535e-16
3.68213e+01 2.46760e-16
3.97084e+01 2.71994e-16
4.28219e+01 3.01967e-16
4.61794e+01 3.39018e-16
4.98003e+01 3.84303e-16
5.37051e+01 4.37766e-16
5.79160e+01 4.99644e-16
6.24571e+01 5.65954e-16
6.73543e+01 6.17440e-16
7.26354e+01 6.21073e-16
7.83306e+01 5.20490e-16
8.44724e+01 2.86322e-16
9.10958e+01 4.81198e-17
9.82384e+01 3.04315e-20
1.05941e+02 0.00000e+00
