3.17098e-05 1.83673e-17
3.41511e-05 1.83764e-17
3.67803e-05 1.83669e-17
3.96119e-05 1.83739e-17
4.26615e-05 1.83721e-17
4.59459e-05 1.83681e-17
4.94832e-05 1.83743e-17
5.32928e-05 1.83637e-17
5.73956e-05 1.83740e-17
6.18144e-05 1.83601e-17
6.65733e-05 1.83617e-17
7.16987e-05 1.83648e-17
7.72186e-05 1.83777e-17
8.31634e-05 1.83718e-17
8.95660e-05 1.83495e-17
9.64615e-05 1.83647e-17
1.03888e-04 1.83710e-17
1.11886e-04 1.83760e-17
1.20500e-04 1.83740e-17
1.29777e-04 1.83843e-17
1.39768e-04 1.83750e-17
1.50528e-04 1.83641e-17
1.62117e-04 1.83707e-17
1.74598e-04 1.83735e-17
1.88040e-04 1.83600e-17
2.02517e-04 1.83733e-17
2.18108e-04 1.83729e-17
2.34900e-04 1.83712e-17
2.52984e-04 1.83888e-17
2.72460e-04 1.83928e-17
2.93437e-04 1.83830e-17
3.16028e-04 1.83782e-17
3.40358e-04 1.83645e-17
3.66561e-04 1.83768e-17
3.94782e-04 1.83748e-17
4.25175e-04 1.83853e-17
4.57908e-04 1.83778e-17
4.93161e-04 1.83635e-17
5.31129e-04 1.83745e-17
5.72019e-04 1.83724e-17
6.16057e-04 1.83764e-17
6.63486e-04 1.83921e-17
7.14566e-04 1.83665e-17
7.69579e-04 1.83798e-17
8.28827e-04 1.83725e-17
8.92636e-04 1.83913e-17
9.61358e-04 1.83735e-17
1.03537e-03 1.83839e-17
1.11508e-03 1.83686e-17
1.20093e-03 1.83782e-17
1.29339e-03 1.83793e-17
1.39296e-03 1.83824e-17
1.50020e-03 1.83871e-17
1.61570e-03 1.83735e-17
1.74009e-03 1.83665e-17
1.87405e-03 1.83785e-17
2.01833e-03 1.83863e-17
2.17372e-03 1.83767e-17
2.34107e-03 1.83852e-17
2.52130e-03 1.83979e-17
2.71541e-03 1.83833e-17
2.92446e-03 1.83973e-17
3.14961e-03 1.83937e-17
3.39209e-03 1.83950e-17
3.65324e-03 1.83930e-17
3.93449e-03 1.84072e-17
4.23740e-03 1.83910e-17
4.56362e-03 1.83962e-17
4.91497e-03 1.83881e-17
5.29336e-03 1.83972e-17
5.70088e-03 1.84006e-17
6.13978e-03 1.83998e-17
6.61246e-03 1.84039e-17
7.12154e-03 1.84003e-17
7.66981e-03 1.84131e-17
8.26029e-03 1.84107e-17
8.89623e-03 1.84001e-17
9.58113e-03 1.84194e-17
1.03188e-02 1.84380e-17
1.11132e-02 1.84320e-17
1.19688e-02 1.84218e-17
1.28902e-02 1.84390e-17
1.38826e-02 1.84523e-17
1.49514e-02 1.84468e-17
1.61024e-02 1.84757e-17
1.73421e-02 1.84756e-17
1.86773e-02 1.84732e-17
2.01152e-02 1.84812e-17
2.16638e-02 1.85030e-17
2.33316e-02 1.85002e-17
2.51279e-02 1.85072e-17
2.70624e-02 1.85270e-17
2.91459e-02 1.85364e-17
3.13898e-02 1.85781e-17
3.38064e-02 1.85728e-17
3.64090e-02 1.85879e-17
3.92121e-02 1.86151e-17
4.22309e-02 1.86130e-17
4.54822e-02 1.86245e-17
4.89838e-02 1.86668e-17
5.27549e-02 1.86774e-17
5.68164e-02 1.87109e-17
6.11905e-02 1.87370e-17
6.59014e-02 1.87594e-17
7.09750e-02 1.87895e-17
7.64392e-02 1.88157e-17
8.23241e-02 1.88629e-17
8.86620e-02 1.89064e-17
9.54879e-02 1.89513e-17
1.02839e-01 1.89909e-17
1.10757e-01 1.90413e-17
1.19283e-01 1.90906e-17
1.28467e-01 1.91664e-17
1.38357e-01 1.92273e-17
1.49009e-01 1.93051e-17
1.60481e-01 1.93843e-17
1.72836e-01 1.94811e-17
1.86142e-01 1.95499e-17
2.00473e-01 1.96643e-17
2.15907e-01 1.97782e-17
2.32529e-01 1.99158e-17
2.50431e-01 2.00473e-17
2.69711e-01 2.01928e-17
2.90475e-01 2.03495e-17
3.12838e-01 2.05642e-17
3.36923e-01 2.07524e-17
3.62861e-01 2.09909e-17
3.90797e-01 2.12553e-17
4.20884e-01 2.15601e-17
4.53287e-01 2.18797e-17
4.88184e-01 2.22674e-17
5.25768e-01 2.27098e-17
5.66246e-01 2.32389e-17
6.09840e-01 2.38323e-17
6.56790e-01 2.45167e-17
7.07354e-01 2.53625e-17
7.61812e-01 2.63810e-17
8.20462e-01 2.76573e-17
8.83627e-01 2.92993e-17
9.51656e-01 3.13759e-17
1.02492e+00 3.42384e-17
1.10383e+00 3.83122e-17
1.18881e+00 4.43633e-17
1.28033e+00 5.38761e-17
1.37890e+00 6.85743e-17
1.48506e+00 9.07640e-17
1.59939e+00 2.11535e-16
1.72252e+00 2.13995e-16
1.85514e+00 1.99487e-16
1.99796e+00 1.90510e-16
2.15178e+00 1.83788e-16
2.31744e+00 1.78789e-16
2.49585e+00 1.74131e-16
2.68800e+00 1.69821e-16
2.89494e+00 1.66229e-16
3.11782e+00 1.63241e-16
3.35785e+00 1.59916e-16
3.61637e+00 1.57140e-16
3.89478e+00 1.54573e-16
4.19463e+00 1.51987e-16
4.51756e+00 1.49615e-16
4.86536e+00 1.47011e-16
5.23993e+00 1.44712e-16
5.64334e+00 1.42785e-16
6.07781e+00 1.40441e-16
6.54573e+00 1.38099e-16
7.04967e+00 1.36007e-16
7.59240e+00 1.33676e-16
8.17692e+00 1.31563e-16
8.80644e+00 1.29252e-16
9.48443e+00 1.27064e-16
1.02146e+01 1.24743e-16
1.10010e+01 1.22470e-16
1.18480e+01 1.19913e-16
1.27601e+01 1.17286e-16
1.37425e+01 1.14589e-16
1.48005e+01 1.11745e-16
1.59399e+01 1.08656e-16
1.71671e+01 1.05492e-16
1.84887e+01 1.02045e-16
1.99122e+01 9.83964e-17
2.14451e+01 9.46189e-17
2.30962e+01 9.02326e-17
2.48743e+01 8.57963e-17
2.67893e+01 8.08986e-17
2.88517e+01 7.55349e-17
3.10729e+01 6.99554e-17
3.34652e+01 6.39031e-17
3.60416e+01 5.73399e-17
3.88163e+01 5.06851e-17
4.18047e+01 4.35946e-17
4.50231e+01 3.62700e-17
4.84894e+01 2.85950e-17
5.22224e+01 2.07169e-17
5.62429e+01 1.28820e-17
6.05729e+01 6.02136e-18
6.52363e+01 1.54441e-18
7.02587e+01 8.30239e-20
7.56677e+01 6.13456e-24
8.14932e+01 0.00000e+00
