3.17098e-05 5.43456e-17
3.41311e-05 5.43815e-17
3.67372e-05 5.43501e-17
3.95424e-05 5.43520e-17
4.25617e-05 5.43810e-17
4.58116e-05 5.43870e-17
4.93096e-05 5.43145e-17
5.30748e-05 5.44433e-17
5.71274e-05 5.43538e-17
6.14895e-05 5.43805e-17
6.61846e-05 5.43624e-17
7.12383e-05 5.43184e-17
7.66778e-05 5.43626e-17
8.25327e-05 5.43868e-17
8.88347e-05 5.44031e-17
9.56178e-05 5.44103e-17
1.02919e-04 5.44130e-17
1.10778e-04 5.43861e-17
1.19236e-04 5.42996e-17
1.28341e-04 5.43615e-17
1.38140e-04 5.44084e-17
1.48688e-04 5.43554e-17
1.60042e-04 5.43684e-17
1.72262e-04 5.43711e-17
1.85416e-04 5.43499e-17
1.99573e-04 5.43887e-17
2.14812e-04 5.43201e-17
2.31215e-04 5.43711e-17
2.48870e-04 5.43565e-17
2.67873e-04 5.44088e-17
2.88326e-04 5.43824e-17
3.10342e-04 5.43426e-17
3.34039e-04 5.43585e-17
3.59545e-04 5.43715e-17
3.86999e-04 5.44018e-17
4.16549e-04 5.43681e-17
4.48356e-04 5.44428e-17
4.82591e-04 5.44272e-17
5.19440e-04 5.43857e-17
5.59103e-04 5.43669e-17
6.01795e-04 5.43410e-17
6.47746e-04 5.44044e-17
6.97206e-04 5.43673e-17
7.50442e-04 5.43948e-17
8.07744e-04 5.43723e-17
8.69421e-04 5.43850e-17
9.35807e-04 5.42905e-17
1.00726e-03 5.44336e-17
1.08417e-03 5.43729e-17
1.16696e-03 5.43801e-17
1.25606e-03 5.43582e-17
1.35197e-03 5.43392e-17
1.45521e-03 5.43919e-17
1.56632e-03 5.43953e-17
1.68592e-03 5.43538e-17
1.81465e-03 5.43602e-17
1.95322e-03 5.43259e-17
2.10236e-03 5.44060e-17
2.26289e-03 5.44137e-17
2.43567e-03 5.44067e-17
2.62166e-03 5.43316e-17
2.82184e-03 5.43962e-17
3.03731e-03 5.43739e-17
3.26923e-03 5.42919e-17
3.51885e-03 5.44636e-17
3.78754e-03 5.43548e-17
4.07675e-03 5.43560e-17
4.38804e-03 5.43676e-17
4.72310e-03 5.44143e-17
5.08374e-03 5.44403e-17
5.47192e-03 5.43867e-17
5.88974e-03 5.43879e-17
6.33946e-03 5.44192e-17
6.82352e-03 5.44420e-17
7.34455e-03 5.43894e-17
7.90535e-03 5.44567e-17
8.50898e-03 5.43890e-17
9.15870e-03 5.44084e-17
9.85804e-03 5.43475e-17
1.06108e-02 5.44183e-17
1.14210e-02 5.44379e-17
1.22930e-02 5.43875e-17
1.32317e-02 5.43947e-17
1.42420e-02 5.43712e-17
1.53295e-02 5.43909e-17
1.65000e-02 5.43764e-17
1.77599e-02 5.44232e-17
1.91160e-02 5.44270e-17
2.05757e-02 5.43861e-17
2.21468e-02 5.44040e-17
2.38378e-02 5.43668e-17
2.56580e-02 5.44719e-17
2.76172e-02 5.43671e-17
2.97260e-02 5.44409e-17
3.19958e-02 5.43886e-17
3.44389e-02 5.44667e-17
3.70685e-02 5.44430e-17
3.98989e-02 5.44008e-17
4.29455e-02 5.44793e-17
4.62247e-02 5.44791e-17
4.97543e-02 5.44433e-17
5.35534e-02 5.44694e-17
5.76426e-02 5.44806e-17
6.20440e-02 5.44215e-17
6.67815e-02 5.44533e-17
7.18807e-02 5.44762e-17
7.73693e-02 5.45272e-17
8.32770e-02 5.44968e-17
8.96358e-02 5.45241e-17
9.64801e-02 5.45759e-17
1.03847e-01 5.45430e-17
1.11777e-01 5.45577e-17
1.20311e-01 5.45986e-17
1.29498e-01 5.45715e-17
1.39386e-01 5.46246e-17
1.50029e-01 5.47115e-17
1.61485e-01 5.47239e-17
1.73816e-01 5.46565e-17
1.87088e-01 5.47274e-17
2.01373e-01 5.47362e-17
2.16749e-01 5.47476e-17
2.33300e-01 5.47959e-17
2.51114e-01 5.47962e-17
2.70288e-01 5.48567e-17
2.90927e-01 5.48748e-17
3.13141e-01 5.49384e-17
3.37051e-01 5.49898e-17
3.62788e-01 5.50593e-17
3.90489e-01 5.51189e-17
4.20306e-01 5.51256e-17
4.52399e-01 5.51926e-17
4.86943e-01 5.53075e-17
5.24125e-01 5.53867e-17
5.64145e-01 5.54795e-17
6.07222e-01 5.55388e-17
6.53587e-01 5.56883e-17
7.03493e-01 5.57487e-17
7.57210e-01 5.58816e-17
8.15028e-01 5.60464e-17
8.77262e-01 5.62572e-17
9.44247e-01 5.65555e-17
1.01635e+00 5.68596e-17
1.09395e+00 5.71728e-17
1.17748e+00 5.77514e-17
1.26739e+00 5.86875e-17
1.36417e+00 6.07733e-17
1.46833e+00 5.60753e-16
1.58045e+00 6.04364e-16
1.70113e+00 6.04630e-16
1.83102e+00 6.07161e-16
1.97083e+00 6.08262e-16
2.12132e+00 6.09268e-16
2.28329e+00 6.11922e-16
2.45764e+00 6.12433e-16
2.64530e+00 6.16190e-16
2.84729e+00 6.19586e-16
3.06470e+00 6.22352e-16
3.29871e+00 6.24708e-16
3.55059e+00 6.26141e-16
3.82170e+00 6.32651e-16
4.11351e+00 6.35903e-16
4.42761e+00 6.39022e-16
4.76569e+00 6.44327e-16
5.12958e+00 6.47042e-16
5.52126e+00 6.52008e-16
5.94285e+00 6.56408e-16
6.39663e+00 6.61429e-16
6.88506e+00 6.66307e-16
7.41078e+00 6.70884e-16
7.97664e+00 6.77209e-16
8.58572e+00 6.83766e-16
9.24130e+00 6.89516e-16
9.94694e+00 6.95024e-16
1.07065e+01 7.00078e-16
1.15240e+01 7.07917e-16
1.24039e+01 7.13817e-16
1.33510e+01 7.18031e-16
1.43705e+01 7.23436e-16
1.54678e+01 7.28263e-16
1.66488e+01 7.33026e-16
1.79201e+01 7.35595e-16
1.92884e+01 7.38861e-16
2.07612e+01 7.38128e-16
2.23465e+01 7.38352e-16
2.40528e+01 7.37693e-16
2.58894e+01 7.34296e-16
2.78663e+01 7.32733e-16
2.99940e+01 7.29243e-16
3.22843e+01 7.25598e-16
3.47494e+01 7.24013e-16
3.74028e+01 7.20181e-16
4.02588e+01 7.18996e-16
4.33328e+01 7.13002e-16
4.66416e+01 6.90340e-16
5.02030e+01 6.30993e-16
5.40363e+01 4.95083e-16
5.81624e+01 2.61381e-16
6.26035e+01 4.13586e-17
6.73837e+01 2.05065e-20
7.25290e+01 0.00000e+00
