3.17098e-05 5.96111e-17
3.41232e-05 5.96036e-17
3.67202e-05 5.96101e-17
3.95150e-05 5.95951e-17
4.25224e-05 5.95939e-17
4.57587e-05 5.95987e-17
4.92413e-05 5.96074e-17
5.29890e-05 5.96210e-17
5.70219e-05 5.96249e-17
6.13617e-05 5.96435e-17
6.60319e-05 5.96247e-17
7.10574e-05 5.95976e-17
7.64655e-05 5.96089e-17
8.22852e-05 5.95961e-17
8.85478e-05 5.96172e-17
9.52870e-05 5.95952e-17
1.02539e-04 5.96132e-17
1.10343e-04 5.95990e-17
1.18741e-04 5.96096e-17
1.27778e-04 5.96093e-17
1.37503e-04 5.96010e-17
1.47969e-04 5.95839e-17
1.59230e-04 5.96139e-17
1.71349e-04 5.96291e-17
1.84390e-04 5.96067e-17
1.98424e-04 5.96235e-17
2.13526e-04 5.96169e-17
2.29777e-04 5.96268e-17
2.47265e-04 5.95979e-17
2.66083e-04 5.96204e-17
2.86335e-04 5.96121e-17
3.08127e-04 5.96090e-17
3.31578e-04 5.96129e-17
3.56814e-04 5.96204e-17
3.83971e-04 5.96258e-17
4.13194e-04 5.96154e-17
4.44641e-04 5.96083e-17
4.78482e-04 5.96219e-17
5.14899e-04 5.96243e-17
5.54087e-04 5.96122e-17
5.96258e-04 5.96026e-17
6.41638e-04 5.96106e-17
6.90472e-04 5.96109e-17
7.43023e-04 5.96092e-17
7.99573e-04 5.96319e-17
8.60427e-04 5.95926e-17
9.25913e-04 5.96178e-17
9.96382e-04 5.95963e-17
1.07222e-03 5.96080e-17
1.15382e-03 5.96264e-17
1.24164e-03 5.96213e-17
1.33613e-03 5.96146e-17
1.43783e-03 5.96006e-17
1.54726e-03 5.96311e-17
1.66502e-03 5.96001e-17
1.79174e-03 5.96011e-17
1.92810e-03 5.96178e-17
2.07485e-03 5.96284e-17
2.23276e-03 5.96323e-17
2.40269e-03 5.96364e-17
2.58556e-03 5.96195e-17
2.78234e-03 5.96283e-17
2.99410e-03 5.96275e-17
3.22198e-03 5.96191e-17
3.46720e-03 5.96051e-17
3.73108e-03 5.96100e-17
4.01504e-03 5.96079e-17
4.32062e-03 5.96249e-17
4.64946e-03 5.96222e-17
5.00332e-03 5.95985e-17
5.38412e-03 5.96338e-17
5.79389e-03 5.96306e-17
6.23486e-03 5.96300e-17
6.70938e-03 5.96110e-17
7.22002e-03 5.96247e-17
7.76953e-03 5.96247e-17
8.36085e-03 5.96192e-17
8.99718e-03 5.96072e-17
9.68194e-03 5.96317e-17
1.04188e-02 5.96512e-17
1.12118e-02 5.96411e-17
1.20651e-02 5.96363e-17
1.29833e-02 5.96318e-17
1.39715e-02 5.96241e-17
1.50348e-02 5.96408e-17
1.61791e-02 5.96348e-17
1.74105e-02 5.96361e-17
1.87356e-02 5.96668e-17
2.01615e-02 5.96426e-17
2.16960e-02 5.96471e-17
2.33472e-02 5.96650e-17
2.51241e-02 5.96538e-17
2.70363e-02 5.96701e-17
2.90940e-02 5.96424e-17
3.13082e-02 5.96751e-17
3.36911e-02 5.96846e-17
3.62552e-02 5.96924e-17
3.90146e-02 5.96836e-17
4.19839e-02 5.96999e-17
4.51792e-02 5.96987e-17
4.86178e-02 5.97077e-17
5.23180e-02 5.97014e-17
5.62998e-02 5.97442e-17
6.05847e-02 5.97200e-17
6.51957e-02 5.97408e-17
7.01576e-02 5.97407e-17
7.54972e-02 5.97706e-17
8.12432e-02 5.97539e-17
8.74265e-02 5.97928e-17
9.40804e-02 5.98086e-17
1.01241e-01 5.98144e-17
1.08946e-01 5.98143e-17
1.17238e-01 5.98485e-17
1.26160e-01 5.98337e-17
1.35762e-01 5.98665e-17
1.46095e-01 5.99054e-17
1.57214e-01 5.99345e-17
1.69179e-01 5.99439e-17
1.82055e-01 5.99652e-17
1.95911e-01 5.99945e-17
2.10822e-01 6.00224e-17
2.26867e-01 6.00603e-17
2.44133e-01 6.00907e-17
2.62714e-01 6.01607e-17
2.82709e-01 6.01808e-17
3.04225e-01 6.01949e-17
3.27379e-01 6.02782e-17
3.52296e-01 6.03076e-17
3.79108e-01 6.03896e-17
4.07962e-01 6.04510e-17
4.39011e-01 6.05137e-17
4.72423e-01 6.05994e-17
5.08379e-01 6.07001e-17
5.47071e-01 6.08126e-17
5.88707e-01 6.08966e-17
6.33513e-01 6.10235e-17
6.81728e-01 6.11405e-17
7.33614e-01 6.13122e-17
7.89448e-01 6.14620e-17
8.49531e-01 6.16860e-17
9.14188e-01 6.19407e-17
9.83765e-01 6.22373e-17
1.05864e+00 6.26556e-17
1.13921e+00 6.32466e-17
1.22591e+00 6.42787e-17
1.31921e+00 6.70094e-17
1.41962e+00 7.04323e-16
1.52766e+00 7.03112e-16
1.64393e+00 7.03794e-16
1.76905e+00 7.02727e-16
1.90369e+00 7.04800e-16
2.04857e+00 7.03760e-16
2.20449e+00 7.06143e-16
2.37227e+00 7.07440e-16
2.55282e+00 7.07644e-16
2.74711e+00 7.09666e-16
2.95619e+00 7.10484e-16
3.18118e+00 7.11898e-16
3.42329e+00 7.13682e-16
3.68383e+00 7.15306e-16
3.96420e+00 7.17304e-16
4.26591e+00 7.17245e-16
4.59058e+00 7.20128e-16
4.93996e+00 7.21950e-16
5.31594e+00 7.23654e-16
5.72052e+00 7.25375e-16
6.15590e+00 7.27333e-16
6.62442e+00 7.29735e-16
7.12859e+00 7.30495e-16
7.67114e+00 7.33241e-16
8.25498e+00 7.34124e-16
8.88325e+00 7.35907e-16
9.55934e+00 7.37742e-16
1.02869e+01 7.38155e-16
1.10698e+01 7.39185e-16
1.19123e+01 7.39173e-16
1.28189e+01 7.39171e-16
1.37946e+01 7.39018e-16
1.48444e+01 7.38353e-16
1.59742e+01 7.36616e-16
1.71900e+01 7.34904e-16
1.84983e+01 7.32390e-16
1.99062e+01 7.29092e-16
2.14212e+01 7.26497e-16
2.30515e+01 7.23446e-16
2.48060e+01 7.20203e-16
2.66939e+01 7.17128e-16
2.87255e+01 7.15064e-16
3.09118e+01 7.14518e-16
3.32644e+01 7.15281e-16
3.57961e+01 7.16842e-16
3.85205e+01 7.19061e-16
4.14523e+01 7.17290e-16
4.46071e+01 7.00492e-16
4.80021e+01 6.43377e-16
5.16555e+01 5.05719e-16
5.55869e+01 2.66866e-16
5.98175e+01 4.18857e-17
6.43701e+01 2.01108e-20
6.92692e+01 0.00000e+00
