3.17098e-05 2.32034e-17
3.41311e-05 2.32008e-17
3.67372e-05 2.31857e-17
3.95424e-05 2.31715e-17
4.25617e-05 2.31723e-17
4.58116e-05 2.32018e-17
4.93096e-05 2.31831e-17
5.30748e-05 2.31933e-17
5.71274e-05 2.32056e-17
6.14895e-05 2.31875e-17
6.61846e-05 2.31934e-17
7.12383e-05 2.31853e-17
7.66778e-05 2.31942e-17
8.25327e-05 2.31823e-17
8.88347e-05 2.31967e-17
9.56178e-05 2.31839e-17
1.02919e-04 2.31874e-17
1.10778e-04 2.31672e-17
1.19236e-04 2.31818e-17
1.28341e-04 2.31721e-17
1.38140e-04 2.31966e-17
1.48688e-04 2.31800e-17
1.60042e-04 2.31911e-17
1.72262e-04 2.31790e-17
1.85416e-04 2.31939e-17
1.99573e-04 2.31878e-17
2.14812e-04 2.31822e-17
2.31215e-04 2.32022e-17
2.48870e-04 2.31940e-17
2.67873e-04 2.31940e-17
2.88326e-04 2.31820e-17
3.10342e-04 2.31977e-17
3.34039e-04 2.31895e-17
3.59545e-04 2.31880e-17
3.86999e-04 2.31967e-17
4.16549e-04 2.32122e-17
4.48356e-04 2.31933e-17
4.82591e-04 2.31758e-17
5.19440e-04 2.31931e-17
5.59103e-04 2.32063e-17
6.01795e-04 2.31977e-17
6.47746e-04 2.32010e-17
6.97206e-04 2.31929e-17
7.50442e-04 2.32073e-17
8.07744e-04 2.31968e-17
8.69421e-04 2.31947e-17
9.35807e-04 2.31952e-17
1.00726e-03 2.32149e-17
1.08417e-03 2.31870e-17
1.16696e-03 2.31987e-17
1.25606e-03 2.31992e-17
1.35197e-03 2.31886e-17
1.45521e-03 2.31970e-17
1.56632e-03 2.31970e-17
1.68592e-03 2.32050e-17
1.81465e-03 2.32103e-17
1.95322e-03 2.31861e-17
2.10236e-03 2.32023e-17
2.26289e-03 2.32021e-17
2.43567e-03 2.32032e-17
2.62166e-03 2.32150e-17
2.82184e-03 2.32197e-17
3.03731e-03 2.31993e-17
3.26923e-03 2.32030e-17
3.51885e-03 2.32273e-17
3.78754e-03 2.32198e-17
4.07675e-03 2.32111e-17
4.38804e-03 2.32299e-17
4.72310e-03 2.32254e-17
5.08374e-03 2.32317e-17
5.47192e-03 2.32297e-17
5.88974e-03 2.32317e-17
6.33946e-03 2.32331e-17
6.82352e-03 2.32470e-17
7.34455e-03 2.32416e-17
7.90535e-03 2.32451e-17
8.50898e-03 2.32567e-17
9.15870e-03 2.32629e-17
9.85804e-03 2.32628e-17
1.06108e-02 2.32783e-17
1.14210e-02 2.32686e-17
1.22930e-02 2.32756e-17
1.32317e-02 2.32861e-17
1.42420e-02 2.33112e-17
1.53295e-02 2.33149e-17
1.65000e-02 2.33153e-17
1.77599e-02 2.33413e-17
1.91160e-02 2.33347e-17
2.05757e-02 2.33461e-17
2.21468e-02 2.33559e-17
2.38378e-02 2.33642e-17
2.56580e-02 2.33919e-17
2.76172e-02 2.34078e-17
2.97260e-02 2.34284e-17
3.19958e-02 2.34181e-17
3.44389e-02 2.34655e-17
3.70685e-02 2.34818e-17
3.98989e-02 2.35033e-17
4.29455e-02 2.35155e-17
4.62247e-02 2.35317e-17
4.97543e-02 2.35701e-17
5.35534e-02 2.36091e-17
5.76426e-02 2.36369e-17
6.20440e-02 2.36674e-17
6.67815e-02 2.37276e-17
7.18807e-02 2.37434e-17
7.73693e-02 2.37876e-17
8.32770e-02 2.38472e-17
8.96358e-02 2.39029e-17
9.64801e-02 2.39653e-17
1.03847e-01 2.40368e-17
1.11777e-01 2.41298e-17
1.20311e-01 2.41751e-17
1.29498e-01 2.42343e-17
1.39386e-01 2.43520e-17
1.50029e-01 2.44378e-17
1.61485e-01 2.45442e-17
1.73816e-01 2.46432e-17
1.87088e-01 2.47576e-17
2.01373e-01 2.48975e-17
2.16749e-01 2.50691e-17
2.33300e-01 2.52437e-17
2.51114e-01 2.54248e-17
2.70288e-01 2.56117e-17
2.90927e-01 2.58355e-17
3.13141e-01 2.61090e-17
3.37051e-01 2.63750e-17
3.62788e-01 2.67088e-17
3.90489e-01 2.70567e-17
4.20306e-01 2.74562e-17
4.52399e-01 2.78992e-17
4.86943e-01 2.84346e-17
5.24125e-01 2.90129e-17
5.64145e-01 2.97440e-17
6.07222e-01 3.05921e-17
6.53587e-01 3.15232e-17
7.03493e-01 3.27048e-17
7.57210e-01 3.41732e-17
8.15028e-01 3.59470e-17
8.77262e-01 3.82945e-17
9.44247e-01 4.14395e-17
1.01635e+00 4.57500e-17
1.09395e+00 5.23057e-17
1.17748e+00 6.28177e-17
1.26739e+00 8.19287e-17
1.36417e+00 1.25493e-16
1.46833e+00 3.69726e-16
1.58045e+00 3.19095e-16
1.70113e+00 2.96333e-16
1.83102e+00 2.80975e-16
1.97083e+00 2.68947e-16
2.12132e+00 2.58991e-16
2.28329e+00 2.50644e-16
2.45764e+00 2.42977e-16
2.64530e+00 2.35650e-16
2.84729e+00 2.29710e-16
3.06470e+00 2.23887e-16
3.29871e+00 2.17921e-16
3.55059e+00 2.12293e-16
3.82170e+00 2.07283e-16
4.11351e+00 2.01935e-16
4.42761e+00 1.97475e-16
4.76569e+00 1.91916e-16
5.12958e+00 1.87647e-16
5.52126e+00 1.82633e-16
5.94285e+00 1.78078e-16
6.39663e+00 1.73710e-16
6.88506e+00 1.68934e-16
7.41078e+00 1.64466e-16
7.97664e+00 1.59742e-16
8.58572e+00 1.55101e-16
9.24130e+00 1.50329e-16
9.94694e+00 1.45761e-16
1.07065e+01 1.40662e-16
1.15240e+01 1.35800e-16
1.24039e+01 1.30851e-16
1.33510e+01 1.25682e-16
1.43705e+01 1.20522e-16
1.54678e+01 1.15163e-16
1.66488e+01 1.09785e-16
1.79201e+01 1.04210e-16
1.92884e+01 9.86423e-17
2.07612e+01 9.28190e-17
2.23465e+01 8.69127e-17
2.40528e+01 8.10248e-17
2.58894e+01 7.49086e-17
2.78663e+01 6.87645e-17
2.99940e+01 6.25587e-17
3.22843e+01 5.62048e-17
3.47494e+01 4.96134e-17
3.74028e+01 4.28741e-17
4.02588e+01 3.59468e-17
4.33328e+01 2.86053e-17
4.66416e+01 2.08666e-17
5.02030e+01 1.30506e-17
5.40363e+01 6.10989e-18
5.81624e+01 1.55647e-18
6.26035e+01 8.19334e-20
6.73837e+01 5.58740e-24
7.25290e+01 0.00000e+00
