3.17098e-05 2.54498e-17
3.41232e-05 2.54343e-17
3.67202e-05 2.54306e-17
3.95150e-05 2.54266e-17
4.25224e-05 2.54212e-17
4.57587e-05 2.54272e-17
4.92413e-05 2.54067e-17
5.29890e-05 2.54250e-17
5.70219e-05 2.54035e-17
6.13617e-05 2.54071e-17
6.60319e-05 2.54254e-17
7.10574e-05 2.54197e-17
7.64655e-05 2.54316e-17
8.22852e-05 2.54278e-17
8.85478e-05 2.54329e-17
9.52870e-05 2.54325e-17
1.02539e-04 2.54308e-17
1.10343e-04 2.54259e-17
1.18741e-04 2.54174e-17
1.27778e-04 2.54277e-17
1.37503e-04 2.54275e-17
1.47969e-04 2.54262e-17
1.59230e-04 2.54344e-17
1.71349e-04 2.54293e-17
1.84390e-04 2.54101e-17
1.98424e-04 2.54325e-17
2.13526e-04 2.54349e-17
2.29777e-04 2.54381e-17
2.47265e-04 2.54276e-17
2.66083e-04 2.54151e-17
2.86335e-04 2.54263e-17
3.08127e-04 2.54368e-17
3.31578e-04 2.53972e-17
3.56814e-04 2.54275e-17
3.83971e-04 2.54142e-17
4.13194e-04 2.54427e-17
4.44641e-04 2.54410e-17
4.78482e-04 2.54165e-17
5.14899e-04 2.54134e-17
5.54087e-04 2.54282e-17
5.96258e-04 2.54383e-17
6.41638e-04 2.54387e-17
6.90472e-04 2.54337e-17
7.43023e-04 2.54307e-17
7.99573e-04 2.54279e-17
8.60427e-04 2.54350e-17
9.25913e-04 2.54433e-17
9.96382e-04 2.54341e-17
1.07222e-03 2.54487e-17
1.15382e-03 2.54339e-17
1.24164e-03 2.54382e-17
1.33613e-03 2.54336e-17
1.43783e-03 2.54567e-17
1.54726e-03 2.54445e-17
1.66502e-03 2.54612e-17
1.79174e-03 2.54274e-17
1.92810e-03 2.54233e-17
2.07485e-03 2.54467e-17
2.23276e-03 2.54668e-17
2.40269e-03 2.54408e-17
2.58556e-03 2.54378e-17
2.78234e-03 2.54468e-17
2.99410e-03 2.54424e-17
3.22198e-03 2.54358e-17
3.46720e-03 2.54492e-17
3.73108e-03 2.54514e-17
4.01504e-03 2.54582e-17
4.32062e-03 2.54566e-17
4.64946e-03 2.54543e-17
5.00332e-03 2.54702e-17
5.38412e-03 2.54767e-17
5.79389e-03 2.54623e-17
6.23486e-03 2.54745e-17
6.70938e-03 2.54735e-17
7.22002e-03 2.54916e-17
7.76953e-03 2.54914e-17
8.36085e-03 2.54920e-17
8.99718e-03 2.55069e-17
9.68194e-03 2.55025e-17
1.04188e-02 2.55120e-17
1.12118e-02 2.55358e-17
1.20651e-02 2.55292e-17
1.29833e-02 2.55423e-17
1.39715e-02 2.55427e-17
1.50348e-02 2.55496e-17
1.61791e-02 2.55661e-17
1.74105e-02 2.55872e-17
1.87356e-02 2.55834e-17
2.01615e-02 2.55851e-17
2.16960e-02 2.55902e-17
2.33472e-02 2.56293e-17
2.51241e-02 2.56390e-17
2.70363e-02 2.56609e-17
2.90940e-02 2.56854e-17
3.13082e-02 2.57028e-17
3.36911e-02 2.56924e-17
3.62552e-02 2.57188e-17
3.90146e-02 2.57635e-17
4.19839e-02 2.57707e-17
4.51792e-02 2.58414e-17
4.86178e-02 2.58275e-17
5.23180e-02 2.58782e-17
5.62998e-02 2.58958e-17
6.05847e-02 2.59444e-17
6.51957e-02 2.59991e-17
7.01576e-02 2.60573e-17
7.54972e-02 2.60794e-17
8.12432e-02 2.61477e-17
8.74265e-02 2.61987e-17
9.40804e-02 2.62736e-17
1.01241e-01 2.63327e-17
1.08946e-01 2.64013e-17
1.17238e-01 2.64733e-17
1.26160e-01 2.65768e-17
1.35762e-01 2.66794e-17
1.46095e-01 2.67688e-17
1.57214e-01 2.69031e-17
1.69179e-01 2.70054e-17
1.82055e-01 2.71344e-17
1.95911e-01 2.72910e-17
2.10822e-01 2.74645e-17
2.26867e-01 2.76452e-17
2.44133e-01 2.78303e-17
2.62714e-01 2.80616e-17
2.82709e-01 2.83094e-17
3.04225e-01 2.85614e-17
3.27379e-01 2.88712e-17
3.52296e-01 2.91924e-17
3.79108e-01 2.95917e-17
4.07962e-01 3.00400e-17
4.39011e-01 3.05189e-17
4.72423e-01 3.10937e-17
5.08379e-01 3.17468e-17
5.47071e-01 3.24654e-17
5.88707e-01 3.33263e-17
6.33513e-01 3.44100e-17
6.81728e-01 3.56185e-17
7.33614e-01 3.71415e-17
7.89448e-01 3.90888e-17
8.49531e-01 4.15042e-17
9.14188e-01 4.47453e-17
9.83765e-01 4.93657e-17
1.05864e+00 5.61934e-17
1.13921e+00 6.70580e-17
1.22591e+00 8.79631e-17
1.31921e+00 1.44196e-16
1.41962e+00 3.95036e-16
1.52766e+00 3.45193e-16
1.64393e+00 3.20850e-16
1.76905e+00 3.03887e-16
1.90369e+00 2.89513e-16
2.04857e+00 2.78646e-16
2.20449e+00 2.68719e-16
2.37227e+00 2.59396e-16
2.55282e+00 2.51000e-16
2.74711e+00 2.43650e-16
2.95619e+00 2.37284e-16
3.18118e+00 2.30249e-16
3.42329e+00 2.23486e-16
3.68383e+00 2.17563e-16
3.96420e+00 2.11463e-16
4.26591e+00 2.05561e-16
4.59058e+00 1.99638e-16
4.93996e+00 1.94530e-16
5.31594e+00 1.88976e-16
5.72052e+00 1.83675e-16
6.15590e+00 1.78544e-16
6.62442e+00 1.72935e-16
7.12859e+00 1.67749e-16
7.67114e+00 1.62412e-16
8.25498e+00 1.57117e-16
8.88325e+00 1.51824e-16
9.55934e+00 1.46507e-16
1.02869e+01 1.41377e-16
1.10698e+01 1.36018e-16
1.19123e+01 1.30697e-16
1.28189e+01 1.25301e-16
1.37946e+01 1.19743e-16
1.48444e+01 1.14381e-16
1.59742e+01 1.08852e-16
1.71900e+01 1.03168e-16
1.84983e+01 9.75415e-17
1.99062e+01 9.18614e-17
2.14212e+01 8.60818e-17
2.30515e+01 8.03343e-17
2.48060e+01 7.43635e-17
2.66939e+01 6.83341e-17
2.87255e+01 6.23777e-17
3.09118e+01 5.62128e-17
3.32644e+01 4.97366e-17
3.57961e+01 4.31679e-17
3.85205e+01 3.62695e-17
4.14523e+01 2.89548e-17
4.46071e+01 2.11665e-17
4.80021e+01 1.32827e-17
5.16555e+01 6.20338e-18
5.55869e+01 1.57682e-18
5.98175e+01 8.22820e-20
6.43701e+01 5.42811e-24
6.92692e+01 0.00000e+00
