3.17098e-05 5.69043e-17
3.41272e-05 5.68881e-17
3.67288e-05 5.68512e-17
3.95288e-05 5.69306e-17
4.25423e-05 5.69027e-17
4.57854e-05 5.69214e-17
4.92758e-05 5.68962e-17
5.30323e-05 5.69263e-17
5.70752e-05 5.69024e-17
6.14263e-05 5.69006e-17
6.61091e-05 5.69400e-17
7.11488e-05 5.68604e-17
7.65728e-05 5.69035e-17
8.24103e-05 5.68776e-17
8.86928e-05 5.68854e-17
9.54542e-05 5.69134e-17
1.02731e-04 5.69046e-17
1.10563e-04 5.69014e-17
1.18991e-04 5.69397e-17
1.28063e-04 5.69269e-17
1.37825e-04 5.69768e-17
1.48332e-04 5.69010e-17
1.59640e-04 5.69335e-17
1.71810e-04 5.68844e-17
1.84908e-04 5.69295e-17
1.99004e-04 5.68793e-17
2.14175e-04 5.69373e-17
2.30503e-04 5.69184e-17
2.48075e-04 5.69128e-17
2.66987e-04 5.68910e-17
2.87340e-04 5.68652e-17
3.09245e-04 5.68954e-17
3.32820e-04 5.69145e-17
3.58193e-04 5.69060e-17
3.85499e-04 5.69133e-17
4.14887e-04 5.69078e-17
4.46516e-04 5.68848e-17
4.80556e-04 5.69304e-17
5.17191e-04 5.69480e-17
5.56618e-04 5.68748e-17
5.99052e-04 5.68811e-17
6.44720e-04 5.68752e-17
6.93869e-04 5.69296e-17
7.46766e-04 5.68934e-17
8.03695e-04 5.68937e-17
8.64964e-04 5.68747e-17
9.30904e-04 5.69276e-17
1.00187e-03 5.69095e-17
1.07825e-03 5.69248e-17
1.16045e-03 5.68872e-17
1.24891e-03 5.69600e-17
1.34412e-03 5.69654e-17
1.44659e-03 5.69169e-17
1.55687e-03 5.68942e-17
1.67556e-03 5.68701e-17
1.80329e-03 5.68864e-17
1.94076e-03 5.68911e-17
2.08872e-03 5.68541e-17
2.24795e-03 5.69492e-17
2.41932e-03 5.69151e-17
2.60375e-03 5.70082e-17
2.80225e-03 5.69149e-17
3.01587e-03 5.69268e-17
3.24579e-03 5.69575e-17
3.49323e-03 5.69030e-17
3.75953e-03 5.69518e-17
4.04613e-03 5.69142e-17
4.35459e-03 5.69307e-17
4.68656e-03 5.68927e-17
5.04383e-03 5.68696e-17
5.42834e-03 5.69289e-17
5.84217e-03 5.69494e-17
6.28754e-03 5.69411e-17
6.76687e-03 5.69069e-17
7.28273e-03 5.69176e-17
7.83793e-03 5.68929e-17
8.43544e-03 5.69668e-17
9.07851e-03 5.69285e-17
9.77061e-03 5.69157e-17
1.05155e-02 5.69820e-17
1.13171e-02 5.69470e-17
1.21798e-02 5.68894e-17
1.31084e-02 5.69480e-17
1.41077e-02 5.69248e-17
1.51832e-02 5.68784e-17
1.63406e-02 5.69571e-17
1.75863e-02 5.69640e-17
1.89270e-02 5.69709e-17
2.03699e-02 5.68752e-17
2.19228e-02 5.69677e-17
2.35941e-02 5.69599e-17
2.53927e-02 5.69927e-17
2.73285e-02 5.69481e-17
2.94119e-02 5.70022e-17
3.16541e-02 5.69543e-17
3.40672e-02 5.70298e-17
3.66643e-02 5.69879e-17
3.94594e-02 5.69381e-17
4.24675e-02 5.70765e-17
4.57050e-02 5.69974e-17
4.91893e-02 5.69314e-17
5.29392e-02 5.69686e-17
5.69749e-02 5.70122e-17
6.13184e-02 5.70282e-17
6.59929e-02 5.70667e-17
7.10239e-02 5.70057e-17
7.64383e-02 5.70330e-17
8.22655e-02 5.70204e-17
8.85370e-02 5.70457e-17
9.52865e-02 5.70858e-17
1.02551e-01 5.70389e-17
1.10368e-01 5.70946e-17
1.18782e-01 5.71191e-17
1.27838e-01 5.71643e-17
1.37583e-01 5.71840e-17
1.48072e-01 5.72060e-17
1.59360e-01 5.71393e-17
1.71508e-01 5.71623e-17
1.84583e-01 5.72544e-17
1.98655e-01 5.72682e-17
2.13799e-01 5.73103e-17
2.30098e-01 5.73406e-17
2.47639e-01 5.73719e-17
2.66518e-01 5.74189e-17
2.86835e-01 5.74594e-17
3.08702e-01 5.74859e-17
3.32236e-01 5.75313e-17
3.57564e-01 5.76032e-17
3.84822e-01 5.76635e-17
4.14159e-01 5.77237e-17
4.45732e-01 5.77969e-17
4.79712e-01 5.78992e-17
5.16282e-01 5.79385e-17
5.55640e-01 5.80295e-17
5.97999e-01 5.81431e-17
6.43587e-01 5.81698e-17
6.92650e-01 5.83806e-17
7.45454e-01 5.84799e-17
8.02283e-01 5.87135e-17
8.63445e-01 5.88969e-17
9.29268e-01 5.91426e-17
1.00011e+00 5.94287e-17
1.07635e+00 5.98048e-17
1.15841e+00 6.04189e-17
1.24672e+00 6.14005e-17
1.34176e+00 6.38173e-17
1.44405e+00 6.54391e-16
1.55413e+00 6.60705e-16
1.67261e+00 6.58674e-16
1.80012e+00 6.59006e-16
1.93735e+00 6.62765e-16
2.08505e+00 6.61841e-16
2.24400e+00 6.64477e-16
2.41507e+00 6.67176e-16
2.59918e+00 6.67326e-16
2.79732e+00 6.69762e-16
3.01058e+00 6.69658e-16
3.24008e+00 6.72204e-16
3.48709e+00 6.76275e-16
3.75292e+00 6.78128e-16
4.03903e+00 6.81114e-16
4.34694e+00 6.84054e-16
4.67832e+00 6.86173e-16
5.03497e+00 6.89380e-16
5.41881e+00 6.93320e-16
5.83191e+00 6.95643e-16
6.27650e+00 6.98391e-16
6.75498e+00 7.04924e-16
7.26994e+00 7.06122e-16
7.82416e+00 7.10702e-16
8.42062e+00 7.13624e-16
9.06256e+00 7.17777e-16
9.75344e+00 7.22555e-16
1.04970e+01 7.23470e-16
1.12972e+01 7.28733e-16
1.21584e+01 7.30116e-16
1.30853e+01 7.36588e-16
1.40829e+01 7.35982e-16
1.51565e+01 7.36959e-16
1.63119e+01 7.38179e-16
1.75555e+01 7.37913e-16
1.88938e+01 7.36665e-16
2.03341e+01 7.36782e-16
2.18843e+01 7.34578e-16
2.35526e+01 7.31002e-16
2.53481e+01 7.28381e-16
2.72805e+01 7.24358e-16
2.93602e+01 7.22170e-16
3.15985e+01 7.21231e-16
3.40074e+01 7.18648e-16
3.65999e+01 7.19041e-16
3.93900e+01 7.18367e-16
4.23929e+01 7.14587e-16
4.56247e+01 6.94409e-16
4.91029e+01 6.36186e-16
5.28462e+01 4.99838e-16
5.68749e+01 2.63996e-16
6.12107e+01 4.15971e-17
6.58770e+01 2.02857e-20
7.08991e+01 0.00000e+00
