3.17098e-05 2.42609e-17
3.41272e-05 2.42570e-17
3.67288e-05 2.42920e-17
3.95288e-05 2.42709e-17
4.25423e-05 2.42805e-17
4.57854e-05 2.42546e-17
4.92758e-05 2.42794e-17
5.30323e-05 2.42681e-17
5.70752e-05 2.42552e-17
6.14263e-05 2.42770e-17
6.61091e-05 2.42707e-17
7.11488e-05 2.42692e-17
7.65728e-05 2.42760e-17
8.24103e-05 2.42769e-17
8.86928e-05 2.42598e-17
9.54542e-05 2.42687e-17
1.02731e-04 2.42604e-17
1.10563e-04 2.42997e-17
1.18991e-04 2.42746e-17
1.28063e-04 2.42744e-17
1.37825e-04 2.42648e-17
1.48332e-04 2.42596e-17
1.59640e-04 2.42707e-17
1.71810e-04 2.42608e-17
1.84908e-04 2.42834e-17
1.99004e-04 2.42833e-17
2.14175e-04 2.42855e-17
2.30503e-04 2.42599e-17
2.48075e-04 2.42652e-17
2.66987e-04 2.42741e-17
2.87340e-04 2.42599e-17
3.09245e-04 2.42813e-17
3.32820e-04 2.42903e-17
3.58193e-04 2.42836e-17
3.85499e-04 2.42647e-17
4.14887e-04 2.42571e-17
4.46516e-04 2.42757e-17
4.80556e-04 2.42907e-17
5.17191e-04 2.42921e-17
5.56618e-04 2.42676e-17
5.99052e-04 2.42560e-17
6.44720e-04 2.42818e-17
6.93869e-04 2.42858e-17
7.46766e-04 2.42745e-17
8.03695e-04 2.42613e-17
8.64964e-04 2.42768e-17
9.30904e-04 2.42886e-17
1.00187e-03 2.43003e-17
1.07825e-03 2.42890e-17
1.16045e-03 2.42855e-17
1.24891e-03 2.42884e-17
1.34412e-03 2.42820e-17
1.44659e-03 2.42786e-17
1.55687e-03 2.42756e-17
1.67556e-03 2.42901e-17
1.80329e-03 2.42809e-17
1.94076e-03 2.42826e-17
2.08872e-03 2.42774e-17
2.24795e-03 2.42850e-17
2.41932e-03 2.42955e-17
2.60375e-03 2.42877e-17
2.80225e-03 2.42796e-17
3.01587e-03 2.42819e-17
3.24579e-03 2.42917e-17
3.49323e-03 2.43046e-17
3.75953e-03 2.43022e-17
4.04613e-03 2.42929e-17
4.35459e-03 2.43109e-17
4.68656e-03 2.43097e-17
5.04383e-03 2.42935e-17
5.42834e-03 2.43201e-17
5.84217e-03 2.43177e-17
6.28754e-03 2.43217e-17
6.76687e-03 2.43292e-17
7.28273e-03 2.43178e-17
7.83793e-03 2.43285e-17
8.43544e-03 2.43351e-17
9.07851e-03 2.43290e-17
9.77061e-03 2.43376e-17
1.05155e-02 2.43538e-17
1.13171e-02 2.43438e-17
1.21798e-02 2.43948e-17
1.31084e-02 2.43958e-17
1.41077e-02 2.43757e-17
1.51832e-02 2.43846e-17
1.63406e-02 2.43866e-17
1.75863e-02 2.44284e-17
1.89270e-02 2.44234e-17
2.03699e-02 2.44264e-17
2.19228e-02 2.44405e-17
2.35941e-02 2.44785e-17
2.53927e-02 2.44873e-17
2.73285e-02 2.45029e-17
2.94119e-02 2.45145e-17
3.16541e-02 2.45581e-17
3.40672e-02 2.45613e-17
3.66643e-02 2.45664e-17
3.94594e-02 2.45835e-17
4.24675e-02 2.46156e-17
4.57050e-02 2.46423e-17
4.91893e-02 2.46838e-17
5.29392e-02 2.47047e-17
5.69749e-02 2.47246e-17
6.13184e-02 2.47587e-17
6.59929e-02 2.48109e-17
7.10239e-02 2.48508e-17
7.64383e-02 2.48993e-17
8.22655e-02 2.49577e-17
8.85370e-02 2.50113e-17
9.52865e-02 2.50779e-17
1.02551e-01 2.51332e-17
1.10368e-01 2.51951e-17
1.18782e-01 2.52874e-17
1.27838e-01 2.53674e-17
1.37583e-01 2.54712e-17
1.48072e-01 2.55558e-17
1.59360e-01 2.56907e-17
1.71508e-01 2.58006e-17
1.84583e-01 2.59323e-17
1.98655e-01 2.60654e-17
2.13799e-01 2.62228e-17
2.30098e-01 2.64102e-17
2.47639e-01 2.65698e-17
2.66518e-01 2.67941e-17
2.86835e-01 2.70386e-17
3.08702e-01 2.73014e-17
3.32236e-01 2.76027e-17
3.57564e-01 2.79078e-17
3.84822e-01 2.82797e-17
4.14159e-01 2.87104e-17
4.45732e-01 2.91723e-17
4.79712e-01 2.97273e-17
5.16282e-01 3.03406e-17
5.55640e-01 3.10697e-17
5.97999e-01 3.18995e-17
6.43587e-01 3.29157e-17
6.92650e-01 3.41135e-17
7.45454e-01 3.55964e-17
8.02283e-01 3.74769e-17
8.63445e-01 3.98209e-17
9.29268e-01 4.30806e-17
1.00011e+00 4.74708e-17
1.07635e+00 5.41042e-17
1.15841e+00 6.48697e-17
1.24672e+00 8.47860e-17
1.34176e+00 1.34255e-16
1.44405e+00 3.84000e-16
1.55413e+00 3.34763e-16
1.67261e+00 3.10949e-16
1.80012e+00 2.94301e-16
1.93735e+00 2.80971e-16
2.08505e+00 2.70186e-16
2.24400e+00 2.60750e-16
2.41507e+00 2.52301e-16
2.59918e+00 2.44580e-16
2.79732e+00 2.38255e-16
3.01058e+00 2.31400e-16
3.24008e+00 2.25588e-16
3.48709e+00 2.19251e-16
3.75292e+00 2.13310e-16
4.03903e+00 2.07909e-16
4.34694e+00 2.02294e-16
4.67832e+00 1.97378e-16
5.03497e+00 1.91968e-16
5.41881e+00 1.86882e-16
5.83191e+00 1.81870e-16
6.27650e+00 1.76862e-16
6.75498e+00 1.71506e-16
7.26994e+00 1.66635e-16
7.82416e+00 1.61659e-16
8.42062e+00 1.56874e-16
9.06256e+00 1.51614e-16
9.75344e+00 1.46733e-16
1.04970e+01 1.41526e-16
1.12972e+01 1.36024e-16
1.21584e+01 1.30923e-16
1.30853e+01 1.25759e-16
1.40829e+01 1.20343e-16
1.51565e+01 1.14927e-16
1.63119e+01 1.09335e-16
1.75555e+01 1.03780e-16
1.88938e+01 9.82053e-17
2.03341e+01 9.24622e-17
2.18843e+01 8.65497e-17
2.35526e+01 8.06008e-17
2.53481e+01 7.45553e-17
2.72805e+01 6.85895e-17
2.93602e+01 6.23992e-17
3.15985e+01 5.61179e-17
3.40074e+01 4.96134e-17
3.65999e+01 4.29837e-17
3.93900e+01 3.60805e-17
4.23929e+01 2.87376e-17
4.56247e+01 2.10083e-17
4.91029e+01 1.31540e-17
5.28462e+01 6.15066e-18
5.68749e+01 1.56339e-18
6.12107e+01 8.19960e-20
6.58770e+01 5.52158e-24
7.08991e+01 0.00000e+00
