3.17098e-05 2.21728e-17
3.41349e-05 2.21900e-17
3.67454e-05 2.21828e-17
3.95556e-05 2.21785e-17
4.25807e-05 2.21772e-17
4.58372e-05 2.21816e-17
4.93427e-05 2.21884e-17
5.31163e-05 2.21592e-17
5.71784e-05 2.21813e-17
6.15513e-05 2.21796e-17
6.62586e-05 2.21835e-17
7.13259e-05 2.21795e-17
7.67807e-05 2.21808e-17
8.26526e-05 2.21658e-17
8.89737e-05 2.21861e-17
9.57782e-05 2.21959e-17
1.03103e-04 2.21941e-17
1.10988e-04 2.21994e-17
1.19476e-04 2.21761e-17
1.28613e-04 2.21762e-17
1.38449e-04 2.21852e-17
1.49038e-04 2.21709e-17
1.60436e-04 2.21876e-17
1.72705e-04 2.21776e-17
1.85913e-04 2.21910e-17
2.00131e-04 2.21963e-17
2.15437e-04 2.21830e-17
2.31913e-04 2.21886e-17
2.49649e-04 2.21869e-17
2.68741e-04 2.21736e-17
2.89294e-04 2.21647e-17
3.11418e-04 2.21810e-17
3.35235e-04 2.21743e-17
3.60873e-04 2.21748e-17
3.88471e-04 2.21805e-17
4.18181e-04 2.21730e-17
4.50162e-04 2.21942e-17
4.84589e-04 2.22030e-17
5.21649e-04 2.21963e-17
5.61543e-04 2.21886e-17
6.04489e-04 2.21880e-17
6.50718e-04 2.21766e-17
7.00484e-04 2.21912e-17
7.54055e-04 2.21905e-17
8.11723e-04 2.21796e-17
8.73801e-04 2.21914e-17
9.40627e-04 2.21892e-17
1.01256e-03 2.21853e-17
1.09000e-03 2.21827e-17
1.17336e-03 2.21939e-17
1.26310e-03 2.21786e-17
1.35970e-03 2.21882e-17
1.46368e-03 2.22113e-17
1.57562e-03 2.21952e-17
1.69612e-03 2.21967e-17
1.82583e-03 2.21985e-17
1.96547e-03 2.22104e-17
2.11578e-03 2.21970e-17
2.27759e-03 2.22012e-17
2.45178e-03 2.22026e-17
2.63928e-03 2.22040e-17
2.84113e-03 2.22030e-17
3.05841e-03 2.22152e-17
3.29231e-03 2.22103e-17
3.54409e-03 2.22227e-17
3.81514e-03 2.22101e-17
4.10691e-03 2.22011e-17
4.42099e-03 2.22160e-17
4.75910e-03 2.22147e-17
5.12306e-03 2.22055e-17
5.51486e-03 2.22097e-17
5.93662e-03 2.22219e-17
6.39064e-03 2.22414e-17
6.87938e-03 2.22385e-17
7.40549e-03 2.22218e-17
7.97184e-03 2.22470e-17
8.58151e-03 2.22490e-17
9.23780e-03 2.22491e-17
9.94428e-03 2.22314e-17
1.07048e-02 2.22531e-17
1.15235e-02 2.22649e-17
1.24047e-02 2.22774e-17
1.33534e-02 2.22780e-17
1.43747e-02 2.22638e-17
1.54740e-02 2.22853e-17
1.66574e-02 2.23212e-17
1.79313e-02 2.23031e-17
1.93027e-02 2.23368e-17
2.07789e-02 2.23251e-17
2.23680e-02 2.23516e-17
2.40786e-02 2.23444e-17
2.59201e-02 2.23865e-17
2.79024e-02 2.23736e-17
3.00363e-02 2.24094e-17
3.23334e-02 2.24112e-17
3.48062e-02 2.24436e-17
3.74680e-02 2.24567e-17
4.03335e-02 2.24936e-17
4.34181e-02 2.24894e-17
4.67386e-02 2.25031e-17
5.03130e-02 2.25608e-17
5.41608e-02 2.25686e-17
5.83029e-02 2.26236e-17
6.27618e-02 2.26538e-17
6.75616e-02 2.26944e-17
7.27285e-02 2.27312e-17
7.82906e-02 2.27617e-17
8.42781e-02 2.28110e-17
9.07234e-02 2.28590e-17
9.76617e-02 2.29121e-17
1.05131e-01 2.29730e-17
1.13171e-01 2.30428e-17
1.21826e-01 2.30918e-17
1.31143e-01 2.31995e-17
1.41172e-01 2.32894e-17
1.51969e-01 2.33734e-17
1.63591e-01 2.34763e-17
1.76102e-01 2.36028e-17
1.89569e-01 2.36987e-17
2.04067e-01 2.38556e-17
2.19674e-01 2.39949e-17
2.36474e-01 2.41376e-17
2.54559e-01 2.43349e-17
2.74027e-01 2.45105e-17
2.94983e-01 2.47313e-17
3.17543e-01 2.49829e-17
3.41828e-01 2.52623e-17
3.67970e-01 2.55445e-17
3.96111e-01 2.58956e-17
4.26405e-01 2.62911e-17
4.59015e-01 2.67186e-17
4.94119e-01 2.72198e-17
5.31908e-01 2.78062e-17
5.72587e-01 2.85021e-17
6.16377e-01 2.93039e-17
6.63515e-01 3.02485e-17
7.14259e-01 3.13834e-17
7.68884e-01 3.27931e-17
8.27686e-01 3.45599e-17
8.90985e-01 3.68450e-17
9.59125e-01 3.99347e-17
1.03248e+00 4.41914e-17
1.11144e+00 5.06240e-17
1.19644e+00 6.09130e-17
1.28794e+00 7.94238e-17
1.38644e+00 1.17871e-16
1.49247e+00 3.51719e-16
1.60661e+00 3.00985e-16
1.72948e+00 2.79288e-16
1.86174e+00 2.65590e-16
2.00412e+00 2.54715e-16
2.15739e+00 2.45302e-16
2.32238e+00 2.37971e-16
2.49999e+00 2.30296e-16
2.69119e+00 2.24164e-16
2.89700e+00 2.18920e-16
3.11855e+00 2.13319e-16
3.35705e+00 2.08640e-16
3.61379e+00 2.03387e-16
3.89016e+00 1.98863e-16
4.18767e+00 1.94236e-16
4.50794e+00 1.90192e-16
4.85269e+00 1.85392e-16
5.22381e+00 1.81429e-16
5.62331e+00 1.77309e-16
6.05337e+00 1.73387e-16
6.51631e+00 1.68899e-16
7.01466e+00 1.64958e-16
7.55113e+00 1.60637e-16
8.12862e+00 1.56344e-16
8.75027e+00 1.52088e-16
9.41947e+00 1.47902e-16
1.01398e+01 1.43418e-16
1.09153e+01 1.38890e-16
1.17501e+01 1.34328e-16
1.26487e+01 1.29778e-16
1.36160e+01 1.25029e-16
1.46574e+01 1.20187e-16
1.57783e+01 1.15024e-16
1.69850e+01 1.09764e-16
1.82840e+01 1.04349e-16
1.96823e+01 9.88919e-17
2.11875e+01 9.31023e-17
2.28079e+01 8.74210e-17
2.45522e+01 8.14950e-17
2.64298e+01 7.53285e-17
2.84511e+01 6.91864e-17
3.06270e+01 6.27563e-17
3.29693e+01 5.62867e-17
3.54907e+01 4.96717e-17
3.82049e+01 4.29021e-17
4.11267e+01 3.58251e-17
4.42720e+01 2.84520e-17
4.76578e+01 2.07554e-17
5.13025e+01 1.29816e-17
5.52260e+01 6.07240e-18
5.94495e+01 1.54846e-18
6.39960e+01 8.19673e-20
6.88903e+01 5.67033e-24
7.41588e+01 0.00000e+00
