3.17098e-05 5.20011e-17
3.41349e-05 5.20621e-17
3.67454e-05 5.20859e-17
3.95556e-05 5.19980e-17
4.25807e-05 5.19400e-17
4.58372e-05 5.19933e-17
4.93427e-05 5.19632e-17
5.31163e-05 5.19775e-17
5.71784e-05 5.19813e-17
6.15513e-05 5.19778e-17
6.62586e-05 5.19899e-17
7.13259e-05 5.20229e-17
7.67807e-05 5.20328e-17
8.26526e-05 5.19914e-17
8.89737e-05 5.20089e-17
9.57782e-05 5.19472e-17
1.03103e-04 5.20475e-17
1.10988e-04 5.19817e-17
1.19476e-04 5.19974e-17
1.28613e-04 5.19671e-17
1.38449e-04 5.19893e-17
1.49038e-04 5.20068e-17
1.60436e-04 5.20315e-17
1.72705e-04 5.20117e-17
1.85913e-04 5.19737e-17
2.00131e-04 5.20402e-17
2.15437e-04 5.20083e-17
2.31913e-04 5.20477e-17
2.49649e-04 5.20050e-17
2.68741e-04 5.20410e-17
2.89294e-04 5.20286e-17
3.11418e-04 5.20183e-17
3.35235e-04 5.20293e-17
3.60873e-04 5.20033e-17
3.88471e-04 5.20588e-17
4.18181e-04 5.20108e-17
4.50162e-04 5.20069e-17
4.84589e-04 5.20080e-17
5.21649e-04 5.19459e-17
5.61543e-04 5.20269e-17
6.04489e-04 5.20636e-17
6.50718e-04 5.20362e-17
7.00484e-04 5.19518e-17
7.54055e-04 5.20493e-17
8.11723e-04 5.20296e-17
8.73801e-04 5.20338e-17
9.40627e-04 5.19888e-17
1.01256e-03 5.20490e-17
1.09000e-03 5.20266e-17
1.17336e-03 5.19919e-17
1.26310e-03 5.19834e-17
1.35970e-03 5.20256e-17
1.46368e-03 5.20318e-17
1.57562e-03 5.19897e-17
1.69612e-03 5.20781e-17
1.82583e-03 5.19875e-17
1.96547e-03 5.20156e-17
2.11578e-03 5.20287e-17
2.27759e-03 5.20176e-17
2.45178e-03 5.20308e-17
2.63928e-03 5.19783e-17
2.84113e-03 5.20219e-17
3.05841e-03 5.19742e-17
3.29231e-03 5.20180e-17
3.54409e-03 5.20382e-17
3.81514e-03 5.20029e-17
4.10691e-03 5.20373e-17
4.42099e-03 5.19403e-17
4.75910e-03 5.20883e-17
5.12306e-03 5.20430e-17
5.51486e-03 5.20327e-17
5.93662e-03 5.20046e-17
6.39064e-03 5.20218e-17
6.87938e-03 5.20366e-17
7.40549e-03 5.20123e-17
7.97184e-03 5.20208e-17
8.58151e-03 5.19432e-17
9.23780e-03 5.20528e-17
9.94428e-03 5.20062e-17
1.07048e-02 5.19980e-17
1.15235e-02 5.20610e-17
1.24047e-02 5.20336e-17
1.33534e-02 5.20518e-17
1.43747e-02 5.20420e-17
1.54740e-02 5.19964e-17
1.66574e-02 5.20336e-17
1.79313e-02 5.20677e-17
1.93027e-02 5.19937e-17
2.07789e-02 5.20024e-17
2.23680e-02 5.20159e-17
2.40786e-02 5.20579e-17
2.59201e-02 5.20559e-17
2.79024e-02 5.20682e-17
3.00363e-02 5.20407e-17
3.23334e-02 5.20359e-17
3.48062e-02 5.20593e-17
3.74680e-02 5.20920e-17
4.03335e-02 5.20054e-17
4.34181e-02 5.20579e-17
4.67386e-02 5.20931e-17
5.03130e-02 5.20442e-17
5.41608e-02 5.21221e-17
5.83029e-02 5.21315e-17
6.27618e-02 5.21106e-17
6.75616e-02 5.20494e-17
7.27285e-02 5.21399e-17
7.82906e-02 5.21128e-17
8.42781e-02 5.21547e-17
9.07234e-02 5.21387e-17
9.76617e-02 5.22094e-17
1.05131e-01 5.21845e-17
1.13171e-01 5.21559e-17
1.21826e-01 5.22029e-17
1.31143e-01 5.22209e-17
1.41172e-01 5.22454e-17
1.51969e-01 5.23089e-17
1.63591e-01 5.22505e-17
1.76102e-01 5.23301e-17
1.89569e-01 5.23899e-17
2.04067e-01 5.23540e-17
2.19674e-01 5.23750e-17
2.36474e-01 5.23621e-17
2.54559e-01 5.24154e-17
2.74027e-01 5.24491e-17
2.94983e-01 5.25129e-17
3.17543e-01 5.25584e-17
3.41828e-01 5.26027e-17
3.67970e-01 5.26419e-17
3.96111e-01 5.27487e-17
4.26405e-01 5.27354e-17
4.59015e-01 5.28523e-17
4.94119e-01 5.28768e-17
5.31908e-01 5.30099e-17
5.72587e-01 5.30173e-17
6.16377e-01 5.31594e-17
6.63515e-01 5.32461e-17
7.14259e-01 5.33947e-17
7.68884e-01 5.35016e-17
8.27686e-01 5.36830e-17
8.90985e-01 5.38316e-17
9.59125e-01 5.40476e-17
1.03248e+00 5.43614e-17
1.11144e+00 5.46576e-17
1.19644e+00 5.52883e-17
1.28794e+00 5.61776e-17
1.38644e+00 5.79798e-17
1.49247e+00 5.25718e-16
1.60661e+00 5.46968e-16
1.72948e+00 5.47032e-16
1.86174e+00 5.50626e-16
2.00412e+00 5.52308e-16
2.15739e+00 5.51829e-16
2.32238e+00 5.56481e-16
2.49999e+00 5.58827e-16
2.69119e+00 5.63412e-16
2.89700e+00 5.63184e-16
3.11855e+00 5.67862e-16
3.35705e+00 5.71825e-16
3.61379e+00 5.75124e-16
3.89016e+00 5.77469e-16
4.18767e+00 5.82441e-16
4.50794e+00 5.86065e-16
4.85269e+00 5.91941e-16
5.22381e+00 5.96638e-16
5.62331e+00 6.00398e-16
6.05337e+00 6.08007e-16
6.51631e+00 6.12846e-16
7.01466e+00 6.19849e-16
7.55113e+00 6.27360e-16
8.12862e+00 6.34760e-16
8.75027e+00 6.41888e-16
9.41947e+00 6.49765e-16
1.01398e+01 6.59103e-16
1.09153e+01 6.63814e-16
1.17501e+01 6.74339e-16
1.26487e+01 6.82636e-16
1.36160e+01 6.92812e-16
1.46574e+01 7.01564e-16
1.57783e+01 7.07706e-16
1.69850e+01 7.16606e-16
1.82840e+01 7.22804e-16
1.96823e+01 7.28123e-16
2.11875e+01 7.33622e-16
2.28079e+01 7.36807e-16
2.45522e+01 7.38705e-16
2.64298e+01 7.39477e-16
2.84511e+01 7.38207e-16
3.06270e+01 7.35917e-16
3.29693e+01 7.33595e-16
3.54907e+01 7.30227e-16
3.82049e+01 7.25472e-16
4.11267e+01 7.21119e-16
4.42720e+01 7.12244e-16
4.76578e+01 6.88097e-16
5.13025e+01 6.27780e-16
5.52260e+01 4.91798e-16
5.94495e+01 2.59563e-16
6.39960e+01 4.11832e-17
6.88903e+01 2.07117e-20
7.41588e+01 0.00000e+00
