1.00000e-06 9.95327e-38
1.09699e-06 1.05047e-37
1.20338e-06 1.11495e-37
1.32009e-06 1.18478e-37
1.44812e-06 1.24680e-37
1.58857e-06 1.33426e-37
1.74263e-06 1.39398e-37
1.91164e-06 1.45563e-37
2.09705e-06 1.59936e-37
2.30043e-06 1.65987e-37
2.52354e-06 1.84932e-37
2.76829e-06 1.84878e-37
3.03677e-06 1.94953e-37
3.33129e-06 2.25178e-37
3.65438e-06 2.19494e-37
4.00881e-06 2.62524e-37
4.39760e-06 2.58607e-37
4.82411e-06 3.01924e-37
5.29198e-06 3.27647e-37
5.80523e-06 3.37828e-37
6.36825e-06 3.55935e-37
6.98588e-06 4.25030e-37
7.66341e-06 4.18106e-37
8.40665e-06 5.12082e-37
9.22198e-06 5.64370e-37
1.01164e-05 5.19014e-37
1.10975e-05 5.60742e-37
1.21738e-05 6.60886e-37
1.33545e-05 6.62518e-37
1.46497e-05 7.43332e-37
1.60705e-05 8.46953e-37
1.76291e-05 8.53887e-37
1.93389e-05 8.49315e-37
2.12145e-05 9.04814e-37
2.32720e-05 8.76708e-37
2.55291e-05 9.94048e-37
2.80050e-05 1.15703e-36
3.07211e-05 1.20250e-36
3.37006e-05 1.32409e-36
3.69691e-05 1.45977e-36
4.05546e-05 1.46769e-36
4.44878e-05 1.66568e-36
4.88025e-05 1.71029e-36
5.35357e-05 1.77047e-36
5.87279e-05 1.89055e-36
6.44236e-05 2.11598e-36
7.06718e-05 2.21971e-36
7.75260e-05 2.41811e-36
8.50449e-05 2.70166e-36
9.32930e-05 2.94366e-36
1.02341e-04 3.14759e-36
1.12267e-04 3.16807e-36
1.23155e-04 3.62816e-36
1.35099e-04 3.72795e-36
1.48202e-04 3.36064e-36
1.62576e-04 4.14087e-36
1.78343e-04 4.58529e-36
1.95640e-04 4.19933e-36
2.14614e-04 4.69396e-36
2.35429e-04 5.17610e-36
2.58262e-04 5.99720e-36
2.83310e-04 5.71805e-36
3.10787e-04 6.14978e-36
3.40929e-04 6.73051e-36
3.73994e-04 8.48549e-36
4.10266e-04 7.47693e-36
4.50056e-04 1.16339e-35
4.93705e-04 9.15251e-36
5.41587e-04 9.71975e-36
5.94113e-04 1.00221e-35
6.51734e-04 1.30117e-35
7.14943e-04 1.35019e-35
7.84282e-04 1.56599e-35
8.60346e-04 1.22237e-35
9.43788e-04 1.41416e-35
1.03532e-03 1.49263e-35
1.13573e-03 1.65812e-35
1.24588e-03 2.11588e-35
1.36672e-03 2.68853e-35
1.49927e-03 2.86135e-35
1.64468e-03 3.62547e-35
1.80419e-03 4.31932e-35
1.97917e-03 3.29329e-35
2.17112e-03 3.72042e-35
2.38169e-03 4.96898e-35
2.61268e-03 5.46167e-35
2.86607e-03 4.99243e-35
3.14404e-03 6.03768e-35
3.44896e-03 6.03193e-35
3.78346e-03 6.86736e-35
4.15040e-03 6.75478e-35
4.55294e-03 7.17278e-35
4.99451e-03 6.91020e-35
5.47890e-03 8.85849e-35
6.01028e-03 8.84693e-35
6.59319e-03 7.78233e-35
7.23263e-03 8.30223e-35
7.93410e-03 8.12018e-35
8.70359e-03 1.04281e-34
9.54772e-03 8.98891e-35
1.04737e-02 1.00191e-34
1.14895e-02 9.58542e-35
1.26038e-02 1.00282e-34
1.38262e-02 1.03942e-34
1.51672e-02 1.07418e-34
1.66382e-02 1.07324e-34
1.82518e-02 1.13284e-34
2.00220e-02 1.18216e-34
2.19639e-02 1.20755e-34
2.40940e-02 1.29704e-34
2.64308e-02 1.36952e-34
2.89942e-02 1.39259e-34
3.18063e-02 1.46441e-34
3.48910e-02 1.44360e-34
3.82749e-02 1.65036e-34
4.19871e-02 1.62634e-34
4.60592e-02 1.78867e-34
5.05263e-02 1.80184e-34
5.54266e-02 1.93976e-34
6.08022e-02 2.02138e-34
6.66992e-02 2.17639e-34
7.31681e-02 2.32479e-34
8.02643e-02 2.61537e-34
8.80488e-02 2.92160e-34
9.65883e-02 3.16574e-34
1.05956e-01 3.55169e-34
1.16232e-01 3.76974e-34
1.27505e-01 4.19757e-34
1.39871e-01 4.81983e-34
1.53437e-01 5.13024e-34
1.68318e-01 5.38617e-34
1.84642e-01 6.29104e-34
2.02550e-01 6.64933e-34
2.22195e-01 7.34390e-34
2.43744e-01 8.05090e-34
2.67384e-01 9.16447e-34
2.93317e-01 1.02161e-33
3.21764e-01 1.13544e-33
3.52971e-01 1.30103e-33
3.87204e-01 1.50773e-33
4.24757e-01 1.69649e-33
4.65953e-01 1.97777e-33
5.11143e-01 2.30792e-33
5.60717e-01 2.72347e-33
6.15099e-01 3.25419e-33
6.74754e-01 3.93421e-33
7.40196e-01 4.78260e-33
8.11984e-01 5.87285e-33
8.90735e-01 7.20144e-33
9.77124e-01 8.61343e-33
1.07189e+00 8.66404e-33
1.17585e+00 1.30403e-32
1.28989e+00 1.81363e-32
1.41499e+00 2.82071e-32
1.55223e+00 4.37390e-32
1.70277e+00 5.60581e-32
1.86791e+00 6.76791e-32
2.04907e+00 8.07575e-32
2.24781e+00 9.11161e-32
2.46581e+00 1.02446e-31
2.70496e+00 1.14974e-31
2.96730e+00 1.28890e-31
3.25509e+00 1.44362e-31
3.57079e+00 1.61553e-31
3.91710e+00 1.80676e-31
4.29700e+00 2.01944e-31
4.71375e+00 2.25667e-31
5.17092e+00 2.52003e-31
5.67243e+00 2.81378e-31
6.22257e+00 3.14018e-31
6.82607e+00 3.50325e-31
7.48810e+00 3.90766e-31
8.21434e+00 4.35674e-31
9.01102e+00 4.85734e-31
9.88496e+00 5.41541e-31
1.08437e+01 6.03750e-31
1.18953e+01 6.72967e-31
1.30490e+01 7.50366e-31
1.43146e+01 8.36874e-31
1.57029e+01 9.33516e-31
1.72259e+01 1.04180e-30
1.88965e+01 1.16333e-30
2.07292e+01 1.29989e-30
2.27397e+01 1.45362e-30
2.49451e+01 1.62727e-30
2.73644e+01 1.82353e-30
3.00184e+01 2.04602e-30
3.29297e+01 2.29887e-30
3.61234e+01 2.58655e-30
3.96269e+01 2.91571e-30
4.34701e+01 3.29280e-30
4.76861e+01 3.72478e-30
5.23110e+01 4.22341e-30
5.73844e+01 4.79970e-30
6.29499e+01 5.46689e-30
6.90551e+01 6.24494e-30
7.57525e+01 7.15144e-30
8.30994e+01 8.21005e-30
9.11589e+01 9.45223e-30
1.00000e+02 1.09187e-29
