3.17098e-05 1.83747e-17
3.41511e-05 1.83672e-17
3.67803e-05 1.83668e-17
3.96119e-05 1.83556e-17
4.26615e-05 1.83603e-17
4.59459e-05 1.83790e-17
4.94832e-05 1.83680e-17
5.32928e-05 1.83586e-17
5.73956e-05 1.83711e-17
6.18144e-05 1.83833e-17
6.65733e-05 1.83866e-17
7.16987e-05 1.83745e-17
7.72186e-05 1.83695e-17
8.31634e-05 1.83735e-17
8.95660e-05 1.83808e-17
9.64615e-05 1.83654e-17
1.03888e-04 1.83726e-17
1.11886e-04 1.83898e-17
1.20500e-04 1.83677e-17
1.29777e-04 1.83743e-17
1.39768e-04 1.83771e-17
1.50528e-04 1.83693e-17
1.62117e-04 1.83660e-17
1.74598e-04 1.83602e-17
1.88040e-04 1.83886e-17
2.02517e-04 1.83659e-17
2.18108e-04 1.83622e-17
2.34900e-04 1.83603e-17
2.52984e-04 1.83759e-17
2.72460e-04 1.83600e-17
2.93437e-04 1.83906e-17
3.16028e-04 1.83837e-17
3.40358e-04 1.83631e-17
3.66561e-04 1.83571e-17
3.94782e-04 1.83938e-17
4.25175e-04 1.83897e-17
4.57908e-04 1.83845e-17
4.93161e-04 1.83673e-17
5.31129e-04 1.83793e-17
5.72019e-04 1.83679e-17
6.16057e-04 1.83543e-17
6.63486e-04 1.83694e-17
7.14566e-04 1.83699e-17
7.69579e-04 1.83482e-17
8.28827e-04 1.83759e-17
8.92636e-04 1.83728e-17
9.61358e-04 1.83640e-17
1.03537e-03 1.83772e-17
1.11508e-03 1.83938e-17
1.20093e-03 1.83732e-17
1.29339e-03 1.83677e-17
1.39296e-03 1.83705e-17
1.50020e-03 1.83737e-17
1.61570e-03 1.83750e-17
1.74009e-03 1.83794e-17
1.87405e-03 1.83818e-17
2.01833e-03 1.83767e-17
2.17372e-03 1.83902e-17
2.34107e-03 1.83749e-17
2.52130e-03 1.83738e-17
2.71541e-03 1.83923e-17
2.92446e-03 1.83819e-17
3.14961e-03 1.83906e-17
3.39209e-03 1.84006e-17
3.65324e-03 1.83874e-17
3.93449e-03 1.83995e-17
4.23740e-03 1.84049e-17
4.56362e-03 1.84002e-17
4.91497e-03 1.84012e-17
5.29336e-03 1.84052e-17
5.70088e-03 1.84031e-17
6.13978e-03 1.84087e-17
6.61246e-03 1.84026e-17
7.12154e-03 1.84107e-17
7.66981e-03 1.84163e-17
8.26029e-03 1.84218e-17
8.89623e-03 1.84129e-17
9.58113e-03 1.84377e-17
1.03188e-02 1.84218e-17
1.11132e-02 1.84409e-17
1.19688e-02 1.84362e-17
1.28902e-02 1.84362e-17
1.38826e-02 1.84537e-17
1.49514e-02 1.84496e-17
1.61024e-02 1.84510e-17
1.73421e-02 1.84831e-17
1.86773e-02 1.84767e-17
2.01152e-02 1.84756e-17
2.16638e-02 1.85053e-17
2.33316e-02 1.85151e-17
2.51279e-02 1.85339e-17
2.70624e-02 1.85396e-17
2.91459e-02 1.85526e-17
3.13898e-02 1.85611e-17
3.38064e-02 1.85640e-17
3.64090e-02 1.85785e-17
3.92121e-02 1.86090e-17
4.22309e-02 1.86243e-17
4.54822e-02 1.86382e-17
4.89838e-02 1.86457e-17
5.27549e-02 1.86940e-17
5.68164e-02 1.87047e-17
6.11905e-02 1.87257e-17
6.59014e-02 1.87611e-17
7.09750e-02 1.87987e-17
7.64392e-02 1.88243e-17
8.23241e-02 1.88677e-17
8.86620e-02 1.89123e-17
9.54879e-02 1.89577e-17
1.02839e-01 1.89865e-17
1.10757e-01 1.90546e-17
1.19283e-01 1.91018e-17
1.28467e-01 1.91880e-17
1.38357e-01 1.92474e-17
1.49009e-01 1.93101e-17
1.60481e-01 1.93925e-17
1.72836e-01 1.94619e-17
1.86142e-01 1.95730e-17
2.00473e-01 1.96706e-17
2.15907e-01 1.97928e-17
2.32529e-01 1.99238e-17
2.50431e-01 2.00548e-17
2.69711e-01 2.02217e-17
2.90475e-01 2.03784e-17
3.12838e-01 2.05543e-17
3.36923e-01 2.07822e-17
3.62861e-01 2.10160e-17
3.90797e-01 2.12938e-17
4.20884e-01 2.15845e-17
4.53287e-01 2.19163e-17
4.88184e-01 2.23007e-17
5.25768e-01 2.27562e-17
5.66246e-01 2.32585e-17
6.09840e-01 2.39084e-17
6.56790e-01 2.45925e-17
7.07354e-01 2.54538e-17
7.61812e-01 2.65233e-17
8.20462e-01 2.78291e-17
8.83627e-01 2.95267e-17
9.51656e-01 3.17713e-17
1.02492e+00 3.48745e-17
1.10383e+00 3.94969e-17
1.18881e+00 4.69193e-17
1.28033e+00 6.05786e-17
1.37890e+00 8.53794e-17
1.48506e+00 1.20506e-16
1.59939e+00 2.74228e-16
1.72252e+00 2.78308e-16
1.85514e+00 2.59685e-16
1.99796e+00 2.48712e-16
2.15178e+00 2.40779e-16
2.31744e+00 2.34552e-16
2.49585e+00 2.29131e-16
2.68800e+00 2.24217e-16
2.89494e+00 2.19867e-16
3.11782e+00 2.16299e-16
3.35785e+00 2.12628e-16
3.61637e+00 2.09271e-16
3.89478e+00 2.06565e-16
4.19463e+00 2.03427e-16
4.51756e+00 2.00357e-16
4.86536e+00 1.97664e-16
5.23993e+00 1.95348e-16
5.64334e+00 1.92403e-16
6.07781e+00 1.90273e-16
6.54573e+00 1.87393e-16
7.04967e+00 1.84936e-16
7.59240e+00 1.82241e-16
8.17692e+00 1.79846e-16
8.80644e+00 1.77202e-16
9.48443e+00 1.74569e-16
1.02146e+01 1.71659e-16
1.10010e+01 1.68675e-16
1.18480e+01 1.65688e-16
1.27601e+01 1.62554e-16
1.37425e+01 1.58669e-16
1.48005e+01 1.54932e-16
1.59399e+01 1.50659e-16
1.71671e+01 1.46068e-16
1.84887e+01 1.41308e-16
1.99122e+01 1.35692e-16
2.14451e+01 1.29951e-16
2.30962e+01 1.23054e-16
2.48743e+01 1.15945e-16
2.67893e+01 1.08017e-16
2.88517e+01 9.90686e-17
3.10729e+01 8.96170e-17
3.34652e+01 7.99106e-17
3.60416e+01 6.98921e-17
3.88163e+01 5.97549e-17
4.18047e+01 4.98861e-17
4.50231e+01 4.03567e-17
4.84894e+01 3.11528e-17
5.22224e+01 2.21732e-17
5.62429e+01 1.36150e-17
6.05729e+01 6.29759e-18
6.52363e+01 1.60340e-18
7.02587e+01 8.59520e-20
7.56677e+01 6.34423e-24
8.14932e+01 0.00000e+00
