3.17098e-05 1.51780e-17
3.41674e-05 1.51883e-17
3.68155e-05 1.51751e-17
3.96688e-05 1.51859e-17
4.27433e-05 1.51860e-17
4.60561e-05 1.51835e-17
4.96256e-05 1.51734e-17
5.34717e-05 1.51812e-17
5.76160e-05 1.51950e-17
6.20814e-05 1.51925e-17
6.68930e-05 1.51734e-17
7.20774e-05 1.51845e-17
7.76636e-05 1.51883e-17
8.36828e-05 1.51682e-17
9.01686e-05 1.51653e-17
9.71569e-05 1.51850e-17
1.04687e-04 1.51845e-17
1.12801e-04 1.51840e-17
1.21543e-04 1.51746e-17
1.30963e-04 1.51743e-17
1.41113e-04 1.51763e-17
1.52050e-04 1.51892e-17
1.63834e-04 1.51850e-17
1.76532e-04 1.51870e-17
1.90214e-04 1.51766e-17
2.04956e-04 1.51846e-17
2.20841e-04 1.51850e-17
2.37957e-04 1.51871e-17
2.56399e-04 1.51860e-17
2.76271e-04 1.51887e-17
2.97683e-04 1.51706e-17
3.20755e-04 1.51756e-17
3.45614e-04 1.51693e-17
3.72401e-04 1.51942e-17
4.01263e-04 1.51802e-17
4.32362e-04 1.51862e-17
4.65872e-04 1.51880e-17
5.01979e-04 1.51878e-17
5.40884e-04 1.51853e-17
5.82804e-04 1.51851e-17
6.27973e-04 1.51846e-17
6.76644e-04 1.51902e-17
7.29086e-04 1.51866e-17
7.85593e-04 1.51854e-17
8.46479e-04 1.51849e-17
9.12084e-04 1.51853e-17
9.82774e-04 1.51753e-17
1.05894e-03 1.51787e-17
1.14101e-03 1.51950e-17
1.22945e-03 1.51885e-17
1.32473e-03 1.51798e-17
1.42740e-03 1.51972e-17
1.53803e-03 1.51865e-17
1.65724e-03 1.51962e-17
1.78568e-03 1.51845e-17
1.92407e-03 1.51899e-17
2.07320e-03 1.51887e-17
2.23388e-03 1.51966e-17
2.40701e-03 1.52021e-17
2.59356e-03 1.51870e-17
2.79457e-03 1.51946e-17
3.01116e-03 1.51991e-17
3.24454e-03 1.51960e-17
3.49600e-03 1.52030e-17
3.76695e-03 1.51987e-17
4.05890e-03 1.52076e-17
4.37348e-03 1.52026e-17
4.71244e-03 1.52125e-17
5.07767e-03 1.52088e-17
5.47121e-03 1.52143e-17
5.89525e-03 1.51950e-17
6.35215e-03 1.52008e-17
6.84447e-03 1.52212e-17
7.37494e-03 1.52048e-17
7.94652e-03 1.52099e-17
8.56240e-03 1.52085e-17
9.22602e-03 1.52292e-17
9.94107e-03 1.52254e-17
1.07115e-02 1.52288e-17
1.15417e-02 1.52351e-17
1.24362e-02 1.52453e-17
1.34001e-02 1.52421e-17
1.44386e-02 1.52475e-17
1.55577e-02 1.52437e-17
1.67635e-02 1.52435e-17
1.80627e-02 1.52706e-17
1.94626e-02 1.52639e-17
2.09710e-02 1.52746e-17
2.25964e-02 1.52926e-17
2.43477e-02 1.52901e-17
2.62347e-02 1.53071e-17
2.82680e-02 1.53146e-17
3.04589e-02 1.53084e-17
3.28195e-02 1.53359e-17
3.53631e-02 1.53560e-17
3.81039e-02 1.53649e-17
4.10571e-02 1.53739e-17
4.42392e-02 1.53933e-17
4.76679e-02 1.54139e-17
5.13623e-02 1.54283e-17
5.53430e-02 1.54358e-17
5.96323e-02 1.54747e-17
6.42540e-02 1.54828e-17
6.92340e-02 1.55097e-17
7.45998e-02 1.55400e-17
8.03816e-02 1.55620e-17
8.66114e-02 1.55895e-17
9.33241e-02 1.56256e-17
1.00557e-01 1.56637e-17
1.08351e-01 1.56904e-17
1.16748e-01 1.57649e-17
1.25797e-01 1.58032e-17
1.35546e-01 1.58613e-17
1.46052e-01 1.59054e-17
1.57371e-01 1.59689e-17
1.69568e-01 1.60327e-17
1.82710e-01 1.61204e-17
1.96871e-01 1.61862e-17
2.12129e-01 1.62862e-17
2.28570e-01 1.63931e-17
2.46284e-01 1.64907e-17
2.65372e-01 1.66194e-17
2.85940e-01 1.67382e-17
3.08101e-01 1.68881e-17
3.31980e-01 1.70507e-17
3.57710e-01 1.72275e-17
3.85433e-01 1.74498e-17
4.15306e-01 1.76686e-17
4.47493e-01 1.79329e-17
4.82176e-01 1.82366e-17
5.19546e-01 1.85690e-17
5.59813e-01 1.89719e-17
6.03200e-01 1.94167e-17
6.49950e-01 1.99681e-17
7.00324e-01 2.05958e-17
7.54601e-01 2.13798e-17
8.13085e-01 2.23420e-17
8.76102e-01 2.35692e-17
9.44003e-01 2.51651e-17
1.01717e+00 2.73210e-17
1.09600e+00 3.04046e-17
1.18094e+00 3.51661e-17
1.27247e+00 4.33192e-17
1.37109e+00 5.70437e-17
1.47736e+00 7.33332e-17
1.59186e+00 8.89850e-17
1.71523e+00 1.12621e-16
1.84817e+00 1.78038e-16
1.99141e+00 1.66043e-16
2.14575e+00 1.59647e-16
2.31205e+00 1.55163e-16
2.49125e+00 1.52038e-16
2.68433e+00 1.48947e-16
2.89237e+00 1.46620e-16
3.11654e+00 1.44431e-16
3.35808e+00 1.42375e-16
3.61835e+00 1.40765e-16
3.89878e+00 1.38854e-16
4.20095e+00 1.37355e-16
4.52654e+00 1.36109e-16
4.87736e+00 1.34800e-16
5.25537e+00 1.33434e-16
5.66268e+00 1.32246e-16
6.10156e+00 1.31103e-16
6.57445e+00 1.30217e-16
7.08400e+00 1.29088e-16
7.63303e+00 1.27974e-16
8.22462e+00 1.26969e-16
8.86206e+00 1.25830e-16
9.54890e+00 1.24991e-16
1.02890e+01 1.23899e-16
1.10864e+01 1.22744e-16
1.19456e+01 1.21922e-16
1.28715e+01 1.20743e-16
1.38690e+01 1.19375e-16
1.49439e+01 1.18352e-16
1.61022e+01 1.16963e-16
1.73501e+01 1.15526e-16
1.86948e+01 1.13840e-16
2.01437e+01 1.11968e-16
2.17050e+01 1.10022e-16
2.33872e+01 1.07375e-16
2.51997e+01 1.04606e-16
2.71528e+01 1.01421e-16
2.92573e+01 9.77314e-17
3.15248e+01 9.33436e-17
3.39681e+01 8.83001e-17
3.66007e+01 8.19751e-17
3.94374e+01 7.48422e-17
4.24940e+01 6.62152e-17
4.57874e+01 5.66307e-17
4.93361e+01 4.60569e-17
5.31598e+01 3.50493e-17
5.72799e+01 2.43886e-17
6.17192e+01 1.46390e-17
6.65027e+01 6.66139e-18
7.16569e+01 1.68274e-18
7.72106e+01 9.11461e-20
8.31946e+01 7.15435e-24
8.96425e+01 0.00000e+00
