3.17098e-05 1.08628e-17
3.41961e-05 1.08675e-17
3.68774e-05 1.08727e-17
3.97689e-05 1.08679e-17
4.28871e-05 1.08776e-17
4.62498e-05 1.08673e-17
4.98762e-05 1.08651e-17
5.37869e-05 1.08761e-17
5.80042e-05 1.08680e-17
6.25522e-05 1.08752e-17
6.74569e-05 1.08718e-17
7.27460e-05 1.08738e-17
7.84499e-05 1.08672e-17
8.46011e-05 1.08700e-17
9.12345e-05 1.08733e-17
9.83881e-05 1.08682e-17
1.06103e-04 1.08677e-17
1.14422e-04 1.08671e-17
1.23394e-04 1.08695e-17
1.33069e-04 1.08654e-17
1.43502e-04 1.08698e-17
1.54754e-04 1.08676e-17
1.66888e-04 1.08630e-17
1.79974e-04 1.08673e-17
1.94085e-04 1.08721e-17
2.09303e-04 1.08705e-17
2.25714e-04 1.08738e-17
2.43412e-04 1.08658e-17
2.62497e-04 1.08740e-17
2.83079e-04 1.08698e-17
3.05275e-04 1.08705e-17
3.29211e-04 1.08686e-17
3.55024e-04 1.08654e-17
3.82861e-04 1.08691e-17
4.12881e-04 1.08839e-17
4.45254e-04 1.08704e-17
4.80166e-04 1.08743e-17
5.17815e-04 1.08641e-17
5.58416e-04 1.08642e-17
6.02200e-04 1.08726e-17
6.49418e-04 1.08746e-17
7.00338e-04 1.08807e-17
7.55250e-04 1.08738e-17
8.14468e-04 1.08657e-17
8.78329e-04 1.08759e-17
9.47198e-04 1.08669e-17
1.02147e-03 1.08730e-17
1.10156e-03 1.08707e-17
1.18793e-03 1.08710e-17
1.28107e-03 1.08791e-17
1.38152e-03 1.08746e-17
1.48984e-03 1.08758e-17
1.60666e-03 1.08804e-17
1.73263e-03 1.08746e-17
1.86849e-03 1.08683e-17
2.01499e-03 1.08740e-17
2.17298e-03 1.08776e-17
2.34337e-03 1.08736e-17
2.52710e-03 1.08798e-17
2.72525e-03 1.08802e-17
2.93893e-03 1.08756e-17
3.16937e-03 1.08732e-17
3.41788e-03 1.08757e-17
3.68587e-03 1.08844e-17
3.97487e-03 1.08753e-17
4.28653e-03 1.08864e-17
4.62263e-03 1.08867e-17
4.98509e-03 1.08761e-17
5.37596e-03 1.08857e-17
5.79748e-03 1.08942e-17
6.25205e-03 1.08813e-17
6.74226e-03 1.08958e-17
7.27091e-03 1.08937e-17
7.84102e-03 1.08935e-17
8.45582e-03 1.08910e-17
9.11882e-03 1.09051e-17
9.83382e-03 1.09001e-17
1.06049e-02 1.09001e-17
1.14364e-02 1.09017e-17
1.23331e-02 1.09087e-17
1.33001e-02 1.09172e-17
1.43430e-02 1.09078e-17
1.54676e-02 1.09065e-17
1.66803e-02 1.09197e-17
1.79882e-02 1.09214e-17
1.93987e-02 1.09356e-17
2.09197e-02 1.09378e-17
2.25600e-02 1.09397e-17
2.43288e-02 1.09528e-17
2.62364e-02 1.09524e-17
2.82936e-02 1.09581e-17
3.05120e-02 1.09699e-17
3.29044e-02 1.09790e-17
3.54844e-02 1.09733e-17
3.82667e-02 1.09866e-17
4.12671e-02 1.10070e-17
4.45028e-02 1.10110e-17
4.79922e-02 1.10189e-17
5.17552e-02 1.10367e-17
5.58133e-02 1.10503e-17
6.01895e-02 1.10573e-17
6.49089e-02 1.10753e-17
6.99983e-02 1.10976e-17
7.54867e-02 1.11152e-17
8.14055e-02 1.11360e-17
8.77884e-02 1.11617e-17
9.46717e-02 1.11803e-17
1.02095e-01 1.12019e-17
1.10100e-01 1.12298e-17
1.18733e-01 1.12596e-17
1.28042e-01 1.12955e-17
1.38082e-01 1.13387e-17
1.48909e-01 1.13728e-17
1.60584e-01 1.14177e-17
1.73176e-01 1.14572e-17
1.86754e-01 1.15103e-17
2.01397e-01 1.15702e-17
2.17188e-01 1.16312e-17
2.34218e-01 1.16972e-17
2.52582e-01 1.17762e-17
2.72387e-01 1.18495e-17
2.93744e-01 1.19520e-17
3.16776e-01 1.20519e-17
3.41614e-01 1.21797e-17
3.68400e-01 1.22988e-17
3.97285e-01 1.24311e-17
4.28436e-01 1.26043e-17
4.62029e-01 1.27838e-17
4.98256e-01 1.29849e-17
5.37323e-01 1.32286e-17
5.79454e-01 1.35031e-17
6.24888e-01 1.38258e-17
6.73884e-01 1.42105e-17
7.26723e-01 1.46553e-17
7.83704e-01 1.51925e-17
8.45153e-01 1.58820e-17
9.11420e-01 1.67137e-17
9.82883e-01 1.78452e-17
1.05995e+00 1.93796e-17
1.14306e+00 2.16003e-17
1.23268e+00 2.50754e-17
1.32934e+00 3.08093e-17
1.43357e+00 3.80568e-17
1.54597e+00 4.41247e-17
1.66719e+00 4.89967e-17
1.79791e+00 5.32740e-17
1.93888e+00 5.85203e-17
2.09091e+00 9.76409e-17
2.25485e+00 8.49474e-17
2.43165e+00 8.18625e-17
2.62231e+00 8.01240e-17
2.82792e+00 7.87419e-17
3.04966e+00 7.75410e-17
3.28878e+00 7.63571e-17
3.54664e+00 7.55413e-17
3.82473e+00 7.48806e-17
4.12462e+00 7.42391e-17
4.44803e+00 7.34587e-17
4.79679e+00 7.29844e-17
5.17290e+00 7.25586e-17
5.57850e+00 7.20086e-17
6.01590e+00 7.15282e-17
6.48759e+00 7.10191e-17
6.99628e+00 7.06793e-17
7.54484e+00 7.03128e-17
8.13642e+00 7.00275e-17
8.77439e+00 6.96851e-17
9.46237e+00 6.95099e-17
1.02043e+01 6.91126e-17
1.10044e+01 6.89196e-17
1.18672e+01 6.87048e-17
1.27977e+01 6.85626e-17
1.38012e+01 6.82821e-17
1.48833e+01 6.80849e-17
1.60503e+01 6.78608e-17
1.73088e+01 6.76572e-17
1.86659e+01 6.73867e-17
2.01295e+01 6.70983e-17
2.17078e+01 6.68519e-17
2.34099e+01 6.64020e-17
2.52454e+01 6.59579e-17
2.72249e+01 6.55560e-17
2.93595e+01 6.50260e-17
3.16616e+01 6.41219e-17
3.41441e+01 6.32648e-17
3.68213e+01 6.20434e-17
3.97084e+01 6.06487e-17
4.28219e+01 5.88795e-17
4.61794e+01 5.65031e-17
4.98003e+01 5.35925e-17
5.37051e+01 4.97217e-17
5.79160e+01 4.46447e-17
6.24571e+01 3.77365e-17
6.73543e+01 2.88533e-17
7.26354e+01 1.85225e-17
7.83306e+01 8.63752e-18
8.44724e+01 2.15807e-18
9.10958e+01 1.15784e-19
9.82384e+01 9.90972e-24
1.05941e+02 0.00000e+00
