3.17098e-05 8.16210e-18
3.42207e-05 8.16227e-18
3.69304e-05 8.16391e-18
3.98548e-05 8.16518e-18
4.30106e-05 8.16324e-18
4.64164e-05 8.16132e-18
5.00918e-05 8.16099e-18
5.40583e-05 8.16481e-18
5.83389e-05 8.16993e-18
6.29584e-05 8.16101e-18
6.79437e-05 8.16324e-18
7.33238e-05 8.16675e-18
7.91298e-05 8.16587e-18
8.53957e-05 8.17149e-18
9.21577e-05 8.16798e-18
9.94551e-05 8.17091e-18
1.07330e-04 8.16560e-18
1.15829e-04 8.15993e-18
1.25001e-04 8.16293e-18
1.34899e-04 8.16538e-18
1.45581e-04 8.17504e-18
1.57109e-04 8.15561e-18
1.69549e-04 8.16303e-18
1.82975e-04 8.16810e-18
1.97464e-04 8.16631e-18
2.13100e-04 8.15918e-18
2.29974e-04 8.15817e-18
2.48184e-04 8.15529e-18
2.67836e-04 8.16343e-18
2.89045e-04 8.16820e-18
3.11932e-04 8.15798e-18
3.36633e-04 8.17021e-18
3.63289e-04 8.16732e-18
3.92055e-04 8.17275e-18
4.23100e-04 8.16873e-18
4.56603e-04 8.16935e-18
4.92758e-04 8.16354e-18
5.31777e-04 8.16840e-18
5.73885e-04 8.16233e-18
6.19328e-04 8.16595e-18
6.68369e-04 8.16585e-18
7.21293e-04 8.16423e-18
7.78408e-04 8.16964e-18
8.40046e-04 8.16675e-18
9.06564e-04 8.17059e-18
9.78350e-04 8.16713e-18
1.05582e-03 8.16628e-18
1.13942e-03 8.16329e-18
1.22965e-03 8.16714e-18
1.32702e-03 8.16902e-18
1.43210e-03 8.16418e-18
1.54550e-03 8.16446e-18
1.66787e-03 8.17236e-18
1.79994e-03 8.17034e-18
1.94247e-03 8.17294e-18
2.09628e-03 8.17017e-18
2.26228e-03 8.17181e-18
2.44141e-03 8.16652e-18
2.63473e-03 8.16720e-18
2.84336e-03 8.16891e-18
3.06851e-03 8.16526e-18
3.31149e-03 8.16939e-18
3.57371e-03 8.17866e-18
3.85669e-03 8.17363e-18
4.16208e-03 8.17501e-18
4.49165e-03 8.17485e-18
4.84732e-03 8.18220e-18
5.23115e-03 8.17408e-18
5.64537e-03 8.18206e-18
6.09239e-03 8.18037e-18
6.57482e-03 8.18107e-18
7.09544e-03 8.17713e-18
7.65728e-03 8.18653e-18
8.26362e-03 8.18381e-18
8.91797e-03 8.18504e-18
9.62413e-03 8.18560e-18
1.03862e-02 8.18548e-18
1.12086e-02 8.18398e-18
1.20962e-02 8.19462e-18
1.30540e-02 8.19925e-18
1.40877e-02 8.19330e-18
1.52032e-02 8.19144e-18
1.64070e-02 8.20449e-18
1.77062e-02 8.20130e-18
1.91083e-02 8.20883e-18
2.06214e-02 8.21344e-18
2.22542e-02 8.21774e-18
2.40164e-02 8.21832e-18
2.59181e-02 8.22484e-18
2.79705e-02 8.22359e-18
3.01853e-02 8.23168e-18
3.25755e-02 8.24181e-18
3.51549e-02 8.24232e-18
3.79386e-02 8.24697e-18
4.09428e-02 8.25504e-18
4.41848e-02 8.26524e-18
4.76835e-02 8.27774e-18
5.14593e-02 8.28940e-18
5.55341e-02 8.28883e-18
5.99315e-02 8.29642e-18
6.46771e-02 8.30792e-18
6.97985e-02 8.32588e-18
7.53255e-02 8.33832e-18
8.12901e-02 8.35362e-18
8.77270e-02 8.37420e-18
9.46736e-02 8.38374e-18
1.02170e-01 8.40524e-18
1.10260e-01 8.42605e-18
1.18991e-01 8.44668e-18
1.28414e-01 8.47173e-18
1.38582e-01 8.49758e-18
1.49555e-01 8.51991e-18
1.61398e-01 8.56243e-18
1.74178e-01 8.59049e-18
1.87970e-01 8.62459e-18
2.02854e-01 8.67270e-18
2.18917e-01 8.71487e-18
2.36252e-01 8.77209e-18
2.54959e-01 8.81895e-18
2.75148e-01 8.88085e-18
2.96936e-01 8.94832e-18
3.20448e-01 9.01298e-18
3.45823e-01 9.10640e-18
3.73206e-01 9.20657e-18
4.02758e-01 9.29659e-18
4.34650e-01 9.41395e-18
4.69068e-01 9.55352e-18
5.06211e-01 9.70726e-18
5.46295e-01 9.87887e-18
5.89552e-01 1.00857e-17
6.36236e-01 1.03035e-17
6.86616e-01 1.05900e-17
7.40985e-01 1.09266e-17
7.99659e-01 1.13035e-17
8.62979e-01 1.18061e-17
9.31314e-01 1.24192e-17
1.00506e+00 1.32310e-17
1.08464e+00 1.43642e-17
1.17053e+00 1.60046e-17
1.26322e+00 1.85975e-17
1.36324e+00 2.25907e-17
1.47119e+00 2.67391e-17
1.58769e+00 2.97632e-17
1.71341e+00 3.20067e-17
1.84908e+00 3.38675e-17
1.99550e+00 3.55859e-17
2.15351e+00 3.74406e-17
2.32404e+00 4.07307e-17
2.50806e+00 5.21823e-17
2.70666e+00 5.00589e-17
2.92099e+00 4.88435e-17
3.15228e+00 4.80182e-17
3.40189e+00 4.75047e-17
3.67127e+00 4.68385e-17
3.96198e+00 4.65333e-17
4.27570e+00 4.61570e-17
4.61427e+00 4.57927e-17
4.97965e+00 4.54582e-17
5.37396e+00 4.52235e-17
5.79949e+00 4.48817e-17
6.25872e+00 4.46159e-17
6.75431e+00 4.44414e-17
7.28914e+00 4.42648e-17
7.86633e+00 4.41123e-17
8.48922e+00 4.39865e-17
9.16143e+00 4.37440e-17
9.88687e+00 4.37057e-17
1.06698e+01 4.35812e-17
1.15146e+01 4.34911e-17
1.24264e+01 4.34025e-17
1.34104e+01 4.32981e-17
1.44723e+01 4.32954e-17
1.56182e+01 4.32205e-17
1.68550e+01 4.31328e-17
1.81896e+01 4.31835e-17
1.96299e+01 4.30769e-17
2.11843e+01 4.29902e-17
2.28618e+01 4.29955e-17
2.46721e+01 4.29310e-17
2.66257e+01 4.28522e-17
2.87340e+01 4.27931e-17
3.10093e+01 4.26290e-17
3.34648e+01 4.24602e-17
3.61147e+01 4.21883e-17
3.89744e+01 4.19010e-17
4.20605e+01 4.14056e-17
4.53910e+01 4.08084e-17
4.89853e+01 3.99993e-17
5.28642e+01 3.89613e-17
5.70502e+01 3.76566e-17
6.15676e+01 3.58179e-17
6.64428e+01 3.32715e-17
7.17040e+01 2.96366e-17
7.73819e+01 2.44603e-17
8.35093e+01 1.74763e-17
9.01219e+01 9.39455e-18
9.72581e+01 2.76135e-18
1.04959e+02 1.71710e-19
1.13271e+02 1.63666e-23
1.22240e+02 0.00000e+00
