3.17098e-05 2.32044e-17
3.41311e-05 2.31977e-17
3.67372e-05 2.31948e-17
3.95424e-05 2.32032e-17
4.25617e-05 2.31989e-17
4.58116e-05 2.31745e-17
4.93096e-05 2.32001e-17
5.30748e-05 2.31912e-17
5.71274e-05 2.31963e-17
6.14895e-05 2.31777e-17
6.61846e-05 2.31948e-17
7.12383e-05 2.31845e-17
7.66778e-05 2.31783e-17
8.25327e-05 2.32050e-17
8.88347e-05 2.31797e-17
9.56178e-05 2.31861e-17
1.02919e-04 2.31903e-17
1.10778e-04 2.31979e-17
1.19236e-04 2.31946e-17
1.28341e-04 2.32127e-17
1.38140e-04 2.32144e-17
1.48688e-04 2.31959e-17
1.60042e-04 2.31936e-17
1.72262e-04 2.31796e-17
1.85416e-04 2.31897e-17
1.99573e-04 2.31785e-17
2.14812e-04 2.31867e-17
2.31215e-04 2.31968e-17
2.48870e-04 2.32006e-17
2.67873e-04 2.32059e-17
2.88326e-04 2.31978e-17
3.10342e-04 2.32103e-17
3.34039e-04 2.31801e-17
3.59545e-04 2.31975e-17
3.86999e-04 2.31935e-17
4.16549e-04 2.31813e-17
4.48356e-04 2.31899e-17
4.82591e-04 2.31979e-17
5.19440e-04 2.31995e-17
5.59103e-04 2.31975e-17
6.01795e-04 2.31961e-17
6.47746e-04 2.31924e-17
6.97206e-04 2.31958e-17
7.50442e-04 2.31810e-17
8.07744e-04 2.31955e-17
8.69421e-04 2.32038e-17
9.35807e-04 2.31983e-17
1.00726e-03 2.31996e-17
1.08417e-03 2.32029e-17
1.16696e-03 2.31964e-17
1.25606e-03 2.32014e-17
1.35197e-03 2.32088e-17
1.45521e-03 2.32364e-17
1.56632e-03 2.32034e-17
1.68592e-03 2.31762e-17
1.81465e-03 2.32128e-17
1.95322e-03 2.32216e-17
2.10236e-03 2.32247e-17
2.26289e-03 2.31998e-17
2.43567e-03 2.31959e-17
2.62166e-03 2.32046e-17
2.82184e-03 2.32069e-17
3.03731e-03 2.32319e-17
3.26923e-03 2.31967e-17
3.51885e-03 2.32263e-17
3.78754e-03 2.32197e-17
4.07675e-03 2.32204e-17
4.38804e-03 2.32354e-17
4.72310e-03 2.32254e-17
5.08374e-03 2.32332e-17
5.47192e-03 2.32249e-17
5.88974e-03 2.32293e-17
6.33946e-03 2.32223e-17
6.82352e-03 2.32398e-17
7.34455e-03 2.32483e-17
7.90535e-03 2.32315e-17
8.50898e-03 2.32625e-17
9.15870e-03 2.32543e-17
9.85804e-03 2.32374e-17
1.06108e-02 2.32825e-17
1.14210e-02 2.32844e-17
1.22930e-02 2.32790e-17
1.32317e-02 2.33107e-17
1.42420e-02 2.33076e-17
1.53295e-02 2.33117e-17
1.65000e-02 2.33075e-17
1.77599e-02 2.33289e-17
1.91160e-02 2.33376e-17
2.05757e-02 2.33479e-17
2.21468e-02 2.33884e-17
2.38378e-02 2.33756e-17
2.56580e-02 2.34024e-17
2.76172e-02 2.33940e-17
2.97260e-02 2.34314e-17
3.19958e-02 2.34522e-17
3.44389e-02 2.34560e-17
3.70685e-02 2.34946e-17
3.98989e-02 2.34788e-17
4.29455e-02 2.35325e-17
4.62247e-02 2.35442e-17
4.97543e-02 2.35658e-17
5.35534e-02 2.35923e-17
5.76426e-02 2.36419e-17
6.20440e-02 2.37043e-17
6.67815e-02 2.37178e-17
7.18807e-02 2.37423e-17
7.73693e-02 2.38050e-17
8.32770e-02 2.38602e-17
8.96358e-02 2.39283e-17
9.64801e-02 2.39803e-17
1.03847e-01 2.40464e-17
1.11777e-01 2.40863e-17
1.20311e-01 2.41732e-17
1.29498e-01 2.42603e-17
1.39386e-01 2.43317e-17
1.50029e-01 2.44356e-17
1.61485e-01 2.45479e-17
1.73816e-01 2.46623e-17
1.87088e-01 2.47885e-17
2.01373e-01 2.49251e-17
2.16749e-01 2.50846e-17
2.33300e-01 2.52460e-17
2.51114e-01 2.54168e-17
2.70288e-01 2.56442e-17
2.90927e-01 2.58655e-17
3.13141e-01 2.61224e-17
3.37051e-01 2.64180e-17
3.62788e-01 2.67225e-17
3.90489e-01 2.70640e-17
4.20306e-01 2.74920e-17
4.52399e-01 2.79462e-17
4.86943e-01 2.84594e-17
5.24125e-01 2.90696e-17
5.64145e-01 2.98027e-17
6.07222e-01 3.06289e-17
6.53587e-01 3.16314e-17
7.03493e-01 3.28013e-17
7.57210e-01 3.43295e-17
8.15028e-01 3.62295e-17
8.77262e-01 3.86584e-17
9.44247e-01 4.19780e-17
1.01635e+00 4.67166e-17
1.09395e+00 5.40067e-17
1.17748e+00 6.68305e-17
1.26739e+00 9.35633e-17
1.36417e+00 1.66710e-16
1.46833e+00 5.69953e-16
1.58045e+00 4.88395e-16
1.70113e+00 4.50584e-16
1.83102e+00 4.25263e-16
1.97083e+00 4.06958e-16
2.12132e+00 3.90936e-16
2.28329e+00 3.76275e-16
2.45764e+00 3.64944e-16
2.64530e+00 3.52746e-16
2.84729e+00 3.43073e-16
3.06470e+00 3.33569e-16
3.29871e+00 3.23760e-16
3.55059e+00 3.14727e-16
3.82170e+00 3.06502e-16
4.11351e+00 2.98190e-16
4.42761e+00 2.89922e-16
4.76569e+00 2.81297e-16
5.12958e+00 2.73912e-16
5.52126e+00 2.65364e-16
5.94285e+00 2.57211e-16
6.39663e+00 2.49338e-16
6.88506e+00 2.41333e-16
7.41078e+00 2.33389e-16
7.97664e+00 2.25001e-16
8.58572e+00 2.16759e-16
9.24130e+00 2.08247e-16
9.94694e+00 1.99667e-16
1.07065e+01 1.91049e-16
1.15240e+01 1.82237e-16
1.24039e+01 1.73299e-16
1.33510e+01 1.64421e-16
1.43705e+01 1.55286e-16
1.54678e+01 1.46334e-16
1.66488e+01 1.37255e-16
1.79201e+01 1.28170e-16
1.92884e+01 1.19173e-16
2.07612e+01 1.10174e-16
2.23465e+01 1.01511e-16
2.40528e+01 9.30911e-17
2.58894e+01 8.48040e-17
2.78663e+01 7.66694e-17
2.99940e+01 6.87629e-17
3.22843e+01 6.07933e-17
3.47494e+01 5.31433e-17
3.74028e+01 4.54625e-17
4.02588e+01 3.77605e-17
4.33328e+01 2.97953e-17
4.66416e+01 2.16220e-17
5.02030e+01 1.34715e-17
5.40363e+01 6.27808e-18
5.81624e+01 1.59518e-18
6.26035e+01 8.38684e-20
6.73837e+01 5.73004e-24
7.25290e+01 0.00000e+00
