3.17098e-05 2.54381e-17
3.41232e-05 2.54030e-17
3.67202e-05 2.54399e-17
3.95150e-05 2.54149e-17
4.25224e-05 2.54352e-17
4.57587e-05 2.54105e-17
4.92413e-05 2.54218e-17
5.29890e-05 2.54169e-17
5.70219e-05 2.54387e-17
6.13617e-05 2.54358e-17
6.60319e-05 2.54348e-17
7.10574e-05 2.54396e-17
7.64655e-05 2.54389e-17
8.22852e-05 2.54328e-17
8.85478e-05 2.54453e-17
9.52870e-05 2.54249e-17
1.02539e-04 2.54395e-17
1.10343e-04 2.54336e-17
1.18741e-04 2.54200e-17
1.27778e-04 2.54209e-17
1.37503e-04 2.54274e-17
1.47969e-04 2.54321e-17
1.59230e-04 2.54355e-17
1.71349e-04 2.54301e-17
1.84390e-04 2.54547e-17
1.98424e-04 2.54266e-17
2.13526e-04 2.54392e-17
2.29777e-04 2.54298e-17
2.47265e-04 2.54239e-17
2.66083e-04 2.54327e-17
2.86335e-04 2.54161e-17
3.08127e-04 2.54230e-17
3.31578e-04 2.54518e-17
3.56814e-04 2.54283e-17
3.83971e-04 2.54378e-17
4.13194e-04 2.54321e-17
4.44641e-04 2.54346e-17
4.78482e-04 2.54273e-17
5.14899e-04 2.54442e-17
5.54087e-04 2.54250e-17
5.96258e-04 2.54178e-17
6.41638e-04 2.54321e-17
6.90472e-04 2.54418e-17
7.43023e-04 2.54603e-17
7.99573e-04 2.54373e-17
8.60427e-04 2.54356e-17
9.25913e-04 2.54289e-17
9.96382e-04 2.54240e-17
1.07222e-03 2.54361e-17
1.15382e-03 2.54258e-17
1.24164e-03 2.54236e-17
1.33613e-03 2.54490e-17
1.43783e-03 2.54413e-17
1.54726e-03 2.54320e-17
1.66502e-03 2.54445e-17
1.79174e-03 2.54529e-17
1.92810e-03 2.54432e-17
2.07485e-03 2.54481e-17
2.23276e-03 2.54530e-17
2.40269e-03 2.54533e-17
2.58556e-03 2.54581e-17
2.78234e-03 2.54540e-17
2.99410e-03 2.54451e-17
3.22198e-03 2.54445e-17
3.46720e-03 2.54332e-17
3.73108e-03 2.54525e-17
4.01504e-03 2.54518e-17
4.32062e-03 2.54628e-17
4.64946e-03 2.54586e-17
5.00332e-03 2.54830e-17
5.38412e-03 2.54765e-17
5.79389e-03 2.54694e-17
6.23486e-03 2.54731e-17
6.70938e-03 2.54837e-17
7.22002e-03 2.54821e-17
7.76953e-03 2.54852e-17
8.36085e-03 2.54951e-17
8.99718e-03 2.55027e-17
9.68194e-03 2.54994e-17
1.04188e-02 2.55185e-17
1.12118e-02 2.55298e-17
1.20651e-02 2.55239e-17
1.29833e-02 2.55287e-17
1.39715e-02 2.55386e-17
1.50348e-02 2.55502e-17
1.61791e-02 2.55511e-17
1.74105e-02 2.55749e-17
1.87356e-02 2.55723e-17
2.01615e-02 2.55899e-17
2.16960e-02 2.56093e-17
2.33472e-02 2.56089e-17
2.51241e-02 2.56493e-17
2.70363e-02 2.56469e-17
2.90940e-02 2.56771e-17
3.13082e-02 2.56856e-17
3.36911e-02 2.57063e-17
3.62552e-02 2.57561e-17
3.90146e-02 2.57669e-17
4.19839e-02 2.57871e-17
4.51792e-02 2.58187e-17
4.86178e-02 2.58465e-17
5.23180e-02 2.58689e-17
5.62998e-02 2.59292e-17
6.05847e-02 2.59594e-17
6.51957e-02 2.60114e-17
7.01576e-02 2.60485e-17
7.54972e-02 2.61037e-17
8.12432e-02 2.61406e-17
8.74265e-02 2.61988e-17
9.40804e-02 2.62594e-17
1.01241e-01 2.63411e-17
1.08946e-01 2.64063e-17
1.17238e-01 2.64789e-17
1.26160e-01 2.65821e-17
1.35762e-01 2.66737e-17
1.46095e-01 2.67875e-17
1.57214e-01 2.69118e-17
1.69179e-01 2.70163e-17
1.82055e-01 2.71441e-17
1.95911e-01 2.72889e-17
2.10822e-01 2.74760e-17
2.26867e-01 2.76465e-17
2.44133e-01 2.78661e-17
2.62714e-01 2.80568e-17
2.82709e-01 2.82965e-17
3.04225e-01 2.85932e-17
3.27379e-01 2.88896e-17
3.52296e-01 2.92365e-17
3.79108e-01 2.96090e-17
4.07962e-01 3.00480e-17
4.39011e-01 3.05774e-17
4.72423e-01 3.11069e-17
5.08379e-01 3.17689e-17
5.47071e-01 3.25248e-17
5.88707e-01 3.34190e-17
6.33513e-01 3.44956e-17
6.81728e-01 3.57473e-17
7.33614e-01 3.73403e-17
7.89448e-01 3.93021e-17
8.49531e-01 4.18576e-17
9.14188e-01 4.53170e-17
9.83765e-01 5.01843e-17
1.05864e+00 5.76458e-17
1.13921e+00 7.05291e-17
1.22591e+00 9.73534e-17
1.31921e+00 1.85862e-16
1.41962e+00 6.20382e-16
1.52766e+00 5.33790e-16
1.64393e+00 4.90834e-16
1.76905e+00 4.59340e-16
1.90369e+00 4.36100e-16
2.04857e+00 4.16077e-16
2.20449e+00 3.99368e-16
2.37227e+00 3.84393e-16
2.55282e+00 3.69269e-16
2.74711e+00 3.56262e-16
2.95619e+00 3.44277e-16
3.18118e+00 3.31853e-16
3.42329e+00 3.21177e-16
3.68383e+00 3.10080e-16
3.96420e+00 2.99708e-16
4.26591e+00 2.89916e-16
4.59058e+00 2.79271e-16
4.93996e+00 2.69240e-16
5.31594e+00 2.59752e-16
5.72052e+00 2.50387e-16
6.15590e+00 2.40975e-16
6.62442e+00 2.31610e-16
7.12859e+00 2.22728e-16
7.67114e+00 2.13607e-16
8.25498e+00 2.04255e-16
8.88325e+00 1.95103e-16
9.55934e+00 1.86308e-16
1.02869e+01 1.77814e-16
1.10698e+01 1.69139e-16
1.19123e+01 1.60404e-16
1.28189e+01 1.51830e-16
1.37946e+01 1.43350e-16
1.48444e+01 1.35132e-16
1.59742e+01 1.27173e-16
1.71900e+01 1.19096e-16
1.84983e+01 1.11103e-16
1.99062e+01 1.03442e-16
2.14212e+01 9.58471e-17
2.30515e+01 8.85339e-17
2.48060e+01 8.11192e-17
2.66939e+01 7.38615e-17
2.87255e+01 6.67294e-17
3.09118e+01 5.95821e-17
3.32644e+01 5.24064e-17
3.57961e+01 4.51898e-17
3.85205e+01 3.77041e-17
4.14523e+01 2.99736e-17
4.46071e+01 2.18456e-17
4.80021e+01 1.36424e-17
5.16555e+01 6.35962e-18
5.55869e+01 1.61020e-18
5.98175e+01 8.40043e-20
6.43701e+01 5.53525e-24
6.92692e+01 0.00000e+00
