3.17098e-05 2.42750e-17
3.41272e-05 2.42557e-17
3.67288e-05 2.42685e-17
3.95288e-05 2.42693e-17
4.25423e-05 2.42722e-17
4.57854e-05 2.42608e-17
4.92758e-05 2.42722e-17
5.30323e-05 2.42745e-17
5.70752e-05 2.42504e-17
6.14263e-05 2.42616e-17
6.61091e-05 2.42724e-17
7.11488e-05 2.42526e-17
7.65728e-05 2.42718e-17
8.24103e-05 2.42870e-17
8.86928e-05 2.42520e-17
9.54542e-05 2.42785e-17
1.02731e-04 2.42852e-17
1.10563e-04 2.42746e-17
1.18991e-04 2.42808e-17
1.28063e-04 2.42635e-17
1.37825e-04 2.42707e-17
1.48332e-04 2.42648e-17
1.59640e-04 2.42767e-17
1.71810e-04 2.42697e-17
1.84908e-04 2.42639e-17
1.99004e-04 2.42950e-17
2.14175e-04 2.42824e-17
2.30503e-04 2.42619e-17
2.48075e-04 2.42459e-17
2.66987e-04 2.42547e-17
2.87340e-04 2.42770e-17
3.09245e-04 2.42716e-17
3.32820e-04 2.42581e-17
3.58193e-04 2.42801e-17
3.85499e-04 2.42661e-17
4.14887e-04 2.42817e-17
4.46516e-04 2.42834e-17
4.80556e-04 2.42762e-17
5.17191e-04 2.42913e-17
5.56618e-04 2.42666e-17
5.99052e-04 2.42644e-17
6.44720e-04 2.42700e-17
6.93869e-04 2.42843e-17
7.46766e-04 2.42844e-17
8.03695e-04 2.42535e-17
8.64964e-04 2.42797e-17
9.30904e-04 2.42861e-17
1.00187e-03 2.42825e-17
1.07825e-03 2.42676e-17
1.16045e-03 2.42899e-17
1.24891e-03 2.42849e-17
1.34412e-03 2.42699e-17
1.44659e-03 2.42761e-17
1.55687e-03 2.42947e-17
1.67556e-03 2.42795e-17
1.80329e-03 2.42809e-17
1.94076e-03 2.42903e-17
2.08872e-03 2.42934e-17
2.24795e-03 2.42832e-17
2.41932e-03 2.42732e-17
2.60375e-03 2.42939e-17
2.80225e-03 2.42702e-17
3.01587e-03 2.43002e-17
3.24579e-03 2.42921e-17
3.49323e-03 2.43238e-17
3.75953e-03 2.42942e-17
4.04613e-03 2.43009e-17
4.35459e-03 2.43091e-17
4.68656e-03 2.43034e-17
5.04383e-03 2.43226e-17
5.42834e-03 2.43030e-17
5.84217e-03 2.43112e-17
6.28754e-03 2.42996e-17
6.76687e-03 2.43296e-17
7.28273e-03 2.43083e-17
7.83793e-03 2.43360e-17
8.43544e-03 2.43319e-17
9.07851e-03 2.43358e-17
9.77061e-03 2.43419e-17
1.05155e-02 2.43395e-17
1.13171e-02 2.43656e-17
1.21798e-02 2.43634e-17
1.31084e-02 2.43555e-17
1.41077e-02 2.43834e-17
1.51832e-02 2.43699e-17
1.63406e-02 2.44083e-17
1.75863e-02 2.44075e-17
1.89270e-02 2.44257e-17
2.03699e-02 2.44348e-17
2.19228e-02 2.44302e-17
2.35941e-02 2.44563e-17
2.53927e-02 2.44891e-17
2.73285e-02 2.44825e-17
2.94119e-02 2.45028e-17
3.16541e-02 2.45427e-17
3.40672e-02 2.45502e-17
3.66643e-02 2.45662e-17
3.94594e-02 2.45976e-17
4.24675e-02 2.46174e-17
4.57050e-02 2.46553e-17
4.91893e-02 2.46527e-17
5.29392e-02 2.47128e-17
5.69749e-02 2.47598e-17
6.13184e-02 2.47810e-17
6.59929e-02 2.48200e-17
7.10239e-02 2.48699e-17
7.64383e-02 2.49201e-17
8.22655e-02 2.49707e-17
8.85370e-02 2.50086e-17
9.52865e-02 2.50742e-17
1.02551e-01 2.51364e-17
1.10368e-01 2.52032e-17
1.18782e-01 2.52927e-17
1.27838e-01 2.53863e-17
1.37583e-01 2.54919e-17
1.48072e-01 2.55704e-17
1.59360e-01 2.56671e-17
1.71508e-01 2.57949e-17
1.84583e-01 2.59455e-17
1.98655e-01 2.60707e-17
2.13799e-01 2.62297e-17
2.30098e-01 2.64086e-17
2.47639e-01 2.65878e-17
2.66518e-01 2.68360e-17
2.86835e-01 2.70586e-17
3.08702e-01 2.73012e-17
3.32236e-01 2.75933e-17
3.57564e-01 2.79396e-17
3.84822e-01 2.82970e-17
4.14159e-01 2.87128e-17
4.45732e-01 2.91995e-17
4.79712e-01 2.97416e-17
5.16282e-01 3.03857e-17
5.55640e-01 3.11413e-17
5.97999e-01 3.19722e-17
6.43587e-01 3.30371e-17
6.92650e-01 3.42340e-17
7.45454e-01 3.57996e-17
8.02283e-01 3.76878e-17
8.63445e-01 4.01868e-17
9.29268e-01 4.36094e-17
1.00011e+00 4.84170e-17
1.07635e+00 5.57995e-17
1.15841e+00 6.85789e-17
1.24672e+00 9.52167e-17
1.34176e+00 1.75824e-16
1.44405e+00 6.04761e-16
1.55413e+00 5.18945e-16
1.67261e+00 4.79369e-16
1.80012e+00 4.51242e-16
1.93735e+00 4.29887e-16
2.08505e+00 4.10937e-16
2.24400e+00 3.94757e-16
2.41507e+00 3.80397e-16
2.59918e+00 3.67345e-16
2.79732e+00 3.55790e-16
3.01058e+00 3.44226e-16
3.24008e+00 3.33008e-16
3.48709e+00 3.23191e-16
3.75292e+00 3.13340e-16
4.03903e+00 3.03499e-16
4.34694e+00 2.93394e-16
4.67832e+00 2.84486e-16
5.03497e+00 2.74900e-16
5.41881e+00 2.66052e-16
5.83191e+00 2.57032e-16
6.27650e+00 2.48098e-16
6.75498e+00 2.39504e-16
7.26994e+00 2.29810e-16
7.82416e+00 2.20842e-16
8.42062e+00 2.11890e-16
9.06256e+00 2.03311e-16
9.75344e+00 1.94230e-16
1.04970e+01 1.85400e-16
1.12972e+01 1.76190e-16
1.21584e+01 1.67430e-16
1.30853e+01 1.58532e-16
1.40829e+01 1.49363e-16
1.51565e+01 1.40730e-16
1.63119e+01 1.32095e-16
1.75555e+01 1.23257e-16
1.88938e+01 1.14992e-16
2.03341e+01 1.06902e-16
2.18843e+01 9.84780e-17
2.35526e+01 9.04902e-17
2.53481e+01 8.27107e-17
2.72805e+01 7.50154e-17
2.93602e+01 6.76140e-17
3.15985e+01 6.00124e-17
3.40074e+01 5.26591e-17
3.65999e+01 4.53176e-17
3.93900e+01 3.77081e-17
4.23929e+01 2.98592e-17
4.56247e+01 2.17154e-17
4.91029e+01 1.35550e-17
5.28462e+01 6.31475e-18
5.68749e+01 1.60314e-18
6.12107e+01 8.39026e-20
6.58770e+01 5.62284e-24
7.08991e+01 0.00000e+00
