3.17098e-05 2.21764e-17
3.41349e-05 2.21851e-17
3.67454e-05 2.21747e-17
3.95556e-05 2.21668e-17
4.25807e-05 2.21979e-17
4.58372e-05 2.21909e-17
4.93427e-05 2.21802e-17
5.31163e-05 2.22037e-17
5.71784e-05 2.21978e-17
6.15513e-05 2.21739e-17
6.62586e-05 2.21672e-17
7.13259e-05 2.21853e-17
7.67807e-05 2.21807e-17
8.26526e-05 2.21685e-17
8.89737e-05 2.21724e-17
9.57782e-05 2.21762e-17
1.03103e-04 2.21716e-17
1.10988e-04 2.21906e-17
1.19476e-04 2.21799e-17
1.28613e-04 2.21805e-17
1.38449e-04 2.21933e-17
1.49038e-04 2.21725e-17
1.60436e-04 2.21898e-17
1.72705e-04 2.21817e-17
1.85913e-04 2.21899e-17
2.00131e-04 2.21831e-17
2.15437e-04 2.21778e-17
2.31913e-04 2.21933e-17
2.49649e-04 2.21922e-17
2.68741e-04 2.21962e-17
2.89294e-04 2.21841e-17
3.11418e-04 2.21706e-17
3.35235e-04 2.21799e-17
3.60873e-04 2.21826e-17
3.88471e-04 2.21786e-17
4.18181e-04 2.21981e-17
4.50162e-04 2.21987e-17
4.84589e-04 2.21820e-17
5.21649e-04 2.21924e-17
5.61543e-04 2.21965e-17
6.04489e-04 2.21714e-17
6.50718e-04 2.21873e-17
7.00484e-04 2.21908e-17
7.54055e-04 2.21897e-17
8.11723e-04 2.22006e-17
8.73801e-04 2.21931e-17
9.40627e-04 2.21839e-17
1.01256e-03 2.21936e-17
1.09000e-03 2.21778e-17
1.17336e-03 2.21938e-17
1.26310e-03 2.21833e-17
1.35970e-03 2.22000e-17
1.46368e-03 2.21859e-17
1.57562e-03 2.21906e-17
1.69612e-03 2.21802e-17
1.82583e-03 2.22096e-17
1.96547e-03 2.21855e-17
2.11578e-03 2.21953e-17
2.27759e-03 2.21961e-17
2.45178e-03 2.22154e-17
2.63928e-03 2.22088e-17
2.84113e-03 2.22112e-17
3.05841e-03 2.22004e-17
3.29231e-03 2.22189e-17
3.54409e-03 2.22173e-17
3.81514e-03 2.21918e-17
4.10691e-03 2.22188e-17
4.42099e-03 2.21982e-17
4.75910e-03 2.22242e-17
5.12306e-03 2.22270e-17
5.51486e-03 2.22344e-17
5.93662e-03 2.22133e-17
6.39064e-03 2.22430e-17
6.87938e-03 2.22354e-17
7.40549e-03 2.22379e-17
7.97184e-03 2.22429e-17
8.58151e-03 2.22295e-17
9.23780e-03 2.22610e-17
9.94428e-03 2.22567e-17
1.07048e-02 2.22480e-17
1.15235e-02 2.22591e-17
1.24047e-02 2.22665e-17
1.33534e-02 2.22865e-17
1.43747e-02 2.22925e-17
1.54740e-02 2.22986e-17
1.66574e-02 2.22885e-17
1.79313e-02 2.23122e-17
1.93027e-02 2.23183e-17
2.07789e-02 2.23305e-17
2.23680e-02 2.23443e-17
2.40786e-02 2.23581e-17
2.59201e-02 2.23834e-17
2.79024e-02 2.23762e-17
3.00363e-02 2.23930e-17
3.23334e-02 2.24118e-17
3.48062e-02 2.24352e-17
3.74680e-02 2.24523e-17
4.03335e-02 2.24837e-17
4.34181e-02 2.25062e-17
4.67386e-02 2.25338e-17
5.03130e-02 2.25605e-17
5.41608e-02 2.25689e-17
5.83029e-02 2.26256e-17
6.27618e-02 2.26526e-17
6.75616e-02 2.26870e-17
7.27285e-02 2.27329e-17
7.82906e-02 2.27576e-17
8.42781e-02 2.28243e-17
9.07234e-02 2.28556e-17
9.76617e-02 2.29124e-17
1.05131e-01 2.29817e-17
1.13171e-01 2.30446e-17
1.21826e-01 2.31195e-17
1.31143e-01 2.31987e-17
1.41172e-01 2.32906e-17
1.51969e-01 2.33827e-17
1.63591e-01 2.34938e-17
1.76102e-01 2.35694e-17
1.89569e-01 2.37133e-17
2.04067e-01 2.38552e-17
2.19674e-01 2.39945e-17
2.36474e-01 2.41754e-17
2.54559e-01 2.43503e-17
2.74027e-01 2.45469e-17
2.94983e-01 2.47397e-17
3.17543e-01 2.50035e-17
3.41828e-01 2.52781e-17
3.67970e-01 2.55981e-17
3.96111e-01 2.59216e-17
4.26405e-01 2.63147e-17
4.59015e-01 2.67875e-17
4.94119e-01 2.72756e-17
5.31908e-01 2.78867e-17
5.72587e-01 2.85902e-17
6.16377e-01 2.93984e-17
6.63515e-01 3.03224e-17
7.14259e-01 3.15225e-17
7.68884e-01 3.29662e-17
8.27686e-01 3.47907e-17
8.90985e-01 3.71548e-17
9.59125e-01 4.04492e-17
1.03248e+00 4.51798e-17
1.11144e+00 5.24136e-17
1.19644e+00 6.53480e-17
1.28794e+00 9.21311e-17
1.38644e+00 1.58010e-16
1.49247e+00 5.21003e-16
1.60661e+00 4.45945e-16
1.72948e+00 4.13750e-16
1.86174e+00 3.92161e-16
2.00412e+00 3.75735e-16
2.15739e+00 3.62842e-16
2.32238e+00 3.50400e-16
2.49999e+00 3.40417e-16
2.69119e+00 3.30999e-16
2.89700e+00 3.21858e-16
3.11855e+00 3.13864e-16
3.35705e+00 3.06689e-16
3.61379e+00 2.98845e-16
3.89016e+00 2.91691e-16
4.18767e+00 2.84836e-16
4.50794e+00 2.78491e-16
4.85269e+00 2.70890e-16
5.22381e+00 2.64888e-16
5.62331e+00 2.57874e-16
6.05337e+00 2.51238e-16
6.51631e+00 2.44470e-16
7.01466e+00 2.37765e-16
7.55113e+00 2.30579e-16
8.12862e+00 2.23654e-16
8.75027e+00 2.16405e-16
9.41947e+00 2.09458e-16
1.01398e+01 2.01433e-16
1.09153e+01 1.93582e-16
1.17501e+01 1.85619e-16
1.26487e+01 1.77270e-16
1.36160e+01 1.68622e-16
1.46574e+01 1.59923e-16
1.57783e+01 1.51010e-16
1.69850e+01 1.42132e-16
1.82840e+01 1.32953e-16
1.96823e+01 1.23550e-16
2.11875e+01 1.14213e-16
2.28079e+01 1.05271e-16
2.45522e+01 9.60212e-17
2.64298e+01 8.71608e-17
2.84511e+01 7.84620e-17
3.06270e+01 7.00910e-17
3.29693e+01 6.19076e-17
3.54907e+01 5.38183e-17
3.82049e+01 4.58911e-17
4.11267e+01 3.78943e-17
4.42720e+01 2.98250e-17
4.76578e+01 2.16080e-17
5.13025e+01 1.34506e-17
5.52260e+01 6.27192e-18
5.94495e+01 1.59326e-18
6.39960e+01 8.39847e-20
6.88903e+01 5.81752e-24
7.41588e+01 0.00000e+00
