3.17098e-05 1.83732e-17
3.41511e-05 1.83637e-17
3.67803e-05 1.83778e-17
3.96119e-05 1.83744e-17
4.26615e-05 1.83670e-17
4.59459e-05 1.83619e-17
4.94832e-05 1.83799e-17
5.32928e-05 1.83586e-17
5.73956e-05 1.83756e-17
6.18144e-05 1.83661e-17
6.65733e-05 1.83652e-17
7.16987e-05 1.83591e-17
7.72186e-05 1.83634e-17
8.31634e-05 1.83655e-17
8.95660e-05 1.83661e-17
9.64615e-05 1.83561e-17
1.03888e-04 1.83717e-17
1.11886e-04 1.83844e-17
1.20500e-04 1.83702e-17
1.29777e-04 1.83693e-17
1.39768e-04 1.83742e-17
1.50528e-04 1.83710e-17
1.62117e-04 1.83655e-17
1.74598e-04 1.83696e-17
1.88040e-04 1.83682e-17
2.02517e-04 1.83781e-17
2.18108e-04 1.83702e-17
2.34900e-04 1.83634e-17
2.52984e-04 1.83746e-17
2.72460e-04 1.83775e-17
2.93437e-04 1.83768e-17
3.16028e-04 1.83707e-17
3.40358e-04 1.83856e-17
3.66561e-04 1.83718e-17
3.94782e-04 1.83776e-17
4.25175e-04 1.83619e-17
4.57908e-04 1.83829e-17
4.93161e-04 1.83717e-17
5.31129e-04 1.83682e-17
5.72019e-04 1.83799e-17
6.16057e-04 1.83622e-17
6.63486e-04 1.83752e-17
7.14566e-04 1.83757e-17
7.69579e-04 1.83718e-17
8.28827e-04 1.83792e-17
8.92636e-04 1.83676e-17
9.61358e-04 1.83747e-17
1.03537e-03 1.83569e-17
1.11508e-03 1.83668e-17
1.20093e-03 1.83792e-17
1.29339e-03 1.83686e-17
1.39296e-03 1.83749e-17
1.50020e-03 1.83799e-17
1.61570e-03 1.83864e-17
1.74009e-03 1.83807e-17
1.87405e-03 1.83844e-17
2.01833e-03 1.83719e-17
2.17372e-03 1.83865e-17
2.34107e-03 1.83871e-17
2.52130e-03 1.83944e-17
2.71541e-03 1.83830e-17
2.92446e-03 1.83965e-17
3.14961e-03 1.83829e-17
3.39209e-03 1.83840e-17
3.65324e-03 1.83906e-17
3.93449e-03 1.83962e-17
4.23740e-03 1.83866e-17
4.56362e-03 1.83951e-17
4.91497e-03 1.84099e-17
5.29336e-03 1.83901e-17
5.70088e-03 1.83913e-17
6.13978e-03 1.84085e-17
6.61246e-03 1.84021e-17
7.12154e-03 1.84063e-17
7.66981e-03 1.84035e-17
8.26029e-03 1.84143e-17
8.89623e-03 1.84281e-17
9.58113e-03 1.84240e-17
1.03188e-02 1.84259e-17
1.11132e-02 1.84266e-17
1.19688e-02 1.84320e-17
1.28902e-02 1.84335e-17
1.38826e-02 1.84583e-17
1.49514e-02 1.84688e-17
1.61024e-02 1.84547e-17
1.73421e-02 1.84731e-17
1.86773e-02 1.84931e-17
2.01152e-02 1.84990e-17
2.16638e-02 1.85110e-17
2.33316e-02 1.85131e-17
2.51279e-02 1.85068e-17
2.70624e-02 1.85360e-17
2.91459e-02 1.85309e-17
3.13898e-02 1.85286e-17
3.38064e-02 1.85627e-17
3.64090e-02 1.85709e-17
3.92121e-02 1.85937e-17
4.22309e-02 1.86238e-17
4.54822e-02 1.86308e-17
4.89838e-02 1.86560e-17
5.27549e-02 1.86766e-17
5.68164e-02 1.87093e-17
6.11905e-02 1.87348e-17
6.59014e-02 1.87558e-17
7.09750e-02 1.87860e-17
7.64392e-02 1.88376e-17
8.23241e-02 1.88577e-17
8.86620e-02 1.89102e-17
9.54879e-02 1.89695e-17
1.02839e-01 1.89909e-17
1.10757e-01 1.90393e-17
1.19283e-01 1.90986e-17
1.28467e-01 1.91647e-17
1.38357e-01 1.92238e-17
1.49009e-01 1.92929e-17
1.60481e-01 1.93823e-17
1.72836e-01 1.94846e-17
1.86142e-01 1.95693e-17
2.00473e-01 1.96656e-17
2.15907e-01 1.97769e-17
2.32529e-01 1.99009e-17
2.50431e-01 2.00495e-17
2.69711e-01 2.01969e-17
2.90475e-01 2.03725e-17
3.12838e-01 2.05497e-17
3.36923e-01 2.07665e-17
3.62861e-01 2.10135e-17
3.90797e-01 2.12446e-17
4.20884e-01 2.15772e-17
4.53287e-01 2.19169e-17
4.88184e-01 2.22753e-17
5.25768e-01 2.27515e-17
5.66246e-01 2.32419e-17
6.09840e-01 2.38642e-17
6.56790e-01 2.45692e-17
7.07354e-01 2.54498e-17
7.61812e-01 2.64770e-17
8.20462e-01 2.77522e-17
8.83627e-01 2.94332e-17
9.51656e-01 3.15751e-17
1.02492e+00 3.45649e-17
1.10383e+00 3.89177e-17
1.18881e+00 4.57033e-17
1.28033e+00 5.69848e-17
1.37890e+00 7.55994e-17
1.48506e+00 1.03076e-16
1.59939e+00 2.39769e-16
1.72252e+00 2.42311e-16
1.85514e+00 2.26451e-16
1.99796e+00 2.16309e-16
2.15178e+00 2.08832e-16
2.31744e+00 2.03095e-16
2.49585e+00 1.98357e-16
2.68800e+00 1.93657e-16
2.89494e+00 1.89691e-16
3.11782e+00 1.86396e-16
3.35785e+00 1.82697e-16
3.61637e+00 1.79847e-16
3.89478e+00 1.76916e-16
4.19463e+00 1.74253e-16
4.51756e+00 1.71490e-16
4.86536e+00 1.68858e-16
5.23993e+00 1.66321e-16
5.64334e+00 1.63956e-16
6.07781e+00 1.61509e-16
6.54573e+00 1.59063e-16
7.04967e+00 1.56790e-16
7.59240e+00 1.54173e-16
8.17692e+00 1.51835e-16
8.80644e+00 1.49466e-16
9.48443e+00 1.46947e-16
1.02146e+01 1.44400e-16
1.10010e+01 1.41676e-16
1.18480e+01 1.38831e-16
1.27601e+01 1.35886e-16
1.37425e+01 1.32665e-16
1.48005e+01 1.29414e-16
1.59399e+01 1.25950e-16
1.71671e+01 1.22182e-16
1.84887e+01 1.18179e-16
1.99122e+01 1.13705e-16
2.14451e+01 1.08929e-16
2.30962e+01 1.03704e-16
2.48743e+01 9.79251e-17
2.67893e+01 9.20214e-17
2.88517e+01 8.53501e-17
3.10729e+01 7.82707e-17
3.34652e+01 7.07144e-17
3.60416e+01 6.29689e-17
3.88163e+01 5.48943e-17
4.18047e+01 4.65888e-17
4.50231e+01 3.83240e-17
4.84894e+01 2.99554e-17
5.22224e+01 2.14699e-17
5.62429e+01 1.32843e-17
6.05729e+01 6.17372e-18
6.52363e+01 1.57675e-18
7.02587e+01 8.45291e-20
7.56677e+01 6.26111e-24
8.14932e+01 0.00000e+00
