3.17098e-05 8.16329e-18
3.42207e-05 8.17032e-18
3.69304e-05 8.16111e-18
3.98548e-05 8.16234e-18
4.30106e-05 8.15919e-18
4.64164e-05 8.16346e-18
5.00918e-05 8.16577e-18
5.40583e-05 8.16734e-18
5.83389e-05 8.16087e-18
6.29584e-05 8.15951e-18
6.79437e-05 8.17030e-18
7.33238e-05 8.15937e-18
7.91298e-05 8.16221e-18
8.53957e-05 8.16255e-18
9.21577e-05 8.16613e-18
9.94551e-05 8.15689e-18
1.07330e-04 8.16542e-18
1.15829e-04 8.15851e-18
1.25001e-04 8.16386e-18
1.34899e-04 8.16420e-18
1.45581e-04 8.16260e-18
1.57109e-04 8.16129e-18
1.69549e-04 8.17052e-18
1.82975e-04 8.16331e-18
1.97464e-04 8.17329e-18
2.13100e-04 8.16208e-18
2.29974e-04 8.16263e-18
2.48184e-04 8.16140e-18
2.67836e-04 8.16096e-18
2.89045e-04 8.15852e-18
3.11932e-04 8.16361e-18
3.36633e-04 8.16393e-18
3.63289e-04 8.15809e-18
3.92055e-04 8.15919e-18
4.23100e-04 8.16399e-18
4.56603e-04 8.16828e-18
4.92758e-04 8.16463e-18
5.31777e-04 8.16018e-18
5.73885e-04 8.16630e-18
6.19328e-04 8.16731e-18
6.68369e-04 8.16288e-18
7.21293e-04 8.16607e-18
7.78408e-04 8.16289e-18
8.40046e-04 8.16046e-18
9.06564e-04 8.16927e-18
9.78350e-04 8.16297e-18
1.05582e-03 8.17395e-18
1.13942e-03 8.16910e-18
1.22965e-03 8.16726e-18
1.32702e-03 8.16744e-18
1.43210e-03 8.16205e-18
1.54550e-03 8.16957e-18
1.66787e-03 8.16536e-18
1.79994e-03 8.16102e-18
1.94247e-03 8.17263e-18
2.09628e-03 8.16877e-18
2.26228e-03 8.16964e-18
2.44141e-03 8.17492e-18
2.63473e-03 8.16926e-18
2.84336e-03 8.16349e-18
3.06851e-03 8.17285e-18
3.31149e-03 8.16245e-18
3.57371e-03 8.17080e-18
3.85669e-03 8.17234e-18
4.16208e-03 8.17599e-18
4.49165e-03 8.17169e-18
4.84732e-03 8.17671e-18
5.23115e-03 8.18044e-18
5.64537e-03 8.17538e-18
6.09239e-03 8.18207e-18
6.57482e-03 8.17446e-18
7.09544e-03 8.18342e-18
7.65728e-03 8.17620e-18
8.26362e-03 8.17961e-18
8.91797e-03 8.17995e-18
9.62413e-03 8.18244e-18
1.03862e-02 8.18682e-18
1.12086e-02 8.18893e-18
1.20962e-02 8.19259e-18
1.30540e-02 8.19341e-18
1.40877e-02 8.19425e-18
1.52032e-02 8.19438e-18
1.64070e-02 8.20134e-18
1.77062e-02 8.19691e-18
1.91083e-02 8.20552e-18
2.06214e-02 8.20659e-18
2.22542e-02 8.21866e-18
2.40164e-02 8.22110e-18
2.59181e-02 8.22217e-18
2.79705e-02 8.23205e-18
3.01853e-02 8.23366e-18
3.25755e-02 8.23663e-18
3.51549e-02 8.24586e-18
3.79386e-02 8.24003e-18
4.09428e-02 8.26043e-18
4.41848e-02 8.26609e-18
4.76835e-02 8.27202e-18
5.14593e-02 8.27966e-18
5.55341e-02 8.29448e-18
5.99315e-02 8.30186e-18
6.46771e-02 8.31839e-18
6.97985e-02 8.33016e-18
7.53255e-02 8.34008e-18
8.12901e-02 8.35541e-18
8.77270e-02 8.36572e-18
9.46736e-02 8.38997e-18
1.02170e-01 8.41081e-18
1.10260e-01 8.42766e-18
1.18991e-01 8.44341e-18
1.28414e-01 8.47452e-18
1.38582e-01 8.49775e-18
1.49555e-01 8.52715e-18
1.61398e-01 8.56211e-18
1.74178e-01 8.59641e-18
1.87970e-01 8.63153e-18
2.02854e-01 8.67095e-18
2.18917e-01 8.71615e-18
2.36252e-01 8.76062e-18
2.54959e-01 8.81589e-18
2.75148e-01 8.87569e-18
2.96936e-01 8.94431e-18
3.20448e-01 9.02851e-18
3.45823e-01 9.10278e-18
3.73206e-01 9.19951e-18
4.02758e-01 9.29463e-18
4.34650e-01 9.41659e-18
4.69068e-01 9.54769e-18
5.06211e-01 9.69878e-18
5.46295e-01 9.86204e-18
5.89552e-01 1.00684e-17
6.36236e-01 1.03008e-17
6.86616e-01 1.05716e-17
7.40985e-01 1.09029e-17
7.99659e-01 1.12839e-17
8.62979e-01 1.17625e-17
9.31314e-01 1.23800e-17
1.00506e+00 1.31484e-17
1.08464e+00 1.42307e-17
1.17053e+00 1.56996e-17
1.26322e+00 1.79098e-17
1.36324e+00 2.09245e-17
1.47119e+00 2.40638e-17
1.58769e+00 2.66697e-17
1.71341e+00 2.86857e-17
1.84908e+00 3.04291e-17
1.99550e+00 3.21393e-17
2.15351e+00 3.39841e-17
2.32404e+00 3.71979e-17
2.50806e+00 4.84025e-17
2.70666e+00 4.62842e-17
2.92099e+00 4.50861e-17
3.15228e+00 4.43690e-17
3.40189e+00 4.37647e-17
3.67127e+00 4.31776e-17
3.96198e+00 4.27940e-17
4.27570e+00 4.23385e-17
4.61427e+00 4.20317e-17
4.97965e+00 4.17396e-17
5.37396e+00 4.13632e-17
5.79949e+00 4.11412e-17
6.25872e+00 4.09176e-17
6.75431e+00 4.06976e-17
7.28914e+00 4.04397e-17
7.86633e+00 4.02911e-17
8.48922e+00 4.00735e-17
9.16143e+00 3.99182e-17
9.88687e+00 3.97460e-17
1.06698e+01 3.96243e-17
1.15146e+01 3.95204e-17
1.24264e+01 3.94076e-17
1.34104e+01 3.92535e-17
1.44723e+01 3.91656e-17
1.56182e+01 3.90737e-17
1.68550e+01 3.89914e-17
1.81896e+01 3.89141e-17
1.96299e+01 3.88021e-17
2.11843e+01 3.87508e-17
2.28618e+01 3.86146e-17
2.46721e+01 3.85534e-17
2.66257e+01 3.84534e-17
2.87340e+01 3.82262e-17
3.10093e+01 3.80327e-17
3.34648e+01 3.78214e-17
3.61147e+01 3.75184e-17
3.89744e+01 3.71511e-17
4.20605e+01 3.66151e-17
4.53910e+01 3.59822e-17
4.89853e+01 3.51869e-17
5.28642e+01 3.41603e-17
5.70502e+01 3.28176e-17
6.15676e+01 3.10620e-17
6.64428e+01 2.86819e-17
7.17040e+01 2.53530e-17
7.73819e+01 2.07523e-17
8.35093e+01 1.46803e-17
9.01219e+01 7.81176e-18
9.72581e+01 2.28780e-18
1.04959e+02 1.43125e-19
1.13271e+02 1.42259e-23
1.22240e+02 0.00000e+00
