3.17098e-05 1.51815e-17
3.41674e-05 1.51946e-17
3.68155e-05 1.51724e-17
3.96688e-05 1.51913e-17
4.27433e-05 1.51934e-17
4.60561e-05 1.51806e-17
4.96256e-05 1.51887e-17
5.34717e-05 1.51752e-17
5.76160e-05 1.51870e-17
6.20814e-05 1.51813e-17
6.68930e-05 1.51904e-17
7.20774e-05 1.51834e-17
7.76636e-05 1.51772e-17
8.36828e-05 1.51763e-17
9.01686e-05 1.51797e-17
9.71569e-05 1.51767e-17
1.04687e-04 1.51855e-17
1.12801e-04 1.51819e-17
1.21543e-04 1.51894e-17
1.30963e-04 1.51822e-17
1.41113e-04 1.51814e-17
1.52050e-04 1.51902e-17
1.63834e-04 1.51731e-17
1.76532e-04 1.51791e-17
1.90214e-04 1.51865e-17
2.04956e-04 1.51913e-17
2.20841e-04 1.51809e-17
2.37957e-04 1.51722e-17
2.56399e-04 1.51751e-17
2.76271e-04 1.51892e-17
2.97683e-04 1.51794e-17
3.20755e-04 1.51813e-17
3.45614e-04 1.51851e-17
3.72401e-04 1.51894e-17
4.01263e-04 1.51961e-17
4.32362e-04 1.51855e-17
4.65872e-04 1.51788e-17
5.01979e-04 1.51787e-17
5.40884e-04 1.51886e-17
5.82804e-04 1.51823e-17
6.27973e-04 1.51861e-17
6.76644e-04 1.51794e-17
7.29086e-04 1.52020e-17
7.85593e-04 1.51836e-17
8.46479e-04 1.51821e-17
9.12084e-04 1.51776e-17
9.82774e-04 1.51833e-17
1.05894e-03 1.51873e-17
1.14101e-03 1.51839e-17
1.22945e-03 1.51973e-17
1.32473e-03 1.51912e-17
1.42740e-03 1.51787e-17
1.53803e-03 1.51832e-17
1.65724e-03 1.51855e-17
1.78568e-03 1.51835e-17
1.92407e-03 1.51950e-17
2.07320e-03 1.51805e-17
2.23388e-03 1.51875e-17
2.40701e-03 1.51949e-17
2.59356e-03 1.51834e-17
2.79457e-03 1.51878e-17
3.01116e-03 1.51850e-17
3.24454e-03 1.51927e-17
3.49600e-03 1.52126e-17
3.76695e-03 1.51960e-17
4.05890e-03 1.51977e-17
4.37348e-03 1.52001e-17
4.71244e-03 1.52133e-17
5.07767e-03 1.52007e-17
5.47121e-03 1.52057e-17
5.89525e-03 1.52084e-17
6.35215e-03 1.52218e-17
6.84447e-03 1.52146e-17
7.37494e-03 1.52098e-17
7.94652e-03 1.52292e-17
8.56240e-03 1.52333e-17
9.22602e-03 1.52266e-17
9.94107e-03 1.52178e-17
1.07115e-02 1.52254e-17
1.15417e-02 1.52301e-17
1.24362e-02 1.52326e-17
1.34001e-02 1.52488e-17
1.44386e-02 1.52414e-17
1.55577e-02 1.52467e-17
1.67635e-02 1.52511e-17
1.80627e-02 1.52692e-17
1.94626e-02 1.52739e-17
2.09710e-02 1.52723e-17
2.25964e-02 1.52820e-17
2.43477e-02 1.53023e-17
2.62347e-02 1.53077e-17
2.82680e-02 1.53193e-17
3.04589e-02 1.53227e-17
3.28195e-02 1.53289e-17
3.53631e-02 1.53503e-17
3.81039e-02 1.53478e-17
4.10571e-02 1.53704e-17
4.42392e-02 1.53945e-17
4.76679e-02 1.53911e-17
5.13623e-02 1.54175e-17
5.53430e-02 1.54480e-17
5.96323e-02 1.54601e-17
6.42540e-02 1.54859e-17
6.92340e-02 1.55173e-17
7.45998e-02 1.55235e-17
8.03816e-02 1.55622e-17
8.66114e-02 1.56000e-17
9.33241e-02 1.56367e-17
1.00557e-01 1.56773e-17
1.08351e-01 1.57049e-17
1.16748e-01 1.57461e-17
1.25797e-01 1.57941e-17
1.35546e-01 1.58511e-17
1.46052e-01 1.59080e-17
1.57371e-01 1.59582e-17
1.69568e-01 1.60361e-17
1.82710e-01 1.61196e-17
1.96871e-01 1.62017e-17
2.12129e-01 1.62775e-17
2.28570e-01 1.63673e-17
2.46284e-01 1.64912e-17
2.65372e-01 1.66103e-17
2.85940e-01 1.67290e-17
3.08101e-01 1.68939e-17
3.31980e-01 1.70382e-17
3.57710e-01 1.72306e-17
3.85433e-01 1.74348e-17
4.15306e-01 1.76792e-17
4.47493e-01 1.79166e-17
4.82176e-01 1.82202e-17
5.19546e-01 1.85580e-17
5.59813e-01 1.89514e-17
6.03200e-01 1.94062e-17
6.49950e-01 1.99197e-17
7.00324e-01 2.05646e-17
7.54601e-01 2.13463e-17
8.13085e-01 2.22751e-17
8.76102e-01 2.34701e-17
9.44003e-01 2.50178e-17
1.01717e+00 2.70798e-17
1.09600e+00 3.00271e-17
1.18094e+00 3.43685e-17
1.27247e+00 4.12564e-17
1.37109e+00 5.15155e-17
1.47736e+00 6.39617e-17
1.59186e+00 7.74780e-17
1.71523e+00 9.92834e-17
1.84817e+00 1.61602e-16
1.99141e+00 1.49959e-16
2.14575e+00 1.43830e-16
2.31205e+00 1.39654e-16
2.49125e+00 1.36460e-16
2.68433e+00 1.33627e-16
2.89237e+00 1.31036e-16
3.11654e+00 1.28952e-16
3.35808e+00 1.27252e-16
3.61835e+00 1.25310e-16
3.89878e+00 1.23600e-16
4.20095e+00 1.22447e-16
4.52654e+00 1.20939e-16
4.87736e+00 1.19490e-16
5.25537e+00 1.18259e-16
5.66268e+00 1.16726e-16
6.10156e+00 1.15723e-16
6.57445e+00 1.14710e-16
7.08400e+00 1.13406e-16
7.63303e+00 1.12467e-16
8.22462e+00 1.11380e-16
8.86206e+00 1.10195e-16
9.54890e+00 1.09182e-16
1.02890e+01 1.08176e-16
1.10864e+01 1.07049e-16
1.19456e+01 1.05920e-16
1.28715e+01 1.04725e-16
1.38690e+01 1.03436e-16
1.49439e+01 1.02267e-16
1.61022e+01 1.00814e-16
1.73501e+01 9.94345e-17
1.86948e+01 9.77881e-17
2.01437e+01 9.59028e-17
2.17050e+01 9.39320e-17
2.33872e+01 9.16328e-17
2.51997e+01 8.91670e-17
2.71528e+01 8.62531e-17
2.92573e+01 8.28898e-17
3.15248e+01 7.91237e-17
3.39681e+01 7.46719e-17
3.66007e+01 6.96963e-17
3.94374e+01 6.38130e-17
4.24940e+01 5.70048e-17
4.57874e+01 4.94375e-17
4.93361e+01 4.10209e-17
5.31598e+01 3.20185e-17
5.72799e+01 2.28246e-17
6.17192e+01 1.39439e-17
6.65027e+01 6.42994e-18
7.16569e+01 1.63763e-18
7.72106e+01 8.89381e-20
8.31946e+01 6.99756e-24
8.96425e+01 0.00000e+00
