3.17098e-05 1.08676e-17
3.41961e-05 1.08695e-17
3.68774e-05 1.08767e-17
3.97689e-05 1.08718e-17
4.28871e-05 1.08683e-17
4.62498e-05 1.08725e-17
4.98762e-05 1.08700e-17
5.37869e-05 1.08778e-17
5.80042e-05 1.08750e-17
6.25522e-05 1.08637e-17
6.74569e-05 1.08682e-17
7.27460e-05 1.08732e-17
7.84499e-05 1.08729e-17
8.46011e-05 1.08726e-17
9.12345e-05 1.08669e-17
9.83881e-05 1.08737e-17
1.06103e-04 1.08698e-17
1.14422e-04 1.08674e-17
1.23394e-04 1.08751e-17
1.33069e-04 1.08671e-17
1.43502e-04 1.08726e-17
1.54754e-04 1.08695e-17
1.66888e-04 1.08733e-17
1.79974e-04 1.08779e-17
1.94085e-04 1.08665e-17
2.09303e-04 1.08711e-17
2.25714e-04 1.08745e-17
2.43412e-04 1.08794e-17
2.62497e-04 1.08735e-17
2.83079e-04 1.08652e-17
3.05275e-04 1.08673e-17
3.29211e-04 1.08674e-17
3.55024e-04 1.08687e-17
3.82861e-04 1.08656e-17
4.12881e-04 1.08717e-17
4.45254e-04 1.08716e-17
4.80166e-04 1.08639e-17
5.17815e-04 1.08748e-17
5.58416e-04 1.08700e-17
6.02200e-04 1.08696e-17
6.49418e-04 1.08727e-17
7.00338e-04 1.08733e-17
7.55250e-04 1.08779e-17
8.14468e-04 1.08776e-17
8.78329e-04 1.08713e-17
9.47198e-04 1.08710e-17
1.02147e-03 1.08760e-17
1.10156e-03 1.08720e-17
1.18793e-03 1.08765e-17
1.28107e-03 1.08719e-17
1.38152e-03 1.08603e-17
1.48984e-03 1.08743e-17
1.60666e-03 1.08690e-17
1.73263e-03 1.08738e-17
1.86849e-03 1.08655e-17
2.01499e-03 1.08773e-17
2.17298e-03 1.08727e-17
2.34337e-03 1.08784e-17
2.52710e-03 1.08910e-17
2.72525e-03 1.08732e-17
2.93893e-03 1.08662e-17
3.16937e-03 1.08831e-17
3.41788e-03 1.08823e-17
3.68587e-03 1.08779e-17
3.97487e-03 1.08804e-17
4.28653e-03 1.08799e-17
4.62263e-03 1.08815e-17
4.98509e-03 1.08835e-17
5.37596e-03 1.08930e-17
5.79748e-03 1.08864e-17
6.25205e-03 1.08899e-17
6.74226e-03 1.08876e-17
7.27091e-03 1.08910e-17
7.84102e-03 1.08941e-17
8.45582e-03 1.08895e-17
9.11882e-03 1.08999e-17
9.83382e-03 1.08988e-17
1.06049e-02 1.09081e-17
1.14364e-02 1.09177e-17
1.23331e-02 1.09082e-17
1.33001e-02 1.09095e-17
1.43430e-02 1.09167e-17
1.54676e-02 1.09176e-17
1.66803e-02 1.09189e-17
1.79882e-02 1.09223e-17
1.93987e-02 1.09309e-17
2.09197e-02 1.09349e-17
2.25600e-02 1.09329e-17
2.43288e-02 1.09443e-17
2.62364e-02 1.09567e-17
2.82936e-02 1.09588e-17
3.05120e-02 1.09652e-17
3.29044e-02 1.09683e-17
3.54844e-02 1.09773e-17
3.82667e-02 1.09908e-17
4.12671e-02 1.09980e-17
4.45028e-02 1.10149e-17
4.79922e-02 1.10305e-17
5.17552e-02 1.10356e-17
5.58133e-02 1.10486e-17
6.01895e-02 1.10520e-17
6.49089e-02 1.10716e-17
6.99983e-02 1.10914e-17
7.54867e-02 1.11061e-17
8.14055e-02 1.11314e-17
8.77884e-02 1.11589e-17
9.46717e-02 1.11764e-17
1.02095e-01 1.11976e-17
1.10100e-01 1.12287e-17
1.18733e-01 1.12626e-17
1.28042e-01 1.12953e-17
1.38082e-01 1.13300e-17
1.48909e-01 1.13692e-17
1.60584e-01 1.14227e-17
1.73176e-01 1.14601e-17
1.86754e-01 1.15060e-17
2.01397e-01 1.15785e-17
2.17188e-01 1.16317e-17
2.34218e-01 1.16960e-17
2.52582e-01 1.17771e-17
2.72387e-01 1.18631e-17
2.93744e-01 1.19487e-17
3.16776e-01 1.20423e-17
3.41614e-01 1.21619e-17
3.68400e-01 1.22963e-17
3.97285e-01 1.24190e-17
4.28436e-01 1.25948e-17
4.62029e-01 1.27674e-17
4.98256e-01 1.29808e-17
5.37323e-01 1.32201e-17
5.79454e-01 1.34825e-17
6.24888e-01 1.38142e-17
6.73884e-01 1.41802e-17
7.26723e-01 1.46279e-17
7.83704e-01 1.51568e-17
8.45153e-01 1.58266e-17
9.11420e-01 1.66682e-17
9.82883e-01 1.77484e-17
1.05995e+00 1.91967e-17
1.14306e+00 2.12474e-17
1.23268e+00 2.43209e-17
1.32934e+00 2.87873e-17
1.43357e+00 3.41803e-17
1.54597e+00 3.91904e-17
1.66719e+00 4.34583e-17
1.79791e+00 4.75868e-17
1.93888e+00 5.26026e-17
2.09091e+00 9.06037e-17
2.25485e+00 7.88491e-17
2.43165e+00 7.54569e-17
2.62231e+00 7.37037e-17
2.82792e+00 7.19492e-17
3.04966e+00 7.08721e-17
3.28878e+00 6.99507e-17
3.54664e+00 6.90521e-17
3.82473e+00 6.82451e-17
4.12462e+00 6.76209e-17
4.44803e+00 6.69714e-17
4.79679e+00 6.63721e-17
5.17290e+00 6.58822e-17
5.57850e+00 6.53262e-17
6.01590e+00 6.49060e-17
6.48759e+00 6.45014e-17
6.99628e+00 6.40550e-17
7.54484e+00 6.36401e-17
8.13642e+00 6.32250e-17
8.77439e+00 6.28889e-17
9.46237e+00 6.25937e-17
1.02043e+01 6.23203e-17
1.10044e+01 6.19947e-17
1.18672e+01 6.17115e-17
1.27977e+01 6.13230e-17
1.38012e+01 6.11584e-17
1.48833e+01 6.08820e-17
1.60503e+01 6.06004e-17
1.73088e+01 6.03605e-17
1.86659e+01 5.99842e-17
2.01295e+01 5.96461e-17
2.17078e+01 5.91716e-17
2.34099e+01 5.87980e-17
2.52454e+01 5.83506e-17
2.72249e+01 5.77881e-17
2.93595e+01 5.71526e-17
3.16616e+01 5.62195e-17
3.41441e+01 5.52429e-17
3.68213e+01 5.41524e-17
3.97084e+01 5.27314e-17
4.28219e+01 5.09663e-17
4.61794e+01 4.88185e-17
4.98003e+01 4.60484e-17
5.37051e+01 4.25456e-17
5.79160e+01 3.80572e-17
6.24571e+01 3.21104e-17
6.73543e+01 2.46758e-17
7.26354e+01 1.60110e-17
7.83306e+01 7.65375e-18
8.44724e+01 1.97306e-18
9.10958e+01 1.08867e-19
9.82384e+01 9.44808e-24
1.05941e+02 0.00000e+00
