3.17098e-05 2.54102e-17
3.41232e-05 2.54205e-17
3.67202e-05 2.54347e-17
3.95150e-05 2.54234e-17
4.25224e-05 2.54334e-17
4.57587e-05 2.54313e-17
4.92413e-05 2.54353e-17
5.29890e-05 2.54252e-17
5.70219e-05 2.54226e-17
6.13617e-05 2.54412e-17
6.60319e-05 2.54290e-17
7.10574e-05 2.54181e-17
7.64655e-05 2.54168e-17
8.22852e-05 2.54241e-17
8.85478e-05 2.54323e-17
9.52870e-05 2.54186e-17
1.02539e-04 2.54229e-17
1.10343e-04 2.54226e-17
1.18741e-04 2.54286e-17
1.27778e-04 2.54362e-17
1.37503e-04 2.54192e-17
1.47969e-04 2.54174e-17
1.59230e-04 2.54262e-17
1.71349e-04 2.54320e-17
1.84390e-04 2.54283e-17
1.98424e-04 2.54207e-17
2.13526e-04 2.54328e-17
2.29777e-04 2.54177e-17
2.47265e-04 2.54293e-17
2.66083e-04 2.54264e-17
2.86335e-04 2.54089e-17
3.08127e-04 2.54202e-17
3.31578e-04 2.54314e-17
3.56814e-04 2.54217e-17
3.83971e-04 2.54329e-17
4.13194e-04 2.54177e-17
4.44641e-04 2.54213e-17
4.78482e-04 2.54118e-17
5.14899e-04 2.54394e-17
5.54087e-04 2.54169e-17
5.96258e-04 2.54351e-17
6.41638e-04 2.54487e-17
6.90472e-04 2.54250e-17
7.43023e-04 2.54111e-17
7.99573e-04 2.54330e-17
8.60427e-04 2.54126e-17
9.25913e-04 2.54372e-17
9.96382e-04 2.54343e-17
1.07222e-03 2.54427e-17
1.15382e-03 2.54306e-17
1.24164e-03 2.54228e-17
1.33613e-03 2.54447e-17
1.43783e-03 2.54088e-17
1.54726e-03 2.54559e-17
1.66502e-03 2.54382e-17
1.79174e-03 2.54376e-17
1.92810e-03 2.54281e-17
2.07485e-03 2.54338e-17
2.23276e-03 2.54614e-17
2.40269e-03 2.54530e-17
2.58556e-03 2.54475e-17
2.78234e-03 2.54480e-17
2.99410e-03 2.54391e-17
3.22198e-03 2.54508e-17
3.46720e-03 2.54358e-17
3.73108e-03 2.54432e-17
4.01504e-03 2.54625e-17
4.32062e-03 2.54390e-17
4.64946e-03 2.54725e-17
5.00332e-03 2.54639e-17
5.38412e-03 2.54578e-17
5.79389e-03 2.54867e-17
6.23486e-03 2.54910e-17
6.70938e-03 2.54830e-17
7.22002e-03 2.54890e-17
7.76953e-03 2.54963e-17
8.36085e-03 2.55051e-17
8.99718e-03 2.55055e-17
9.68194e-03 2.54895e-17
1.04188e-02 2.55154e-17
1.12118e-02 2.55262e-17
1.20651e-02 2.55209e-17
1.29833e-02 2.55399e-17
1.39715e-02 2.55555e-17
1.50348e-02 2.55487e-17
1.61791e-02 2.55636e-17
1.74105e-02 2.55694e-17
1.87356e-02 2.55659e-17
2.01615e-02 2.55832e-17
2.16960e-02 2.56113e-17
2.33472e-02 2.56164e-17
2.51241e-02 2.56265e-17
2.70363e-02 2.56560e-17
2.90940e-02 2.56612e-17
3.13082e-02 2.56934e-17
3.36911e-02 2.57202e-17
3.62552e-02 2.57298e-17
3.90146e-02 2.57688e-17
4.19839e-02 2.57761e-17
4.51792e-02 2.58163e-17
4.86178e-02 2.58584e-17
5.23180e-02 2.58885e-17
5.62998e-02 2.58990e-17
6.05847e-02 2.59515e-17
6.51957e-02 2.59927e-17
7.01576e-02 2.60320e-17
7.54972e-02 2.60841e-17
8.12432e-02 2.61595e-17
8.74265e-02 2.61976e-17
9.40804e-02 2.62582e-17
1.01241e-01 2.63437e-17
1.08946e-01 2.64134e-17
1.17238e-01 2.64650e-17
1.26160e-01 2.65853e-17
1.35762e-01 2.66700e-17
1.46095e-01 2.67943e-17
1.57214e-01 2.68832e-17
1.69179e-01 2.70332e-17
1.82055e-01 2.71732e-17
1.95911e-01 2.72976e-17
2.10822e-01 2.74572e-17
2.26867e-01 2.76407e-17
2.44133e-01 2.78492e-17
2.62714e-01 2.80942e-17
2.82709e-01 2.83151e-17
3.04225e-01 2.85819e-17
3.27379e-01 2.88845e-17
3.52296e-01 2.92429e-17
3.79108e-01 2.96044e-17
4.07962e-01 3.00555e-17
4.39011e-01 3.05525e-17
4.72423e-01 3.11208e-17
5.08379e-01 3.17394e-17
5.47071e-01 3.25053e-17
5.88707e-01 3.33850e-17
6.33513e-01 3.44133e-17
6.81728e-01 3.57181e-17
7.33614e-01 3.72672e-17
7.89448e-01 3.91907e-17
8.49531e-01 4.17572e-17
9.14188e-01 4.50732e-17
9.83765e-01 4.97861e-17
1.05864e+00 5.69682e-17
1.13921e+00 6.88532e-17
1.22591e+00 9.27540e-17
1.31921e+00 1.61873e-16
1.41962e+00 4.81013e-16
1.52766e+00 4.18542e-16
1.64393e+00 3.86594e-16
1.76905e+00 3.64806e-16
1.90369e+00 3.47262e-16
2.04857e+00 3.32429e-16
2.20449e+00 3.20404e-16
2.37227e+00 3.08871e-16
2.55282e+00 2.98210e-16
2.74711e+00 2.88851e-16
2.95619e+00 2.79189e-16
3.18118e+00 2.70387e-16
3.42329e+00 2.62624e-16
3.68383e+00 2.54813e-16
3.96420e+00 2.47478e-16
4.26591e+00 2.39537e-16
4.59058e+00 2.32934e-16
4.93996e+00 2.25426e-16
5.31594e+00 2.18398e-16
5.72052e+00 2.11213e-16
6.15590e+00 2.04284e-16
6.62442e+00 1.97391e-16
7.12859e+00 1.90643e-16
7.67114e+00 1.84485e-16
8.25498e+00 1.77375e-16
8.88325e+00 1.70952e-16
9.55934e+00 1.64110e-16
1.02869e+01 1.57550e-16
1.10698e+01 1.50947e-16
1.19123e+01 1.44286e-16
1.28189e+01 1.37357e-16
1.37946e+01 1.30816e-16
1.48444e+01 1.24226e-16
1.59742e+01 1.17470e-16
1.71900e+01 1.10796e-16
1.84983e+01 1.04276e-16
1.99062e+01 9.75832e-17
2.14212e+01 9.10930e-17
2.30515e+01 8.43683e-17
2.48060e+01 7.78286e-17
2.66939e+01 7.12497e-17
2.87255e+01 6.46587e-17
3.09118e+01 5.79496e-17
3.32644e+01 5.11810e-17
3.57961e+01 4.42118e-17
3.85205e+01 3.70763e-17
4.14523e+01 2.95290e-17
4.46071e+01 2.15362e-17
4.80021e+01 1.34742e-17
5.16555e+01 6.28765e-18
5.55869e+01 1.59527e-18
5.98175e+01 8.31813e-20
6.43701e+01 5.49580e-24
6.92692e+01 0.00000e+00
