3.17098e-05 2.42668e-17
3.41272e-05 2.42900e-17
3.67288e-05 2.42776e-17
3.95288e-05 2.42591e-17
4.25423e-05 2.42694e-17
4.57854e-05 2.42862e-17
4.92758e-05 2.42572e-17
5.30323e-05 2.42602e-17
5.70752e-05 2.42611e-17
6.14263e-05 2.42565e-17
6.61091e-05 2.42935e-17
7.11488e-05 2.42824e-17
7.65728e-05 2.42697e-17
8.24103e-05 2.42732e-17
8.86928e-05 2.42507e-17
9.54542e-05 2.42686e-17
1.02731e-04 2.42623e-17
1.10563e-04 2.42699e-17
1.18991e-04 2.42744e-17
1.28063e-04 2.42779e-17
1.37825e-04 2.42564e-17
1.48332e-04 2.42762e-17
1.59640e-04 2.42817e-17
1.71810e-04 2.42702e-17
1.84908e-04 2.42736e-17
1.99004e-04 2.42727e-17
2.14175e-04 2.42664e-17
2.30503e-04 2.42869e-17
2.48075e-04 2.42619e-17
2.66987e-04 2.42742e-17
2.87340e-04 2.42751e-17
3.09245e-04 2.42855e-17
3.32820e-04 2.42649e-17
3.58193e-04 2.42814e-17
3.85499e-04 2.42726e-17
4.14887e-04 2.42803e-17
4.46516e-04 2.42722e-17
4.80556e-04 2.42656e-17
5.17191e-04 2.42830e-17
5.56618e-04 2.42770e-17
5.99052e-04 2.42698e-17
6.44720e-04 2.42833e-17
6.93869e-04 2.42719e-17
7.46766e-04 2.42544e-17
8.03695e-04 2.42608e-17
8.64964e-04 2.42616e-17
9.30904e-04 2.42737e-17
1.00187e-03 2.42651e-17
1.07825e-03 2.42712e-17
1.16045e-03 2.42866e-17
1.24891e-03 2.42920e-17
1.34412e-03 2.42882e-17
1.44659e-03 2.42959e-17
1.55687e-03 2.42777e-17
1.67556e-03 2.42847e-17
1.80329e-03 2.42822e-17
1.94076e-03 2.42730e-17
2.08872e-03 2.42779e-17
2.24795e-03 2.42777e-17
2.41932e-03 2.42687e-17
2.60375e-03 2.42810e-17
2.80225e-03 2.42947e-17
3.01587e-03 2.42993e-17
3.24579e-03 2.42896e-17
3.49323e-03 2.42867e-17
3.75953e-03 2.42963e-17
4.04613e-03 2.43134e-17
4.35459e-03 2.43175e-17
4.68656e-03 2.43043e-17
5.04383e-03 2.43094e-17
5.42834e-03 2.43205e-17
5.84217e-03 2.43201e-17
6.28754e-03 2.43274e-17
6.76687e-03 2.43627e-17
7.28273e-03 2.43379e-17
7.83793e-03 2.43303e-17
8.43544e-03 2.43372e-17
9.07851e-03 2.43496e-17
9.77061e-03 2.43385e-17
1.05155e-02 2.43333e-17
1.13171e-02 2.43724e-17
1.21798e-02 2.43711e-17
1.31084e-02 2.43827e-17
1.41077e-02 2.43832e-17
1.51832e-02 2.43832e-17
1.63406e-02 2.43992e-17
1.75863e-02 2.44148e-17
1.89270e-02 2.44314e-17
2.03699e-02 2.44617e-17
2.19228e-02 2.44396e-17
2.35941e-02 2.44775e-17
2.53927e-02 2.44866e-17
2.73285e-02 2.44906e-17
2.94119e-02 2.45223e-17
3.16541e-02 2.45536e-17
3.40672e-02 2.45371e-17
3.66643e-02 2.45642e-17
3.94594e-02 2.45769e-17
4.24675e-02 2.46094e-17
4.57050e-02 2.46423e-17
4.91893e-02 2.46741e-17
5.29392e-02 2.47116e-17
5.69749e-02 2.47311e-17
6.13184e-02 2.47695e-17
6.59929e-02 2.48198e-17
7.10239e-02 2.48729e-17
7.64383e-02 2.49081e-17
8.22655e-02 2.49641e-17
8.85370e-02 2.50190e-17
9.52865e-02 2.50909e-17
1.02551e-01 2.51372e-17
1.10368e-01 2.52192e-17
1.18782e-01 2.52962e-17
1.27838e-01 2.53660e-17
1.37583e-01 2.54692e-17
1.48072e-01 2.55736e-17
1.59360e-01 2.56512e-17
1.71508e-01 2.57949e-17
1.84583e-01 2.59185e-17
1.98655e-01 2.60558e-17
2.13799e-01 2.62329e-17
2.30098e-01 2.63989e-17
2.47639e-01 2.65906e-17
2.66518e-01 2.68014e-17
2.86835e-01 2.70550e-17
3.08702e-01 2.73105e-17
3.32236e-01 2.75753e-17
3.57564e-01 2.79359e-17
3.84822e-01 2.83110e-17
4.14159e-01 2.87036e-17
4.45732e-01 2.91801e-17
4.79712e-01 2.97167e-17
5.16282e-01 3.03558e-17
5.55640e-01 3.10976e-17
5.97999e-01 3.19068e-17
6.43587e-01 3.29658e-17
6.92650e-01 3.41742e-17
7.45454e-01 3.56838e-17
8.02283e-01 3.75867e-17
8.63445e-01 3.99769e-17
9.29268e-01 4.33340e-17
1.00011e+00 4.79592e-17
1.07635e+00 5.50543e-17
1.15841e+00 6.67940e-17
1.24672e+00 8.99228e-17
1.34176e+00 1.51429e-16
1.44405e+00 4.70673e-16
1.55413e+00 4.06031e-16
1.67261e+00 3.75250e-16
1.80012e+00 3.55249e-16
1.93735e+00 3.38093e-16
2.08505e+00 3.24774e-16
2.24400e+00 3.12919e-16
2.41507e+00 3.02563e-16
2.59918e+00 2.92872e-16
2.79732e+00 2.83960e-16
3.01058e+00 2.75696e-16
3.24008e+00 2.67370e-16
3.48709e+00 2.59736e-16
3.75292e+00 2.52917e-16
4.03903e+00 2.45228e-16
4.34694e+00 2.38690e-16
4.67832e+00 2.31473e-16
5.03497e+00 2.25600e-16
5.41881e+00 2.18536e-16
5.83191e+00 2.11942e-16
6.27650e+00 2.05840e-16
6.75498e+00 1.99138e-16
7.26994e+00 1.92855e-16
7.82416e+00 1.86435e-16
8.42062e+00 1.79707e-16
9.06256e+00 1.73191e-16
9.75344e+00 1.66474e-16
1.04970e+01 1.60150e-16
1.12972e+01 1.53286e-16
1.21584e+01 1.46808e-16
1.30853e+01 1.40094e-16
1.40829e+01 1.33389e-16
1.51565e+01 1.26556e-16
1.63119e+01 1.19679e-16
1.75555e+01 1.13046e-16
1.88938e+01 1.06112e-16
2.03341e+01 9.90805e-17
2.18843e+01 9.24619e-17
2.35526e+01 8.56042e-17
2.53481e+01 7.85472e-17
2.72805e+01 7.18823e-17
2.93602e+01 6.50709e-17
3.15985e+01 5.81880e-17
3.40074e+01 5.12510e-17
3.65999e+01 4.42415e-17
3.93900e+01 3.69652e-17
4.23929e+01 2.93246e-17
4.56247e+01 2.13760e-17
4.91029e+01 1.33739e-17
5.28462e+01 6.23857e-18
5.68749e+01 1.58436e-18
6.12107e+01 8.30789e-20
6.58770e+01 5.57245e-24
7.08991e+01 0.00000e+00
