3.17098e-05 2.32107e-17
3.41311e-05 2.31905e-17
3.67372e-05 2.32053e-17
3.95424e-05 2.31859e-17
4.25617e-05 2.31963e-17
4.58116e-05 2.31893e-17
4.93096e-05 2.31923e-17
5.30748e-05 2.31884e-17
5.71274e-05 2.32009e-17
6.14895e-05 2.31917e-17
6.61846e-05 2.31972e-17
7.12383e-05 2.31792e-17
7.66778e-05 2.31874e-17
8.25327e-05 2.31942e-17
8.88347e-05 2.32015e-17
9.56178e-05 2.31812e-17
1.02919e-04 2.31894e-17
1.10778e-04 2.31950e-17
1.19236e-04 2.31906e-17
1.28341e-04 2.31997e-17
1.38140e-04 2.31974e-17
1.48688e-04 2.31717e-17
1.60042e-04 2.32010e-17
1.72262e-04 2.32061e-17
1.85416e-04 2.31852e-17
1.99573e-04 2.32059e-17
2.14812e-04 2.32094e-17
2.31215e-04 2.31816e-17
2.48870e-04 2.31867e-17
2.67873e-04 2.32008e-17
2.88326e-04 2.31926e-17
3.10342e-04 2.31864e-17
3.34039e-04 2.31956e-17
3.59545e-04 2.31859e-17
3.86999e-04 2.32026e-17
4.16549e-04 2.31905e-17
4.48356e-04 2.31869e-17
4.82591e-04 2.32029e-17
5.19440e-04 2.31995e-17
5.59103e-04 2.31883e-17
6.01795e-04 2.31979e-17
6.47746e-04 2.31995e-17
6.97206e-04 2.31866e-17
7.50442e-04 2.32155e-17
8.07744e-04 2.32087e-17
8.69421e-04 2.31996e-17
9.35807e-04 2.32024e-17
1.00726e-03 2.31984e-17
1.08417e-03 2.31968e-17
1.16696e-03 2.31948e-17
1.25606e-03 2.31881e-17
1.35197e-03 2.31858e-17
1.45521e-03 2.32011e-17
1.56632e-03 2.31991e-17
1.68592e-03 2.32051e-17
1.81465e-03 2.32042e-17
1.95322e-03 2.32143e-17
2.10236e-03 2.32025e-17
2.26289e-03 2.32203e-17
2.43567e-03 2.32112e-17
2.62166e-03 2.32145e-17
2.82184e-03 2.32202e-17
3.03731e-03 2.32306e-17
3.26923e-03 2.32194e-17
3.51885e-03 2.32044e-17
3.78754e-03 2.32141e-17
4.07675e-03 2.32285e-17
4.38804e-03 2.32350e-17
4.72310e-03 2.32291e-17
5.08374e-03 2.32323e-17
5.47192e-03 2.32367e-17
5.88974e-03 2.32492e-17
6.33946e-03 2.32353e-17
6.82352e-03 2.32320e-17
7.34455e-03 2.32386e-17
7.90535e-03 2.32595e-17
8.50898e-03 2.32658e-17
9.15870e-03 2.32635e-17
9.85804e-03 2.32616e-17
1.06108e-02 2.32678e-17
1.14210e-02 2.32808e-17
1.22930e-02 2.32862e-17
1.32317e-02 2.32787e-17
1.42420e-02 2.33110e-17
1.53295e-02 2.33080e-17
1.65000e-02 2.33292e-17
1.77599e-02 2.33156e-17
1.91160e-02 2.33287e-17
2.05757e-02 2.33493e-17
2.21468e-02 2.33566e-17
2.38378e-02 2.33616e-17
2.56580e-02 2.33912e-17
2.76172e-02 2.34078e-17
2.97260e-02 2.34130e-17
3.19958e-02 2.34516e-17
3.44389e-02 2.34659e-17
3.70685e-02 2.34751e-17
3.98989e-02 2.34951e-17
4.29455e-02 2.35292e-17
4.62247e-02 2.35539e-17
4.97543e-02 2.35517e-17
5.35534e-02 2.35933e-17
5.76426e-02 2.36161e-17
6.20440e-02 2.36697e-17
6.67815e-02 2.37375e-17
7.18807e-02 2.37447e-17
7.73693e-02 2.38040e-17
8.32770e-02 2.38492e-17
8.96358e-02 2.39187e-17
9.64801e-02 2.39570e-17
1.03847e-01 2.40251e-17
1.11777e-01 2.40882e-17
1.20311e-01 2.41577e-17
1.29498e-01 2.42479e-17
1.39386e-01 2.43397e-17
1.50029e-01 2.44378e-17
1.61485e-01 2.45542e-17
1.73816e-01 2.46462e-17
1.87088e-01 2.47787e-17
2.01373e-01 2.49104e-17
2.16749e-01 2.50721e-17
2.33300e-01 2.52445e-17
2.51114e-01 2.54348e-17
2.70288e-01 2.56349e-17
2.90927e-01 2.58577e-17
3.13141e-01 2.61051e-17
3.37051e-01 2.63800e-17
3.62788e-01 2.66948e-17
3.90489e-01 2.70790e-17
4.20306e-01 2.74652e-17
4.52399e-01 2.79432e-17
4.86943e-01 2.84575e-17
5.24125e-01 2.90570e-17
5.64145e-01 2.97777e-17
6.07222e-01 3.05749e-17
6.53587e-01 3.15854e-17
7.03493e-01 3.28024e-17
7.57210e-01 3.42397e-17
8.15028e-01 3.60629e-17
8.77262e-01 3.84816e-17
9.44247e-01 4.17281e-17
1.01635e+00 4.63035e-17
1.09395e+00 5.32364e-17
1.17748e+00 6.49541e-17
1.26739e+00 8.75165e-17
1.36417e+00 1.42438e-16
1.46833e+00 4.49536e-16
1.58045e+00 3.84225e-16
1.70113e+00 3.57190e-16
1.83102e+00 3.38520e-16
1.97083e+00 3.23166e-16
2.12132e+00 3.10327e-16
2.28329e+00 3.00375e-16
2.45764e+00 2.90766e-16
2.64530e+00 2.82018e-16
2.84729e+00 2.74232e-16
3.06470e+00 2.66900e-16
3.29871e+00 2.59234e-16
3.55059e+00 2.52690e-16
3.82170e+00 2.46348e-16
4.11351e+00 2.39845e-16
4.42761e+00 2.33618e-16
4.76569e+00 2.27522e-16
5.12958e+00 2.21056e-16
5.52126e+00 2.15687e-16
5.94285e+00 2.09876e-16
6.39663e+00 2.04105e-16
6.88506e+00 1.97832e-16
7.41078e+00 1.92055e-16
7.97664e+00 1.85886e-16
8.58572e+00 1.79723e-16
9.24130e+00 1.73896e-16
9.94694e+00 1.67821e-16
1.07065e+01 1.61653e-16
1.15240e+01 1.55242e-16
1.24039e+01 1.48899e-16
1.33510e+01 1.42036e-16
1.43705e+01 1.35550e-16
1.54678e+01 1.28787e-16
1.66488e+01 1.22020e-16
1.79201e+01 1.15085e-16
1.92884e+01 1.08102e-16
2.07612e+01 1.01109e-16
2.23465e+01 9.39493e-17
2.40528e+01 8.68848e-17
2.58894e+01 7.97481e-17
2.78663e+01 7.27171e-17
2.99940e+01 6.56500e-17
3.22843e+01 5.85667e-17
3.47494e+01 5.14764e-17
3.74028e+01 4.42108e-17
4.02588e+01 3.69178e-17
4.33328e+01 2.92384e-17
4.66416e+01 2.12980e-17
5.02030e+01 1.32880e-17
5.40363e+01 6.20333e-18
5.81624e+01 1.57720e-18
6.26035e+01 8.29582e-20
6.73837e+01 5.66427e-24
7.25290e+01 0.00000e+00
