3.17098e-05 2.21681e-17
3.41349e-05 2.21736e-17
3.67454e-05 2.21946e-17
3.95556e-05 2.21904e-17
4.25807e-05 2.21904e-17
4.58372e-05 2.21788e-17
4.93427e-05 2.21783e-17
5.31163e-05 2.21947e-17
5.71784e-05 2.21800e-17
6.15513e-05 2.21858e-17
6.62586e-05 2.21727e-17
7.13259e-05 2.21716e-17
7.67807e-05 2.21784e-17
8.26526e-05 2.21809e-17
8.89737e-05 2.21851e-17
9.57782e-05 2.21811e-17
1.03103e-04 2.21672e-17
1.10988e-04 2.21885e-17
1.19476e-04 2.21932e-17
1.28613e-04 2.21782e-17
1.38449e-04 2.21732e-17
1.49038e-04 2.22009e-17
1.60436e-04 2.21878e-17
1.72705e-04 2.21952e-17
1.85913e-04 2.21811e-17
2.00131e-04 2.21891e-17
2.15437e-04 2.21852e-17
2.31913e-04 2.21973e-17
2.49649e-04 2.21909e-17
2.68741e-04 2.21751e-17
2.89294e-04 2.21787e-17
3.11418e-04 2.21743e-17
3.35235e-04 2.21979e-17
3.60873e-04 2.21907e-17
3.88471e-04 2.21697e-17
4.18181e-04 2.21838e-17
4.50162e-04 2.21844e-17
4.84589e-04 2.21801e-17
5.21649e-04 2.21762e-17
5.61543e-04 2.21955e-17
6.04489e-04 2.22056e-17
6.50718e-04 2.21944e-17
7.00484e-04 2.21838e-17
7.54055e-04 2.22057e-17
8.11723e-04 2.21861e-17
8.73801e-04 2.21889e-17
9.40627e-04 2.21863e-17
1.01256e-03 2.21895e-17
1.09000e-03 2.21930e-17
1.17336e-03 2.21911e-17
1.26310e-03 2.21938e-17
1.35970e-03 2.21806e-17
1.46368e-03 2.22020e-17
1.57562e-03 2.21930e-17
1.69612e-03 2.21964e-17
1.82583e-03 2.21814e-17
1.96547e-03 2.21993e-17
2.11578e-03 2.22045e-17
2.27759e-03 2.22068e-17
2.45178e-03 2.22003e-17
2.63928e-03 2.21974e-17
2.84113e-03 2.21999e-17
3.05841e-03 2.22076e-17
3.29231e-03 2.21934e-17
3.54409e-03 2.22009e-17
3.81514e-03 2.22175e-17
4.10691e-03 2.22247e-17
4.42099e-03 2.22332e-17
4.75910e-03 2.22100e-17
5.12306e-03 2.22097e-17
5.51486e-03 2.22237e-17
5.93662e-03 2.22163e-17
6.39064e-03 2.22083e-17
6.87938e-03 2.22177e-17
7.40549e-03 2.22504e-17
7.97184e-03 2.22389e-17
8.58151e-03 2.22473e-17
9.23780e-03 2.22487e-17
9.94428e-03 2.22655e-17
1.07048e-02 2.22718e-17
1.15235e-02 2.22763e-17
1.24047e-02 2.22782e-17
1.33534e-02 2.22818e-17
1.43747e-02 2.22753e-17
1.54740e-02 2.22830e-17
1.66574e-02 2.22899e-17
1.79313e-02 2.22939e-17
1.93027e-02 2.23257e-17
2.07789e-02 2.23257e-17
2.23680e-02 2.23563e-17
2.40786e-02 2.23499e-17
2.59201e-02 2.23739e-17
2.79024e-02 2.24008e-17
3.00363e-02 2.24065e-17
3.23334e-02 2.24084e-17
3.48062e-02 2.24551e-17
3.74680e-02 2.24647e-17
4.03335e-02 2.24737e-17
4.34181e-02 2.24943e-17
4.67386e-02 2.25230e-17
5.03130e-02 2.25501e-17
5.41608e-02 2.25887e-17
5.83029e-02 2.26106e-17
6.27618e-02 2.26402e-17
6.75616e-02 2.26821e-17
7.27285e-02 2.27122e-17
7.82906e-02 2.27679e-17
8.42781e-02 2.28251e-17
9.07234e-02 2.28550e-17
9.76617e-02 2.29421e-17
1.05131e-01 2.30007e-17
1.13171e-01 2.30518e-17
1.21826e-01 2.31218e-17
1.31143e-01 2.32008e-17
1.41172e-01 2.32905e-17
1.51969e-01 2.33547e-17
1.63591e-01 2.34739e-17
1.76102e-01 2.35893e-17
1.89569e-01 2.36995e-17
2.04067e-01 2.38365e-17
2.19674e-01 2.39818e-17
2.36474e-01 2.41426e-17
2.54559e-01 2.43389e-17
2.74027e-01 2.45251e-17
2.94983e-01 2.47413e-17
3.17543e-01 2.49787e-17
3.41828e-01 2.52679e-17
3.67970e-01 2.56042e-17
3.96111e-01 2.59162e-17
4.26405e-01 2.63206e-17
4.59015e-01 2.67331e-17
4.94119e-01 2.72610e-17
5.31908e-01 2.78348e-17
5.72587e-01 2.85269e-17
6.16377e-01 2.93302e-17
6.63515e-01 3.02859e-17
7.14259e-01 3.14421e-17
7.68884e-01 3.28599e-17
8.27686e-01 3.47066e-17
8.90985e-01 3.70577e-17
9.59125e-01 4.02024e-17
1.03248e+00 4.47224e-17
1.11144e+00 5.15723e-17
1.19644e+00 6.31893e-17
1.28794e+00 8.52260e-17
1.38644e+00 1.34068e-16
1.49247e+00 4.20798e-16
1.60661e+00 3.58770e-16
1.72948e+00 3.33672e-16
1.86174e+00 3.16628e-16
2.00412e+00 3.03771e-16
2.15739e+00 2.92813e-16
2.32238e+00 2.83407e-16
2.49999e+00 2.75127e-16
2.69119e+00 2.67339e-16
2.89700e+00 2.59704e-16
3.11855e+00 2.53355e-16
3.35705e+00 2.47430e-16
3.61379e+00 2.41395e-16
3.89016e+00 2.35687e-16
4.18767e+00 2.30572e-16
4.50794e+00 2.24671e-16
4.85269e+00 2.19874e-16
5.22381e+00 2.14369e-16
5.62331e+00 2.09403e-16
6.05337e+00 2.03816e-16
6.51631e+00 1.98884e-16
7.01466e+00 1.93897e-16
7.55113e+00 1.88592e-16
8.12862e+00 1.83314e-16
8.75027e+00 1.77635e-16
9.41947e+00 1.72031e-16
1.01398e+01 1.66743e-16
1.09153e+01 1.61075e-16
1.17501e+01 1.55010e-16
1.26487e+01 1.49098e-16
1.36160e+01 1.43045e-16
1.46574e+01 1.36567e-16
1.57783e+01 1.30156e-16
1.69850e+01 1.23568e-16
1.82840e+01 1.16568e-16
1.96823e+01 1.09718e-16
2.11875e+01 1.02669e-16
2.28079e+01 9.55421e-17
2.45522e+01 8.82900e-17
2.64298e+01 8.10008e-17
2.84511e+01 7.37762e-17
3.06270e+01 6.64366e-17
3.29693e+01 5.91673e-17
3.54907e+01 5.18711e-17
3.82049e+01 4.45246e-17
4.11267e+01 3.69397e-17
4.42720e+01 2.92338e-17
4.76578e+01 2.12161e-17
5.13025e+01 1.32241e-17
5.52260e+01 6.17842e-18
5.94495e+01 1.57403e-18
6.39960e+01 8.29049e-20
6.88903e+01 5.75735e-24
7.41588e+01 0.00000e+00
