3.17098e-05 8.16584e-18
3.42207e-05 8.16329e-18
3.69304e-05 8.16937e-18
3.98548e-05 8.16858e-18
4.30106e-05 8.16423e-18
4.64164e-05 8.16733e-18
5.00918e-05 8.16291e-18
5.40583e-05 8.16657e-18
5.83389e-05 8.16285e-18
6.29584e-05 8.16027e-18
6.79437e-05 8.16536e-18
7.33238e-05 8.16145e-18
7.91298e-05 8.15898e-18
8.53957e-05 8.16860e-18
9.21577e-05 8.16688e-18
9.94551e-05 8.16840e-18
1.07330e-04 8.16054e-18
1.15829e-04 8.16600e-18
1.25001e-04 8.16696e-18
1.34899e-04 8.15939e-18
1.45581e-04 8.16533e-18
1.57109e-04 8.16433e-18
1.69549e-04 8.16354e-18
1.82975e-04 8.16368e-18
1.97464e-04 8.16190e-18
2.13100e-04 8.16499e-18
2.29974e-04 8.16240e-18
2.48184e-04 8.16978e-18
2.67836e-04 8.15990e-18
2.89045e-04 8.16817e-18
3.11932e-04 8.16896e-18
3.36633e-04 8.16563e-18
3.63289e-04 8.16230e-18
3.92055e-04 8.17032e-18
4.23100e-04 8.16700e-18
4.56603e-04 8.16637e-18
4.92758e-04 8.16412e-18
5.31777e-04 8.16776e-18
5.73885e-04 8.16792e-18
6.19328e-04 8.16369e-18
6.68369e-04 8.16522e-18
7.21293e-04 8.15730e-18
7.78408e-04 8.16470e-18
8.40046e-04 8.16509e-18
9.06564e-04 8.16455e-18
9.78350e-04 8.16773e-18
1.05582e-03 8.17043e-18
1.13942e-03 8.16744e-18
1.22965e-03 8.16574e-18
1.32702e-03 8.17282e-18
1.43210e-03 8.17059e-18
1.54550e-03 8.16358e-18
1.66787e-03 8.16837e-18
1.79994e-03 8.16801e-18
1.94247e-03 8.17295e-18
2.09628e-03 8.16610e-18
2.26228e-03 8.17253e-18
2.44141e-03 8.16889e-18
2.63473e-03 8.16912e-18
2.84336e-03 8.16835e-18
3.06851e-03 8.16847e-18
3.31149e-03 8.17079e-18
3.57371e-03 8.17597e-18
3.85669e-03 8.17848e-18
4.16208e-03 8.17713e-18
4.49165e-03 8.17432e-18
4.84732e-03 8.18284e-18
5.23115e-03 8.17705e-18
5.64537e-03 8.17043e-18
6.09239e-03 8.17268e-18
6.57482e-03 8.17542e-18
7.09544e-03 8.18173e-18
7.65728e-03 8.18473e-18
8.26362e-03 8.18569e-18
8.91797e-03 8.18609e-18
9.62413e-03 8.18277e-18
1.03862e-02 8.18571e-18
1.12086e-02 8.18801e-18
1.20962e-02 8.18805e-18
1.30540e-02 8.19860e-18
1.40877e-02 8.19158e-18
1.52032e-02 8.19616e-18
1.64070e-02 8.19939e-18
1.77062e-02 8.20385e-18
1.91083e-02 8.21210e-18
2.06214e-02 8.21455e-18
2.22542e-02 8.21819e-18
2.40164e-02 8.21781e-18
2.59181e-02 8.22699e-18
2.79705e-02 8.22344e-18
3.01853e-02 8.23222e-18
3.25755e-02 8.23746e-18
3.51549e-02 8.24461e-18
3.79386e-02 8.24757e-18
4.09428e-02 8.25214e-18
4.41848e-02 8.25986e-18
4.76835e-02 8.27582e-18
5.14593e-02 8.28805e-18
5.55341e-02 8.29593e-18
5.99315e-02 8.30496e-18
6.46771e-02 8.31587e-18
6.97985e-02 8.33343e-18
7.53255e-02 8.33768e-18
8.12901e-02 8.35258e-18
8.77270e-02 8.36702e-18
9.46736e-02 8.38861e-18
1.02170e-01 8.40732e-18
1.10260e-01 8.42578e-18
1.18991e-01 8.44919e-18
1.28414e-01 8.47381e-18
1.38582e-01 8.49981e-18
1.49555e-01 8.52704e-18
1.61398e-01 8.56247e-18
1.74178e-01 8.59873e-18
1.87970e-01 8.63869e-18
2.02854e-01 8.67319e-18
2.18917e-01 8.71622e-18
2.36252e-01 8.77332e-18
2.54959e-01 8.82669e-18
2.75148e-01 8.87968e-18
2.96936e-01 8.94998e-18
3.20448e-01 9.02246e-18
3.45823e-01 9.10683e-18
3.73206e-01 9.20112e-18
4.02758e-01 9.30123e-18
4.34650e-01 9.42133e-18
4.69068e-01 9.55978e-18
5.06211e-01 9.70779e-18
5.46295e-01 9.88032e-18
5.89552e-01 1.00844e-17
6.36236e-01 1.03165e-17
6.86616e-01 1.05951e-17
7.40985e-01 1.09273e-17
7.99659e-01 1.13308e-17
8.62979e-01 1.18201e-17
9.31314e-01 1.24672e-17
1.00506e+00 1.32995e-17
1.08464e+00 1.44748e-17
1.17053e+00 1.62340e-17
1.26322e+00 1.92497e-17
1.36324e+00 2.49703e-17
1.47119e+00 3.08402e-17
1.58769e+00 3.44049e-17
1.71341e+00 3.67965e-17
1.84908e+00 3.87219e-17
1.99550e+00 4.05016e-17
2.15351e+00 4.24558e-17
2.32404e+00 4.57328e-17
2.50806e+00 5.72626e-17
2.70666e+00 5.50700e-17
2.92099e+00 5.39448e-17
3.15228e+00 5.32115e-17
3.40189e+00 5.25837e-17
3.67127e+00 5.20704e-17
3.96198e+00 5.16688e-17
4.27570e+00 5.13007e-17
4.61427e+00 5.09014e-17
4.97965e+00 5.06739e-17
5.37396e+00 5.04234e-17
5.79949e+00 5.01025e-17
6.25872e+00 5.00146e-17
6.75431e+00 4.97078e-17
7.28914e+00 4.96644e-17
7.86633e+00 4.95336e-17
8.48922e+00 4.93813e-17
9.16143e+00 4.92784e-17
9.88687e+00 4.91714e-17
1.06698e+01 4.90835e-17
1.15146e+01 4.90439e-17
1.24264e+01 4.90475e-17
1.34104e+01 4.90211e-17
1.44723e+01 4.90175e-17
1.56182e+01 4.89681e-17
1.68550e+01 4.90245e-17
1.81896e+01 4.90619e-17
1.96299e+01 4.90513e-17
2.11843e+01 4.91373e-17
2.28618e+01 4.91355e-17
2.46721e+01 4.91198e-17
2.66257e+01 4.91320e-17
2.87340e+01 4.91381e-17
3.10093e+01 4.91248e-17
3.34648e+01 4.89981e-17
3.61147e+01 4.88620e-17
3.89744e+01 4.85768e-17
4.20605e+01 4.81623e-17
4.53910e+01 4.76056e-17
4.89853e+01 4.68765e-17
5.28642e+01 4.58844e-17
5.70502e+01 4.44600e-17
6.15676e+01 4.26078e-17
6.64428e+01 3.98313e-17
7.17040e+01 3.58662e-17
7.73819e+01 2.99286e-17
8.35093e+01 2.16283e-17
9.01219e+01 1.17603e-17
9.72581e+01 3.49255e-18
1.04959e+02 2.12808e-19
1.13271e+02 1.84230e-23
1.22240e+02 0.00000e+00
