3.17098e-05 1.83837e-17
3.41511e-05 1.83687e-17
3.67803e-05 1.83798e-17
3.96119e-05 1.83691e-17
4.26615e-05 1.83822e-17
4.59459e-05 1.83814e-17
4.94832e-05 1.83685e-17
5.32928e-05 1.83667e-17
5.73956e-05 1.83631e-17
6.18144e-05 1.83660e-17
6.65733e-05 1.83728e-17
7.16987e-05 1.83864e-17
7.72186e-05 1.83688e-17
8.31634e-05 1.83662e-17
8.95660e-05 1.83645e-17
9.64615e-05 1.83633e-17
1.03888e-04 1.83735e-17
1.11886e-04 1.83697e-17
1.20500e-04 1.83879e-17
1.29777e-04 1.83669e-17
1.39768e-04 1.83780e-17
1.50528e-04 1.83831e-17
1.62117e-04 1.83730e-17
1.74598e-04 1.83811e-17
1.88040e-04 1.83697e-17
2.02517e-04 1.83730e-17
2.18108e-04 1.83760e-17
2.34900e-04 1.83712e-17
2.52984e-04 1.83683e-17
2.72460e-04 1.83722e-17
2.93437e-04 1.83788e-17
3.16028e-04 1.83773e-17
3.40358e-04 1.83586e-17
3.66561e-04 1.83706e-17
3.94782e-04 1.83749e-17
4.25175e-04 1.83911e-17
4.57908e-04 1.83625e-17
4.93161e-04 1.83763e-17
5.31129e-04 1.83735e-17
5.72019e-04 1.83726e-17
6.16057e-04 1.83714e-17
6.63486e-04 1.83856e-17
7.14566e-04 1.83711e-17
7.69579e-04 1.83920e-17
8.28827e-04 1.83538e-17
8.92636e-04 1.83842e-17
9.61358e-04 1.83795e-17
1.03537e-03 1.83718e-17
1.11508e-03 1.83731e-17
1.20093e-03 1.83715e-17
1.29339e-03 1.83747e-17
1.39296e-03 1.83860e-17
1.50020e-03 1.83757e-17
1.61570e-03 1.83909e-17
1.74009e-03 1.83745e-17
1.87405e-03 1.83812e-17
2.01833e-03 1.83834e-17
2.17372e-03 1.83742e-17
2.34107e-03 1.83778e-17
2.52130e-03 1.83933e-17
2.71541e-03 1.83829e-17
2.92446e-03 1.83888e-17
3.14961e-03 1.83839e-17
3.39209e-03 1.83809e-17
3.65324e-03 1.83877e-17
3.93449e-03 1.84096e-17
4.23740e-03 1.83926e-17
4.56362e-03 1.84148e-17
4.91497e-03 1.83908e-17
5.29336e-03 1.84101e-17
5.70088e-03 1.84040e-17
6.13978e-03 1.84184e-17
6.61246e-03 1.84087e-17
7.12154e-03 1.84205e-17
7.66981e-03 1.84348e-17
8.26029e-03 1.84236e-17
8.89623e-03 1.84226e-17
9.58113e-03 1.84245e-17
1.03188e-02 1.84257e-17
1.11132e-02 1.84293e-17
1.19688e-02 1.84548e-17
1.28902e-02 1.84292e-17
1.38826e-02 1.84535e-17
1.49514e-02 1.84611e-17
1.61024e-02 1.84613e-17
1.73421e-02 1.84622e-17
1.86773e-02 1.84810e-17
2.01152e-02 1.84744e-17
2.16638e-02 1.84897e-17
2.33316e-02 1.85083e-17
2.51279e-02 1.85189e-17
2.70624e-02 1.85322e-17
2.91459e-02 1.85436e-17
3.13898e-02 1.85575e-17
3.38064e-02 1.85694e-17
3.64090e-02 1.85833e-17
3.92121e-02 1.85929e-17
4.22309e-02 1.86231e-17
4.54822e-02 1.86343e-17
4.89838e-02 1.86640e-17
5.27549e-02 1.86776e-17
5.68164e-02 1.87054e-17
6.11905e-02 1.87207e-17
6.59014e-02 1.87718e-17
7.09750e-02 1.87882e-17
7.64392e-02 1.88219e-17
8.23241e-02 1.88686e-17
8.86620e-02 1.89118e-17
9.54879e-02 1.89471e-17
1.02839e-01 1.90006e-17
1.10757e-01 1.90360e-17
1.19283e-01 1.91275e-17
1.28467e-01 1.91752e-17
1.38357e-01 1.92318e-17
1.49009e-01 1.93007e-17
1.60481e-01 1.93873e-17
1.72836e-01 1.94695e-17
1.86142e-01 1.95701e-17
2.00473e-01 1.96696e-17
2.15907e-01 1.97843e-17
2.32529e-01 1.99026e-17
2.50431e-01 2.00554e-17
2.69711e-01 2.02237e-17
2.90475e-01 2.03495e-17
3.12838e-01 2.05683e-17
3.36923e-01 2.07871e-17
3.62861e-01 2.10239e-17
3.90797e-01 2.12698e-17
4.20884e-01 2.15923e-17
4.53287e-01 2.19156e-17
4.88184e-01 2.23117e-17
5.25768e-01 2.27668e-17
5.66246e-01 2.33099e-17
6.09840e-01 2.38866e-17
6.56790e-01 2.46327e-17
7.07354e-01 2.55084e-17
7.61812e-01 2.65739e-17
8.20462e-01 2.78974e-17
8.83627e-01 2.96327e-17
9.51656e-01 3.18682e-17
1.02492e+00 3.51056e-17
1.10383e+00 3.98820e-17
1.18881e+00 4.80925e-17
1.28033e+00 6.43656e-17
1.37890e+00 1.01068e-16
1.48506e+00 1.48512e-16
1.59939e+00 3.19104e-16
1.72252e+00 3.23562e-16
1.85514e+00 3.03797e-16
1.99796e+00 2.91702e-16
2.15178e+00 2.83369e-16
2.31744e+00 2.75903e-16
2.49585e+00 2.70304e-16
2.68800e+00 2.65365e-16
2.89494e+00 2.61209e-16
3.11782e+00 2.57309e-16
3.35785e+00 2.53652e-16
3.61637e+00 2.50432e-16
3.89478e+00 2.46919e-16
4.19463e+00 2.44198e-16
4.51756e+00 2.41366e-16
4.86536e+00 2.38600e-16
5.23993e+00 2.35679e-16
5.64334e+00 2.32970e-16
6.07781e+00 2.30886e-16
6.54573e+00 2.28099e-16
7.04967e+00 2.25553e-16
7.59240e+00 2.23506e-16
8.17692e+00 2.20677e-16
8.80644e+00 2.18207e-16
9.48443e+00 2.15972e-16
1.02146e+01 2.12436e-16
1.10010e+01 2.09313e-16
1.18480e+01 2.06390e-16
1.27601e+01 2.02633e-16
1.37425e+01 1.98616e-16
1.48005e+01 1.94429e-16
1.59399e+01 1.89591e-16
1.71671e+01 1.84351e-16
1.84887e+01 1.78059e-16
1.99122e+01 1.71639e-16
2.14451e+01 1.63689e-16
2.30962e+01 1.54744e-16
2.48743e+01 1.44896e-16
2.67893e+01 1.33258e-16
2.88517e+01 1.20625e-16
3.10729e+01 1.06772e-16
3.34652e+01 9.25693e-17
3.60416e+01 7.84947e-17
3.88163e+01 6.53116e-17
4.18047e+01 5.33089e-17
4.50231e+01 4.23244e-17
4.84894e+01 3.22336e-17
5.22224e+01 2.27271e-17
5.62429e+01 1.38873e-17
6.05729e+01 6.40476e-18
6.52363e+01 1.62327e-18
7.02587e+01 8.68030e-20
7.56677e+01 6.41004e-24
8.14932e+01 0.00000e+00
