3.17098e-05 1.51744e-17
3.41674e-05 1.51887e-17
3.68155e-05 1.51728e-17
3.96688e-05 1.51668e-17
4.27433e-05 1.51916e-17
4.60561e-05 1.51773e-17
4.96256e-05 1.51749e-17
5.34717e-05 1.51660e-17
5.76160e-05 1.52008e-17
6.20814e-05 1.51761e-17
6.68930e-05 1.51721e-17
7.20774e-05 1.51850e-17
7.76636e-05 1.51734e-17
8.36828e-05 1.51739e-17
9.01686e-05 1.51914e-17
9.71569e-05 1.51706e-17
1.04687e-04 1.51733e-17
1.12801e-04 1.51842e-17
1.21543e-04 1.51895e-17
1.30963e-04 1.51797e-17
1.41113e-04 1.51737e-17
1.52050e-04 1.51795e-17
1.63834e-04 1.51818e-17
1.76532e-04 1.51785e-17
1.90214e-04 1.51886e-17
2.04956e-04 1.51812e-17
2.20841e-04 1.51878e-17
2.37957e-04 1.51785e-17
2.56399e-04 1.51839e-17
2.76271e-04 1.51764e-17
2.97683e-04 1.51924e-17
3.20755e-04 1.51792e-17
3.45614e-04 1.51819e-17
3.72401e-04 1.51843e-17
4.01263e-04 1.51886e-17
4.32362e-04 1.51846e-17
4.65872e-04 1.51813e-17
5.01979e-04 1.51794e-17
5.40884e-04 1.51840e-17
5.82804e-04 1.51813e-17
6.27973e-04 1.51798e-17
6.76644e-04 1.51788e-17
7.29086e-04 1.51852e-17
7.85593e-04 1.51764e-17
8.46479e-04 1.51923e-17
9.12084e-04 1.51886e-17
9.82774e-04 1.51861e-17
1.05894e-03 1.51889e-17
1.14101e-03 1.51948e-17
1.22945e-03 1.51816e-17
1.32473e-03 1.51888e-17
1.42740e-03 1.51869e-17
1.53803e-03 1.51953e-17
1.65724e-03 1.51932e-17
1.78568e-03 1.51806e-17
1.92407e-03 1.51810e-17
2.07320e-03 1.51916e-17
2.23388e-03 1.51852e-17
2.40701e-03 1.51993e-17
2.59356e-03 1.51852e-17
2.79457e-03 1.52091e-17
3.01116e-03 1.51907e-17
3.24454e-03 1.51940e-17
3.49600e-03 1.51940e-17
3.76695e-03 1.52056e-17
4.05890e-03 1.51989e-17
4.37348e-03 1.51922e-17
4.71244e-03 1.52110e-17
5.07767e-03 1.52079e-17
5.47121e-03 1.51995e-17
5.89525e-03 1.52068e-17
6.35215e-03 1.52116e-17
6.84447e-03 1.52164e-17
7.37494e-03 1.52206e-17
7.94652e-03 1.52203e-17
8.56240e-03 1.52173e-17
9.22602e-03 1.52254e-17
9.94107e-03 1.52260e-17
1.07115e-02 1.52302e-17
1.15417e-02 1.52364e-17
1.24362e-02 1.52362e-17
1.34001e-02 1.52533e-17
1.44386e-02 1.52497e-17
1.55577e-02 1.52487e-17
1.67635e-02 1.52595e-17
1.80627e-02 1.52639e-17
1.94626e-02 1.52741e-17
2.09710e-02 1.52818e-17
2.25964e-02 1.52831e-17
2.43477e-02 1.52931e-17
2.62347e-02 1.53119e-17
2.82680e-02 1.53077e-17
3.04589e-02 1.53263e-17
3.28195e-02 1.53444e-17
3.53631e-02 1.53462e-17
3.81039e-02 1.53527e-17
4.10571e-02 1.53629e-17
4.42392e-02 1.53949e-17
4.76679e-02 1.53977e-17
5.13623e-02 1.54219e-17
5.53430e-02 1.54360e-17
5.96323e-02 1.54728e-17
6.42540e-02 1.54794e-17
6.92340e-02 1.55061e-17
7.45998e-02 1.55259e-17
8.03816e-02 1.55604e-17
8.66114e-02 1.55978e-17
9.33241e-02 1.56369e-17
1.00557e-01 1.56713e-17
1.08351e-01 1.57150e-17
1.16748e-01 1.57515e-17
1.25797e-01 1.58117e-17
1.35546e-01 1.58560e-17
1.46052e-01 1.59019e-17
1.57371e-01 1.59806e-17
1.69568e-01 1.60423e-17
1.82710e-01 1.61123e-17
1.96871e-01 1.61916e-17
2.12129e-01 1.62865e-17
2.28570e-01 1.63832e-17
2.46284e-01 1.64793e-17
2.65372e-01 1.66208e-17
2.85940e-01 1.67478e-17
3.08101e-01 1.68881e-17
3.31980e-01 1.70488e-17
3.57710e-01 1.72249e-17
3.85433e-01 1.74403e-17
4.15306e-01 1.76696e-17
4.47493e-01 1.79290e-17
4.82176e-01 1.82409e-17
5.19546e-01 1.85880e-17
5.59813e-01 1.89892e-17
6.03200e-01 1.94372e-17
6.49950e-01 1.99992e-17
7.00324e-01 2.06312e-17
7.54601e-01 2.14238e-17
8.13085e-01 2.23961e-17
8.76102e-01 2.36609e-17
9.44003e-01 2.52655e-17
1.01717e+00 2.74140e-17
1.09600e+00 3.07040e-17
1.18094e+00 3.58760e-17
1.27247e+00 4.56712e-17
1.37109e+00 6.54966e-17
1.47736e+00 8.78332e-17
1.59186e+00 1.06167e-16
1.71523e+00 1.30982e-16
1.84817e+00 1.99855e-16
1.99141e+00 1.86854e-16
2.14575e+00 1.80253e-16
2.31205e+00 1.75353e-16
2.49125e+00 1.72195e-16
2.68433e+00 1.69624e-16
2.89237e+00 1.66931e-16
3.11654e+00 1.64574e-16
3.35808e+00 1.63130e-16
3.61835e+00 1.61136e-16
3.89878e+00 1.59768e-16
4.20095e+00 1.58245e-16
4.52654e+00 1.56980e-16
4.87736e+00 1.55542e-16
5.25537e+00 1.54064e-16
5.66268e+00 1.53311e-16
6.10156e+00 1.52267e-16
6.57445e+00 1.50981e-16
7.08400e+00 1.50453e-16
7.63303e+00 1.49292e-16
8.22462e+00 1.48424e-16
8.86206e+00 1.47507e-16
9.54890e+00 1.46722e-16
1.02890e+01 1.45862e-16
1.10864e+01 1.45112e-16
1.19456e+01 1.44088e-16
1.28715e+01 1.43209e-16
1.38690e+01 1.41899e-16
1.49439e+01 1.41265e-16
1.61022e+01 1.39871e-16
1.73501e+01 1.38599e-16
1.86948e+01 1.37013e-16
2.01437e+01 1.35459e-16
2.17050e+01 1.33326e-16
2.33872e+01 1.30715e-16
2.51997e+01 1.28007e-16
2.71528e+01 1.24401e-16
2.92573e+01 1.20310e-16
3.15248e+01 1.15210e-16
3.39681e+01 1.08934e-16
3.66007e+01 1.01405e-16
3.94374e+01 9.20143e-17
4.24940e+01 8.06647e-17
4.57874e+01 6.73620e-17
4.93361e+01 5.29530e-17
5.31598e+01 3.87356e-17
5.72799e+01 2.59822e-17
6.17192e+01 1.52574e-17
6.65027e+01 6.84405e-18
7.16569e+01 1.71604e-18
7.72106e+01 9.25927e-20
8.31946e+01 7.25459e-24
8.96425e+01 0.00000e+00
