3.17098e-05 1.08712e-17
3.41961e-05 1.08660e-17
3.68774e-05 1.08706e-17
3.97689e-05 1.08633e-17
4.28871e-05 1.08607e-17
4.62498e-05 1.08693e-17
4.98762e-05 1.08763e-17
5.37869e-05 1.08645e-17
5.80042e-05 1.08775e-17
6.25522e-05 1.08637e-17
6.74569e-05 1.08746e-17
7.27460e-05 1.08698e-17
7.84499e-05 1.08701e-17
8.46011e-05 1.08744e-17
9.12345e-05 1.08687e-17
9.83881e-05 1.08727e-17
1.06103e-04 1.08676e-17
1.14422e-04 1.08797e-17
1.23394e-04 1.08730e-17
1.33069e-04 1.08702e-17
1.43502e-04 1.08725e-17
1.54754e-04 1.08609e-17
1.66888e-04 1.08810e-17
1.79974e-04 1.08800e-17
1.94085e-04 1.08675e-17
2.09303e-04 1.08786e-17
2.25714e-04 1.08702e-17
2.43412e-04 1.08699e-17
2.62497e-04 1.08765e-17
2.83079e-04 1.08713e-17
3.05275e-04 1.08706e-17
3.29211e-04 1.08740e-17
3.55024e-04 1.08684e-17
3.82861e-04 1.08730e-17
4.12881e-04 1.08769e-17
4.45254e-04 1.08780e-17
4.80166e-04 1.08789e-17
5.17815e-04 1.08674e-17
5.58416e-04 1.08739e-17
6.02200e-04 1.08742e-17
6.49418e-04 1.08661e-17
7.00338e-04 1.08754e-17
7.55250e-04 1.08691e-17
8.14468e-04 1.08653e-17
8.78329e-04 1.08753e-17
9.47198e-04 1.08728e-17
1.02147e-03 1.08667e-17
1.10156e-03 1.08782e-17
1.18793e-03 1.08742e-17
1.28107e-03 1.08711e-17
1.38152e-03 1.08717e-17
1.48984e-03 1.08712e-17
1.60666e-03 1.08730e-17
1.73263e-03 1.08718e-17
1.86849e-03 1.08707e-17
2.01499e-03 1.08700e-17
2.17298e-03 1.08782e-17
2.34337e-03 1.08734e-17
2.52710e-03 1.08821e-17
2.72525e-03 1.08800e-17
2.93893e-03 1.08801e-17
3.16937e-03 1.08814e-17
3.41788e-03 1.08787e-17
3.68587e-03 1.08793e-17
3.97487e-03 1.08888e-17
4.28653e-03 1.08823e-17
4.62263e-03 1.08942e-17
4.98509e-03 1.08773e-17
5.37596e-03 1.08916e-17
5.79748e-03 1.08850e-17
6.25205e-03 1.08783e-17
6.74226e-03 1.08942e-17
7.27091e-03 1.08940e-17
7.84102e-03 1.08976e-17
8.45582e-03 1.08974e-17
9.11882e-03 1.09015e-17
9.83382e-03 1.09014e-17
1.06049e-02 1.08921e-17
1.14364e-02 1.09028e-17
1.23331e-02 1.09084e-17
1.33001e-02 1.09077e-17
1.43430e-02 1.09211e-17
1.54676e-02 1.09156e-17
1.66803e-02 1.09244e-17
1.79882e-02 1.09262e-17
1.93987e-02 1.09327e-17
2.09197e-02 1.09297e-17
2.25600e-02 1.09494e-17
2.43288e-02 1.09430e-17
2.62364e-02 1.09568e-17
2.82936e-02 1.09580e-17
3.05120e-02 1.09686e-17
3.29044e-02 1.09734e-17
3.54844e-02 1.09754e-17
3.82667e-02 1.09924e-17
4.12671e-02 1.10024e-17
4.45028e-02 1.10097e-17
4.79922e-02 1.10256e-17
5.17552e-02 1.10350e-17
5.58133e-02 1.10385e-17
6.01895e-02 1.10631e-17
6.49089e-02 1.10854e-17
6.99983e-02 1.10972e-17
7.54867e-02 1.11132e-17
8.14055e-02 1.11354e-17
8.77884e-02 1.11487e-17
9.46717e-02 1.11731e-17
1.02095e-01 1.12000e-17
1.10100e-01 1.12346e-17
1.18733e-01 1.12662e-17
1.28042e-01 1.12951e-17
1.38082e-01 1.13328e-17
1.48909e-01 1.13724e-17
1.60584e-01 1.14120e-17
1.73176e-01 1.14664e-17
1.86754e-01 1.15193e-17
2.01397e-01 1.15631e-17
2.17188e-01 1.16334e-17
2.34218e-01 1.16995e-17
2.52582e-01 1.17790e-17
2.72387e-01 1.18633e-17
2.93744e-01 1.19656e-17
3.16776e-01 1.20602e-17
3.41614e-01 1.21682e-17
3.68400e-01 1.22977e-17
3.97285e-01 1.24449e-17
4.28436e-01 1.25883e-17
4.62029e-01 1.27822e-17
4.98256e-01 1.30127e-17
5.37323e-01 1.32326e-17
5.79454e-01 1.35203e-17
6.24888e-01 1.38300e-17
6.73884e-01 1.42268e-17
7.26723e-01 1.46661e-17
7.83704e-01 1.52217e-17
8.45153e-01 1.59212e-17
9.11420e-01 1.67903e-17
9.82883e-01 1.79203e-17
1.05995e+00 1.95359e-17
1.14306e+00 2.18727e-17
1.23268e+00 2.57814e-17
1.32934e+00 3.34025e-17
1.43357e+00 4.42767e-17
1.54597e+00 5.17324e-17
1.66719e+00 5.69485e-17
1.79791e+00 6.15343e-17
1.93888e+00 6.68539e-17
2.09091e+00 1.06306e-16
2.25485e+00 9.39348e-17
2.43165e+00 9.09188e-17
2.62231e+00 8.88944e-17
2.82792e+00 8.76502e-17
3.04966e+00 8.61786e-17
3.28878e+00 8.52291e-17
3.54664e+00 8.43648e-17
3.82473e+00 8.36997e-17
4.12462e+00 8.29067e-17
4.44803e+00 8.24833e-17
4.79679e+00 8.18614e-17
5.17290e+00 8.14831e-17
5.57850e+00 8.09893e-17
6.01590e+00 8.04638e-17
6.48759e+00 8.01624e-17
6.99628e+00 7.98397e-17
7.54484e+00 7.96223e-17
8.13642e+00 7.93285e-17
8.77439e+00 7.90954e-17
9.46237e+00 7.89661e-17
1.02043e+01 7.86335e-17
1.10044e+01 7.85832e-17
1.18672e+01 7.84445e-17
1.27977e+01 7.81815e-17
1.38012e+01 7.81240e-17
1.48833e+01 7.81139e-17
1.60503e+01 7.78487e-17
1.73088e+01 7.78075e-17
1.86659e+01 7.77095e-17
2.01295e+01 7.75651e-17
2.17078e+01 7.73757e-17
2.34099e+01 7.72333e-17
2.52454e+01 7.69429e-17
2.72249e+01 7.64804e-17
2.93595e+01 7.60200e-17
3.16616e+01 7.53960e-17
3.41441e+01 7.45299e-17
3.68213e+01 7.34709e-17
3.97084e+01 7.20220e-17
4.28219e+01 7.02458e-17
4.61794e+01 6.78825e-17
4.98003e+01 6.46902e-17
5.37051e+01 6.04050e-17
5.79160e+01 5.43713e-17
6.24571e+01 4.62418e-17
6.73543e+01 3.52729e-17
7.26354e+01 2.23124e-17
7.83306e+01 1.00000e-17
8.44724e+01 2.34892e-18
9.10958e+01 1.21568e-19
9.82384e+01 1.02766e-23
1.05941e+02 0.00000e+00
