3.17098e-05 2.42573e-17
3.41272e-05 2.42689e-17
3.67288e-05 2.42636e-17
3.95288e-05 2.42617e-17
4.25423e-05 2.42722e-17
4.57854e-05 2.42747e-17
4.92758e-05 2.42806e-17
5.30323e-05 2.42856e-17
5.70752e-05 2.42620e-17
6.14263e-05 2.42833e-17
6.61091e-05 2.42474e-17
7.11488e-05 2.42680e-17
7.65728e-05 2.42676e-17
8.24103e-05 2.42678e-17
8.86928e-05 2.42706e-17
9.54542e-05 2.42696e-17
1.02731e-04 2.42675e-17
1.10563e-04 2.42727e-17
1.18991e-04 2.42626e-17
1.28063e-04 2.42708e-17
1.37825e-04 2.42596e-17
1.48332e-04 2.42718e-17
1.59640e-04 2.42721e-17
1.71810e-04 2.42674e-17
1.84908e-04 2.42701e-17
1.99004e-04 2.42685e-17
2.14175e-04 2.42827e-17
2.30503e-04 2.42812e-17
2.48075e-04 2.42668e-17
2.66987e-04 2.42562e-17
2.87340e-04 2.42652e-17
3.09245e-04 2.42673e-17
3.32820e-04 2.42700e-17
3.58193e-04 2.42884e-17
3.85499e-04 2.42735e-17
4.14887e-04 2.42826e-17
4.46516e-04 2.42707e-17
4.80556e-04 2.42850e-17
5.17191e-04 2.42641e-17
5.56618e-04 2.42715e-17
5.99052e-04 2.42480e-17
6.44720e-04 2.42776e-17
6.93869e-04 2.42854e-17
7.46766e-04 2.42633e-17
8.03695e-04 2.42739e-17
8.64964e-04 2.43068e-17
9.30904e-04 2.42798e-17
1.00187e-03 2.42712e-17
1.07825e-03 2.42725e-17
1.16045e-03 2.43021e-17
1.24891e-03 2.42738e-17
1.34412e-03 2.42701e-17
1.44659e-03 2.42789e-17
1.55687e-03 2.42985e-17
1.67556e-03 2.43080e-17
1.80329e-03 2.42737e-17
1.94076e-03 2.42968e-17
2.08872e-03 2.42953e-17
2.24795e-03 2.42912e-17
2.41932e-03 2.42791e-17
2.60375e-03 2.43059e-17
2.80225e-03 2.42816e-17
3.01587e-03 2.43001e-17
3.24579e-03 2.43054e-17
3.49323e-03 2.43085e-17
3.75953e-03 2.43310e-17
4.04613e-03 2.43063e-17
4.35459e-03 2.43095e-17
4.68656e-03 2.43023e-17
5.04383e-03 2.43230e-17
5.42834e-03 2.43038e-17
5.84217e-03 2.43193e-17
6.28754e-03 2.43143e-17
6.76687e-03 2.43319e-17
7.28273e-03 2.43138e-17
7.83793e-03 2.43305e-17
8.43544e-03 2.43475e-17
9.07851e-03 2.43326e-17
9.77061e-03 2.43483e-17
1.05155e-02 2.43406e-17
1.13171e-02 2.43908e-17
1.21798e-02 2.43753e-17
1.31084e-02 2.43816e-17
1.41077e-02 2.43768e-17
1.51832e-02 2.43957e-17
1.63406e-02 2.44082e-17
1.75863e-02 2.44105e-17
1.89270e-02 2.44317e-17
2.03699e-02 2.44278e-17
2.19228e-02 2.44410e-17
2.35941e-02 2.44818e-17
2.53927e-02 2.44654e-17
2.73285e-02 2.44920e-17
2.94119e-02 2.45170e-17
3.16541e-02 2.45387e-17
3.40672e-02 2.45589e-17
3.66643e-02 2.45623e-17
3.94594e-02 2.46083e-17
4.24675e-02 2.46101e-17
4.57050e-02 2.46486e-17
4.91893e-02 2.46808e-17
5.29392e-02 2.47073e-17
5.69749e-02 2.47454e-17
6.13184e-02 2.47821e-17
6.59929e-02 2.48080e-17
7.10239e-02 2.48516e-17
7.64383e-02 2.49051e-17
8.22655e-02 2.49673e-17
8.85370e-02 2.50137e-17
9.52865e-02 2.50582e-17
1.02551e-01 2.51451e-17
1.10368e-01 2.52151e-17
1.18782e-01 2.52811e-17
1.27838e-01 2.53835e-17
1.37583e-01 2.54602e-17
1.48072e-01 2.55801e-17
1.59360e-01 2.56997e-17
1.71508e-01 2.57871e-17
1.84583e-01 2.59229e-17
1.98655e-01 2.60814e-17
2.13799e-01 2.62372e-17
2.30098e-01 2.64016e-17
2.47639e-01 2.66004e-17
2.66518e-01 2.68003e-17
2.86835e-01 2.70426e-17
3.08702e-01 2.73369e-17
3.32236e-01 2.76413e-17
3.57564e-01 2.79479e-17
3.84822e-01 2.83249e-17
4.14159e-01 2.87321e-17
4.45732e-01 2.92359e-17
4.79712e-01 2.97735e-17
5.16282e-01 3.03966e-17
5.55640e-01 3.11459e-17
5.97999e-01 3.19929e-17
6.43587e-01 3.30444e-17
6.92650e-01 3.42626e-17
7.45454e-01 3.58341e-17
8.02283e-01 3.77950e-17
8.63445e-01 4.02785e-17
9.29268e-01 4.37481e-17
1.00011e+00 4.86791e-17
1.07635e+00 5.63647e-17
1.15841e+00 7.00333e-17
1.24672e+00 1.00693e-16
1.34176e+00 2.12378e-16
1.44405e+00 8.57178e-16
1.55413e+00 7.30685e-16
1.67261e+00 6.69797e-16
1.80012e+00 6.28376e-16
1.93735e+00 5.96198e-16
2.08505e+00 5.67937e-16
2.24400e+00 5.44206e-16
2.41507e+00 5.24637e-16
2.59918e+00 5.03302e-16
2.79732e+00 4.86072e-16
3.01058e+00 4.68424e-16
3.24008e+00 4.52070e-16
3.48709e+00 4.34787e-16
3.75292e+00 4.20148e-16
4.03903e+00 4.04951e-16
4.34694e+00 3.90473e-16
4.67832e+00 3.76017e-16
5.03497e+00 3.61320e-16
5.41881e+00 3.46598e-16
5.83191e+00 3.32627e-16
6.27650e+00 3.18530e-16
6.75498e+00 3.04295e-16
7.26994e+00 2.90560e-16
7.82416e+00 2.76299e-16
8.42062e+00 2.61887e-16
9.06256e+00 2.48147e-16
9.75344e+00 2.34607e-16
1.04970e+01 2.21110e-16
1.12972e+01 2.07652e-16
1.21584e+01 1.94513e-16
1.30853e+01 1.81762e-16
1.40829e+01 1.69532e-16
1.51565e+01 1.57461e-16
1.63119e+01 1.45795e-16
1.75555e+01 1.34681e-16
1.88938e+01 1.24009e-16
2.03341e+01 1.14007e-16
2.18843e+01 1.04297e-16
2.35526e+01 9.51235e-17
2.53481e+01 8.61978e-17
2.72805e+01 7.77773e-17
2.93602e+01 6.94168e-17
3.15985e+01 6.17142e-17
3.40074e+01 5.38400e-17
3.65999e+01 4.60652e-17
3.93900e+01 3.82739e-17
4.23929e+01 3.02510e-17
4.56247e+01 2.19466e-17
4.91029e+01 1.36765e-17
5.28462e+01 6.37117e-18
5.68749e+01 1.61562e-18
6.12107e+01 8.44377e-20
6.58770e+01 5.66361e-24
7.08991e+01 0.00000e+00
