3.17098e-05 2.54384e-17
3.41232e-05 2.54352e-17
3.67202e-05 2.53966e-17
3.95150e-05 2.54339e-17
4.25224e-05 2.54358e-17
4.57587e-05 2.54172e-17
4.92413e-05 2.54278e-17
5.29890e-05 2.54047e-17
5.70219e-05 2.54415e-17
6.13617e-05 2.54187e-17
6.60319e-05 2.54295e-17
7.10574e-05 2.54032e-17
7.64655e-05 2.54323e-17
8.22852e-05 2.54286e-17
8.85478e-05 2.54276e-17
9.52870e-05 2.54111e-17
1.02539e-04 2.54161e-17
1.10343e-04 2.54305e-17
1.18741e-04 2.54379e-17
1.27778e-04 2.54292e-17
1.37503e-04 2.54234e-17
1.47969e-04 2.54313e-17
1.59230e-04 2.54306e-17
1.71349e-04 2.54400e-17
1.84390e-04 2.54270e-17
1.98424e-04 2.54029e-17
2.13526e-04 2.54305e-17
2.29777e-04 2.54210e-17
2.47265e-04 2.54219e-17
2.66083e-04 2.54259e-17
2.86335e-04 2.54288e-17
3.08127e-04 2.54248e-17
3.31578e-04 2.54218e-17
3.56814e-04 2.54255e-17
3.83971e-04 2.54250e-17
4.13194e-04 2.54439e-17
4.44641e-04 2.54191e-17
4.78482e-04 2.54248e-17
5.14899e-04 2.54242e-17
5.54087e-04 2.54309e-17
5.96258e-04 2.54012e-17
6.41638e-04 2.54134e-17
6.90472e-04 2.54130e-17
7.43023e-04 2.54333e-17
7.99573e-04 2.54389e-17
8.60427e-04 2.54243e-17
9.25913e-04 2.54439e-17
9.96382e-04 2.54419e-17
1.07222e-03 2.54317e-17
1.15382e-03 2.54395e-17
1.24164e-03 2.54238e-17
1.33613e-03 2.54294e-17
1.43783e-03 2.54263e-17
1.54726e-03 2.54458e-17
1.66502e-03 2.54508e-17
1.79174e-03 2.54420e-17
1.92810e-03 2.54334e-17
2.07485e-03 2.54436e-17
2.23276e-03 2.54177e-17
2.40269e-03 2.54612e-17
2.58556e-03 2.54398e-17
2.78234e-03 2.54437e-17
2.99410e-03 2.54383e-17
3.22198e-03 2.54482e-17
3.46720e-03 2.54473e-17
3.73108e-03 2.54578e-17
4.01504e-03 2.54648e-17
4.32062e-03 2.54596e-17
4.64946e-03 2.54630e-17
5.00332e-03 2.54835e-17
5.38412e-03 2.54657e-17
5.79389e-03 2.54836e-17
6.23486e-03 2.54449e-17
6.70938e-03 2.54813e-17
7.22002e-03 2.54892e-17
7.76953e-03 2.54745e-17
8.36085e-03 2.54916e-17
8.99718e-03 2.54858e-17
9.68194e-03 2.55010e-17
1.04188e-02 2.55073e-17
1.12118e-02 2.55207e-17
1.20651e-02 2.55319e-17
1.29833e-02 2.55344e-17
1.39715e-02 2.55351e-17
1.50348e-02 2.55427e-17
1.61791e-02 2.55648e-17
1.74105e-02 2.55834e-17
1.87356e-02 2.55828e-17
2.01615e-02 2.55963e-17
2.16960e-02 2.56033e-17
2.33472e-02 2.56519e-17
2.51241e-02 2.56356e-17
2.70363e-02 2.56707e-17
2.90940e-02 2.56751e-17
3.13082e-02 2.56982e-17
3.36911e-02 2.57201e-17
3.62552e-02 2.57452e-17
3.90146e-02 2.57584e-17
4.19839e-02 2.57909e-17
4.51792e-02 2.58049e-17
4.86178e-02 2.58440e-17
5.23180e-02 2.58713e-17
5.62998e-02 2.59137e-17
6.05847e-02 2.59522e-17
6.51957e-02 2.60012e-17
7.01576e-02 2.60625e-17
7.54972e-02 2.61123e-17
8.12432e-02 2.61600e-17
8.74265e-02 2.61858e-17
9.40804e-02 2.62626e-17
1.01241e-01 2.63233e-17
1.08946e-01 2.64207e-17
1.17238e-01 2.64927e-17
1.26160e-01 2.65996e-17
1.35762e-01 2.66858e-17
1.46095e-01 2.67877e-17
1.57214e-01 2.69029e-17
1.69179e-01 2.70252e-17
1.82055e-01 2.71588e-17
1.95911e-01 2.73081e-17
2.10822e-01 2.74818e-17
2.26867e-01 2.76704e-17
2.44133e-01 2.78381e-17
2.62714e-01 2.80705e-17
2.82709e-01 2.83216e-17
3.04225e-01 2.85844e-17
3.27379e-01 2.89117e-17
3.52296e-01 2.92473e-17
3.79108e-01 2.96569e-17
4.07962e-01 3.00879e-17
4.39011e-01 3.05896e-17
4.72423e-01 3.11468e-17
5.08379e-01 3.17742e-17
5.47071e-01 3.25598e-17
5.88707e-01 3.34528e-17
6.33513e-01 3.44822e-17
6.81728e-01 3.58078e-17
7.33614e-01 3.73781e-17
7.89448e-01 3.93497e-17
8.49531e-01 4.19553e-17
9.14188e-01 4.54651e-17
9.83765e-01 5.04683e-17
1.05864e+00 5.82236e-17
1.13921e+00 7.18214e-17
1.22591e+00 1.02003e-16
1.31921e+00 2.18535e-16
1.41962e+00 8.79590e-16
1.52766e+00 7.47399e-16
1.64393e+00 6.82455e-16
1.76905e+00 6.36276e-16
1.90369e+00 5.98334e-16
2.04857e+00 5.67736e-16
2.20449e+00 5.40689e-16
2.37227e+00 5.15582e-16
2.55282e+00 4.94424e-16
2.74711e+00 4.73610e-16
2.95619e+00 4.55109e-16
3.18118e+00 4.35471e-16
3.42329e+00 4.18086e-16
3.68383e+00 4.01232e-16
3.96420e+00 3.84924e-16
4.26591e+00 3.68966e-16
4.59058e+00 3.53644e-16
4.93996e+00 3.37885e-16
5.31594e+00 3.23648e-16
5.72052e+00 3.08970e-16
6.15590e+00 2.94692e-16
6.62442e+00 2.80867e-16
7.12859e+00 2.67099e-16
7.67114e+00 2.53712e-16
8.25498e+00 2.40467e-16
8.88325e+00 2.27315e-16
9.55934e+00 2.15080e-16
1.02869e+01 2.02680e-16
1.10698e+01 1.90832e-16
1.19123e+01 1.79346e-16
1.28189e+01 1.68133e-16
1.37946e+01 1.57377e-16
1.48444e+01 1.46983e-16
1.59742e+01 1.36959e-16
1.71900e+01 1.27430e-16
1.84983e+01 1.17946e-16
1.99062e+01 1.08982e-16
2.14212e+01 1.00207e-16
2.30515e+01 9.19801e-17
2.48060e+01 8.38917e-17
2.66939e+01 7.60894e-17
2.87255e+01 6.84347e-17
3.09118e+01 6.08295e-17
3.32644e+01 5.33985e-17
3.57961e+01 4.58761e-17
3.85205e+01 3.82410e-17
4.14523e+01 3.03059e-17
4.46071e+01 2.20602e-17
4.80021e+01 1.37484e-17
5.16555e+01 6.40762e-18
5.55869e+01 1.62185e-18
5.98175e+01 8.44751e-20
6.43701e+01 5.57714e-24
6.92692e+01 0.00000e+00
