3.17098e-05 2.31949e-17
3.41311e-05 2.31809e-17
3.67372e-05 2.32008e-17
3.95424e-05 2.31790e-17
4.25617e-05 2.31763e-17
4.58116e-05 2.31692e-17
4.93096e-05 2.31826e-17
5.30748e-05 2.32014e-17
5.71274e-05 2.32005e-17
6.14895e-05 2.31979e-17
6.61846e-05 2.31950e-17
7.12383e-05 2.32009e-17
7.66778e-05 2.32054e-17
8.25327e-05 2.32045e-17
8.88347e-05 2.31862e-17
9.56178e-05 2.31919e-17
1.02919e-04 2.32017e-17
1.10778e-04 2.32074e-17
1.19236e-04 2.31787e-17
1.28341e-04 2.31814e-17
1.38140e-04 2.32016e-17
1.48688e-04 2.31895e-17
1.60042e-04 2.32000e-17
1.72262e-04 2.32065e-17
1.85416e-04 2.32127e-17
1.99573e-04 2.31810e-17
2.14812e-04 2.32031e-17
2.31215e-04 2.31967e-17
2.48870e-04 2.32121e-17
2.67873e-04 2.31774e-17
2.88326e-04 2.31981e-17
3.10342e-04 2.31849e-17
3.34039e-04 2.31823e-17
3.59545e-04 2.32008e-17
3.86999e-04 2.31979e-17
4.16549e-04 2.31934e-17
4.48356e-04 2.31858e-17
4.82591e-04 2.31924e-17
5.19440e-04 2.32017e-17
5.59103e-04 2.32112e-17
6.01795e-04 2.31991e-17
6.47746e-04 2.32035e-17
6.97206e-04 2.31882e-17
7.50442e-04 2.32030e-17
8.07744e-04 2.32055e-17
8.69421e-04 2.31984e-17
9.35807e-04 2.31923e-17
1.00726e-03 2.32010e-17
1.08417e-03 2.32040e-17
1.16696e-03 2.31973e-17
1.25606e-03 2.32046e-17
1.35197e-03 2.32082e-17
1.45521e-03 2.32060e-17
1.56632e-03 2.31920e-17
1.68592e-03 2.32116e-17
1.81465e-03 2.32025e-17
1.95322e-03 2.32090e-17
2.10236e-03 2.32118e-17
2.26289e-03 2.32155e-17
2.43567e-03 2.32064e-17
2.62166e-03 2.32176e-17
2.82184e-03 2.32296e-17
3.03731e-03 2.32176e-17
3.26923e-03 2.32238e-17
3.51885e-03 2.32394e-17
3.78754e-03 2.32117e-17
4.07675e-03 2.32199e-17
4.38804e-03 2.32170e-17
4.72310e-03 2.32136e-17
5.08374e-03 2.32485e-17
5.47192e-03 2.32316e-17
5.88974e-03 2.32458e-17
6.33946e-03 2.32389e-17
6.82352e-03 2.32480e-17
7.34455e-03 2.32524e-17
7.90535e-03 2.32572e-17
8.50898e-03 2.32482e-17
9.15870e-03 2.32751e-17
9.85804e-03 2.32721e-17
1.06108e-02 2.32755e-17
1.14210e-02 2.32874e-17
1.22930e-02 2.32966e-17
1.32317e-02 2.33045e-17
1.42420e-02 2.33065e-17
1.53295e-02 2.32996e-17
1.65000e-02 2.33076e-17
1.77599e-02 2.33379e-17
1.91160e-02 2.33304e-17
2.05757e-02 2.33366e-17
2.21468e-02 2.33709e-17
2.38378e-02 2.33723e-17
2.56580e-02 2.34048e-17
2.76172e-02 2.34031e-17
2.97260e-02 2.34148e-17
3.19958e-02 2.34308e-17
3.44389e-02 2.34531e-17
3.70685e-02 2.34933e-17
3.98989e-02 2.34980e-17
4.29455e-02 2.35232e-17
4.62247e-02 2.35572e-17
4.97543e-02 2.35871e-17
5.35534e-02 2.36130e-17
5.76426e-02 2.36461e-17
6.20440e-02 2.36951e-17
6.67815e-02 2.37073e-17
7.18807e-02 2.37575e-17
7.73693e-02 2.38044e-17
8.32770e-02 2.38555e-17
8.96358e-02 2.39219e-17
9.64801e-02 2.39587e-17
1.03847e-01 2.40113e-17
1.11777e-01 2.40928e-17
1.20311e-01 2.41607e-17
1.29498e-01 2.42393e-17
1.39386e-01 2.43556e-17
1.50029e-01 2.44394e-17
1.61485e-01 2.45622e-17
1.73816e-01 2.46582e-17
1.87088e-01 2.48140e-17
2.01373e-01 2.49271e-17
2.16749e-01 2.50914e-17
2.33300e-01 2.52373e-17
2.51114e-01 2.54443e-17
2.70288e-01 2.56505e-17
2.90927e-01 2.58800e-17
3.13141e-01 2.61202e-17
3.37051e-01 2.64067e-17
3.62788e-01 2.67258e-17
3.90489e-01 2.70804e-17
4.20306e-01 2.75002e-17
4.52399e-01 2.79426e-17
4.86943e-01 2.84793e-17
5.24125e-01 2.91135e-17
5.64145e-01 2.98585e-17
6.07222e-01 3.06701e-17
6.53587e-01 3.16428e-17
7.03493e-01 3.28753e-17
7.57210e-01 3.43834e-17
8.15028e-01 3.62574e-17
8.77262e-01 3.87537e-17
9.44247e-01 4.21613e-17
1.01635e+00 4.70128e-17
1.09395e+00 5.46189e-17
1.17748e+00 6.84284e-17
1.26739e+00 1.00170e-16
1.36417e+00 2.05823e-16
1.46833e+00 7.72436e-16
1.58045e+00 6.61957e-16
1.70113e+00 6.11080e-16
1.83102e+00 5.77141e-16
1.97083e+00 5.51588e-16
2.12132e+00 5.29616e-16
2.28329e+00 5.10899e-16
2.45764e+00 4.92825e-16
2.64530e+00 4.78731e-16
2.84729e+00 4.63634e-16
3.06470e+00 4.50182e-16
3.29871e+00 4.37154e-16
3.55059e+00 4.25098e-16
3.82170e+00 4.12049e-16
4.11351e+00 4.00148e-16
4.42761e+00 3.88820e-16
4.76569e+00 3.77052e-16
5.12958e+00 3.64751e-16
5.52126e+00 3.52931e-16
5.94285e+00 3.41564e-16
6.39663e+00 3.29545e-16
6.88506e+00 3.16709e-16
7.41078e+00 3.04466e-16
7.97664e+00 2.91750e-16
8.58572e+00 2.78364e-16
9.24130e+00 2.65436e-16
9.94694e+00 2.51985e-16
1.07065e+01 2.38103e-16
1.15240e+01 2.24576e-16
1.24039e+01 2.10519e-16
1.33510e+01 1.96858e-16
1.43705e+01 1.83195e-16
1.54678e+01 1.69877e-16
1.66488e+01 1.57121e-16
1.79201e+01 1.44357e-16
1.92884e+01 1.32114e-16
2.07612e+01 1.20549e-16
2.23465e+01 1.09673e-16
2.40528e+01 9.92094e-17
2.58894e+01 8.94783e-17
2.78663e+01 8.01942e-17
2.99940e+01 7.13040e-17
3.22843e+01 6.27246e-17
3.47494e+01 5.44807e-17
3.74028e+01 4.64732e-17
4.02588e+01 3.84059e-17
4.33328e+01 3.02593e-17
4.66416e+01 2.18900e-17
5.02030e+01 1.36224e-17
5.40363e+01 6.33875e-18
5.81624e+01 1.61036e-18
6.26035e+01 8.44603e-20
6.73837e+01 5.76165e-24
7.25290e+01 0.00000e+00
