3.17098e-05 2.22010e-17
3.41349e-05 2.21795e-17
3.67454e-05 2.21926e-17
3.95556e-05 2.21882e-17
4.25807e-05 2.21886e-17
4.58372e-05 2.21751e-17
4.93427e-05 2.21828e-17
5.31163e-05 2.21831e-17
5.71784e-05 2.22013e-17
6.15513e-05 2.21744e-17
6.62586e-05 2.21812e-17
7.13259e-05 2.21868e-17
7.67807e-05 2.21801e-17
8.26526e-05 2.22071e-17
8.89737e-05 2.21799e-17
9.57782e-05 2.21740e-17
1.03103e-04 2.21749e-17
1.10988e-04 2.21990e-17
1.19476e-04 2.21718e-17
1.28613e-04 2.21811e-17
1.38449e-04 2.21946e-17
1.49038e-04 2.21831e-17
1.60436e-04 2.21740e-17
1.72705e-04 2.21920e-17
1.85913e-04 2.21886e-17
2.00131e-04 2.21894e-17
2.15437e-04 2.21721e-17
2.31913e-04 2.21819e-17
2.49649e-04 2.21916e-17
2.68741e-04 2.21856e-17
2.89294e-04 2.21875e-17
3.11418e-04 2.21800e-17
3.35235e-04 2.21665e-17
3.60873e-04 2.21844e-17
3.88471e-04 2.21722e-17
4.18181e-04 2.21758e-17
4.50162e-04 2.21948e-17
4.84589e-04 2.21986e-17
5.21649e-04 2.21827e-17
5.61543e-04 2.21857e-17
6.04489e-04 2.21846e-17
6.50718e-04 2.21876e-17
7.00484e-04 2.21938e-17
7.54055e-04 2.21749e-17
8.11723e-04 2.21926e-17
8.73801e-04 2.21983e-17
9.40627e-04 2.21968e-17
1.01256e-03 2.21959e-17
1.09000e-03 2.21967e-17
1.17336e-03 2.21665e-17
1.26310e-03 2.21947e-17
1.35970e-03 2.21930e-17
1.46368e-03 2.22064e-17
1.57562e-03 2.21873e-17
1.69612e-03 2.21936e-17
1.82583e-03 2.21769e-17
1.96547e-03 2.22027e-17
2.11578e-03 2.22115e-17
2.27759e-03 2.22101e-17
2.45178e-03 2.21948e-17
2.63928e-03 2.22194e-17
2.84113e-03 2.21978e-17
3.05841e-03 2.21981e-17
3.29231e-03 2.22105e-17
3.54409e-03 2.21966e-17
3.81514e-03 2.22138e-17
4.10691e-03 2.22138e-17
4.42099e-03 2.22084e-17
4.75910e-03 2.22097e-17
5.12306e-03 2.22181e-17
5.51486e-03 2.22321e-17
5.93662e-03 2.22354e-17
6.39064e-03 2.22267e-17
6.87938e-03 2.22265e-17
7.40549e-03 2.22239e-17
7.97184e-03 2.22531e-17
8.58151e-03 2.22296e-17
9.23780e-03 2.22476e-17
9.94428e-03 2.22720e-17
1.07048e-02 2.22591e-17
1.15235e-02 2.22625e-17
1.24047e-02 2.22810e-17
1.33534e-02 2.22816e-17
1.43747e-02 2.23027e-17
1.54740e-02 2.22914e-17
1.66574e-02 2.22976e-17
1.79313e-02 2.23174e-17
1.93027e-02 2.23319e-17
2.07789e-02 2.23367e-17
2.23680e-02 2.23554e-17
2.40786e-02 2.23545e-17
2.59201e-02 2.23683e-17
2.79024e-02 2.23783e-17
3.00363e-02 2.23927e-17
3.23334e-02 2.24198e-17
3.48062e-02 2.24436e-17
3.74680e-02 2.24470e-17
4.03335e-02 2.24760e-17
4.34181e-02 2.24882e-17
4.67386e-02 2.25356e-17
5.03130e-02 2.25499e-17
5.41608e-02 2.25724e-17
5.83029e-02 2.26001e-17
6.27618e-02 2.26562e-17
6.75616e-02 2.26815e-17
7.27285e-02 2.27397e-17
7.82906e-02 2.27851e-17
8.42781e-02 2.28104e-17
9.07234e-02 2.28833e-17
9.76617e-02 2.29230e-17
1.05131e-01 2.29916e-17
1.13171e-01 2.30530e-17
1.21826e-01 2.31220e-17
1.31143e-01 2.32027e-17
1.41172e-01 2.32948e-17
1.51969e-01 2.33747e-17
1.63591e-01 2.35067e-17
1.76102e-01 2.35913e-17
1.89569e-01 2.37114e-17
2.04067e-01 2.38587e-17
2.19674e-01 2.39789e-17
2.36474e-01 2.41882e-17
2.54559e-01 2.43153e-17
2.74027e-01 2.45457e-17
2.94983e-01 2.47604e-17
3.17543e-01 2.50030e-17
3.41828e-01 2.53021e-17
3.67970e-01 2.55987e-17
3.96111e-01 2.59351e-17
4.26405e-01 2.63236e-17
4.59015e-01 2.67944e-17
4.94119e-01 2.72701e-17
5.31908e-01 2.78822e-17
5.72587e-01 2.86105e-17
6.16377e-01 2.93900e-17
6.63515e-01 3.03433e-17
7.14259e-01 3.15626e-17
7.68884e-01 3.30701e-17
8.27686e-01 3.49023e-17
8.90985e-01 3.73101e-17
9.59125e-01 4.06971e-17
1.03248e+00 4.55283e-17
1.11144e+00 5.31895e-17
1.19644e+00 6.72229e-17
1.28794e+00 9.99862e-17
1.38644e+00 1.97739e-16
1.49247e+00 6.79092e-16
1.60661e+00 5.79622e-16
1.72948e+00 5.38938e-16
1.86174e+00 5.10652e-16
2.00412e+00 4.90166e-16
2.15739e+00 4.73168e-16
2.32238e+00 4.59063e-16
2.49999e+00 4.46122e-16
2.69119e+00 4.34513e-16
2.89700e+00 4.23787e-16
3.11855e+00 4.13191e-16
3.35705e+00 4.03831e-16
3.61379e+00 3.94444e-16
3.89016e+00 3.85650e-16
4.18767e+00 3.76438e-16
4.50794e+00 3.67114e-16
4.85269e+00 3.59132e-16
5.22381e+00 3.49948e-16
5.62331e+00 3.41036e-16
6.05337e+00 3.31838e-16
6.51631e+00 3.22724e-16
7.01466e+00 3.13308e-16
7.55113e+00 3.03217e-16
8.12862e+00 2.93241e-16
8.75027e+00 2.82707e-16
9.41947e+00 2.72153e-16
1.01398e+01 2.60410e-16
1.09153e+01 2.48465e-16
1.17501e+01 2.36394e-16
1.26487e+01 2.23509e-16
1.36160e+01 2.10140e-16
1.46574e+01 1.96905e-16
1.57783e+01 1.83122e-16
1.69850e+01 1.69205e-16
1.82840e+01 1.55235e-16
1.96823e+01 1.41724e-16
2.11875e+01 1.28823e-16
2.28079e+01 1.16432e-16
2.45522e+01 1.04669e-16
2.64298e+01 9.35413e-17
2.84511e+01 8.32324e-17
3.06270e+01 7.35676e-17
3.29693e+01 6.42672e-17
3.54907e+01 5.54966e-17
3.82049e+01 4.70253e-17
4.11267e+01 3.87310e-17
4.42720e+01 3.03493e-17
4.76578e+01 2.18930e-17
5.13025e+01 1.36101e-17
5.52260e+01 6.32552e-18
5.94495e+01 1.60603e-18
6.39960e+01 8.46824e-20
6.88903e+01 5.86230e-24
7.41588e+01 0.00000e+00
