1.00000e-06 2.45939e-39
1.09699e-06 2.64126e-39
1.20338e-06 2.80082e-39
1.32009e-06 2.98854e-39
1.44812e-06 3.13207e-39
1.58857e-06 3.33225e-39
1.74263e-06 3.57016e-39
1.91164e-06 3.79748e-39
2.09705e-06 3.99248e-39
2.30043e-06 4.27955e-39
2.52354e-06 4.54435e-39
2.76829e-06 4.85921e-39
3.03677e-06 5.13674e-39
3.33129e-06 5.47023e-39
3.65438e-06 5.87379e-39
4.00881e-06 6.20089e-39
4.39760e-06 6.53456e-39
4.82411e-06 7.02181e-39
5.29198e-06 7.56304e-39
5.80523e-06 8.07629e-39
6.36825e-06 8.56405e-39
6.98588e-06 9.16715e-39
7.66341e-06 9.67177e-39
8.40665e-06 1.01804e-38
9.22198e-06 1.09824e-38
1.01164e-05 1.19030e-38
1.10975e-05 1.25589e-38
1.21738e-05 1.34248e-38
1.33545e-05 1.43359e-38
1.46497e-05 1.54044e-38
1.60705e-05 1.61785e-38
1.76291e-05 1.72674e-38
1.93389e-05 1.86621e-38
2.12145e-05 2.00414e-38
2.32720e-05 2.11509e-38
2.55291e-05 2.27216e-38
2.80050e-05 2.43279e-38
3.07211e-05 2.60432e-38
3.37006e-05 2.80057e-38
3.69691e-05 2.91827e-38
4.05546e-05 3.15609e-38
4.44878e-05 3.42806e-38
4.88025e-05 3.65049e-38
5.35357e-05 3.94220e-38
5.87279e-05 4.18447e-38
6.44236e-05 4.48837e-38
7.06718e-05 4.79323e-38
7.75260e-05 5.02161e-38
8.50449e-05 5.56629e-38
9.32930e-05 5.95859e-38
1.02341e-04 6.50127e-38
1.12267e-04 7.55729e-38
1.23155e-04 7.55473e-38
1.35099e-04 8.06028e-38
1.48202e-04 8.48637e-38
1.62576e-04 9.70036e-38
1.78343e-04 1.07424e-37
1.95640e-04 1.07300e-37
2.14614e-04 1.24781e-37
2.35429e-04 1.29484e-37
2.58262e-04 1.27740e-37
2.83310e-04 1.39065e-37
3.10787e-04 1.53555e-37
3.40929e-04 1.52808e-37
3.73994e-04 2.27929e-37
4.10266e-04 1.76734e-37
4.50056e-04 2.40312e-37
4.93705e-04 2.43802e-37
5.41587e-04 2.06850e-37
5.94113e-04 2.65024e-37
6.51734e-04 3.16354e-37
7.14943e-04 3.76875e-37
7.84282e-04 3.21259e-37
8.60346e-04 3.42477e-37
9.43788e-04 3.72003e-37
1.03532e-03 4.28440e-37
1.13573e-03 5.45991e-37
1.24588e-03 4.56605e-37
1.36672e-03 4.25175e-37
1.49927e-03 4.71674e-37
1.64468e-03 5.04736e-37
1.80419e-03 5.86584e-37
1.97917e-03 6.65775e-37
2.17112e-03 6.16045e-37
2.38169e-03 9.82869e-37
2.61268e-03 7.59245e-37
2.86607e-03 7.83740e-37
3.14404e-03 8.47523e-37
3.44896e-03 8.69942e-37
3.78346e-03 1.08152e-36
4.15040e-03 1.28361e-36
4.55294e-03 1.07165e-36
4.99451e-03 1.43596e-36
5.47890e-03 1.32615e-36
6.01028e-03 1.59733e-36
6.59319e-03 1.46255e-36
7.23263e-03 1.87137e-36
7.93410e-03 2.00841e-36
8.70359e-03 1.87612e-36
9.54772e-03 2.57923e-36
1.04737e-02 2.58285e-36
1.14895e-02 2.61834e-36
1.26038e-02 3.18712e-36
1.38262e-02 2.98008e-36
1.51672e-02 3.66082e-36
1.66382e-02 3.68118e-36
1.82518e-02 5.10631e-36
2.00220e-02 3.79888e-36
2.19639e-02 4.16579e-36
2.40940e-02 4.83063e-36
2.64308e-02 4.50714e-36
2.89942e-02 5.29235e-36
3.18063e-02 5.64576e-36
3.48910e-02 5.49265e-36
3.82749e-02 5.83517e-36
4.19871e-02 6.33111e-36
4.60592e-02 6.43130e-36
5.05263e-02 6.02016e-36
5.54266e-02 7.39376e-36
6.08022e-02 7.48008e-36
6.66992e-02 8.12138e-36
7.31681e-02 9.41630e-36
8.02643e-02 8.68956e-36
8.80488e-02 8.76166e-36
9.65883e-02 9.67485e-36
1.05956e-01 9.82257e-36
1.16232e-01 1.18634e-35
1.27505e-01 1.12226e-35
1.39871e-01 1.11390e-35
1.53437e-01 1.31377e-35
1.68318e-01 1.28862e-35
1.84642e-01 1.32396e-35
2.02550e-01 1.42808e-35
2.22195e-01 1.59939e-35
2.43744e-01 1.59655e-35
2.67384e-01 1.81252e-35
2.93317e-01 1.80476e-35
3.21764e-01 2.04337e-35
3.52971e-01 2.14428e-35
3.87204e-01 2.25275e-35
4.24757e-01 2.55211e-35
4.65953e-01 3.00076e-35
5.11143e-01 3.08264e-35
5.60717e-01 3.28265e-35
6.15099e-01 3.65956e-35
6.74754e-01 4.07167e-35
7.40196e-01 4.84576e-35
8.11984e-01 5.46776e-35
8.90735e-01 6.20317e-35
9.77124e-01 7.80608e-35
1.07189e+00 8.93312e-35
1.17585e+00 9.82544e-35
1.28989e+00 1.17150e-34
1.41499e+00 1.49825e-34
1.55223e+00 1.93074e-34
1.70277e+00 2.01702e-34
1.86791e+00 2.95307e-34
2.04907e+00 3.76248e-34
2.24781e+00 4.67612e-34
2.46581e+00 5.96468e-34
2.70496e+00 7.70468e-34
2.96730e+00 1.02423e-33
3.25509e+00 1.15279e-33
3.57079e+00 1.38959e-33
3.91710e+00 1.57919e-33
4.29700e+00 1.79258e-33
4.71375e+00 2.02261e-33
5.17092e+00 2.27200e-33
5.67243e+00 2.54871e-33
6.22257e+00 2.85327e-33
6.82607e+00 3.19242e-33
7.48810e+00 3.56741e-33
8.21434e+00 3.98631e-33
9.01102e+00 4.45107e-33
9.88496e+00 4.96724e-33
1.08437e+01 5.54374e-33
1.18953e+01 6.18771e-33
1.30490e+01 6.90579e-33
1.43146e+01 7.70630e-33
1.57029e+01 8.60419e-33
1.72259e+01 9.60258e-33
1.88965e+01 1.07307e-32
2.07292e+01 1.19971e-32
2.27397e+01 1.34195e-32
2.49451e+01 1.50314e-32
2.73644e+01 1.68488e-32
3.00184e+01 1.89055e-32
3.29297e+01 2.12435e-32
3.61234e+01 2.39003e-32
3.96269e+01 2.69401e-32
4.34701e+01 3.04460e-32
4.76861e+01 3.44387e-32
5.23110e+01 3.90510e-32
5.73844e+01 4.43985e-32
6.29499e+01 5.05694e-32
6.90551e+01 5.77374e-32
7.57525e+01 6.61167e-32
8.30994e+01 7.58963e-32
9.11589e+01 8.74549e-32
1.00000e+02 1.00962e-31
