1.00000e-06 4.75299e-39
1.09699e-06 5.08577e-39
1.20338e-06 5.37411e-39
1.32009e-06 5.71503e-39
1.44812e-06 5.97024e-39
1.58857e-06 6.33226e-39
1.74263e-06 6.76436e-39
1.91164e-06 7.17478e-39
2.09705e-06 7.52283e-39
2.30043e-06 8.04293e-39
2.52354e-06 8.51950e-39
2.76829e-06 9.08827e-39
3.03677e-06 9.58564e-39
3.33129e-06 1.01859e-38
3.65438e-06 1.09148e-38
4.00881e-06 1.14999e-38
4.39760e-06 1.20959e-38
4.82411e-06 1.29744e-38
5.29198e-06 1.39504e-38
5.80523e-06 1.48726e-38
6.36825e-06 1.57460e-38
6.98588e-06 1.68296e-38
7.66341e-06 1.77305e-38
8.40665e-06 1.86374e-38
9.22198e-06 2.00793e-38
1.01164e-05 2.17353e-38
1.10975e-05 2.29054e-38
1.21738e-05 2.44569e-38
1.33545e-05 2.60882e-38
1.46497e-05 2.80034e-38
1.60705e-05 2.93814e-38
1.76291e-05 3.13293e-38
1.93389e-05 3.38289e-38
2.12145e-05 3.62979e-38
2.32720e-05 3.82756e-38
2.55291e-05 4.10855e-38
2.80050e-05 4.39569e-38
3.07211e-05 4.70222e-38
3.37006e-05 5.05310e-38
3.69691e-05 5.26200e-38
4.05546e-05 5.68725e-38
4.44878e-05 6.17365e-38
4.88025e-05 6.57046e-38
5.35357e-05 7.09164e-38
5.87279e-05 7.52354e-38
6.44236e-05 8.06593e-38
7.06718e-05 8.60968e-38
7.75260e-05 9.01580e-38
8.50449e-05 9.98941e-38
9.32930e-05 1.06890e-37
1.02341e-04 1.16579e-37
1.12267e-04 1.35464e-37
1.23155e-04 1.35370e-37
1.35099e-04 1.44379e-37
1.48202e-04 1.51961e-37
1.62576e-04 1.73645e-37
1.78343e-04 1.92241e-37
1.95640e-04 1.91964e-37
2.14614e-04 2.23178e-37
2.35429e-04 2.31529e-37
2.58262e-04 2.28354e-37
2.83310e-04 2.48540e-37
3.10787e-04 2.74374e-37
3.40929e-04 2.72980e-37
3.73994e-04 4.07094e-37
4.10266e-04 3.15594e-37
4.50056e-04 4.29045e-37
4.93705e-04 4.35198e-37
5.41587e-04 3.69173e-37
5.94113e-04 4.72921e-37
6.51734e-04 5.64428e-37
7.14943e-04 6.72307e-37
7.84282e-04 5.73012e-37
8.60346e-04 6.10775e-37
9.43788e-04 6.63345e-37
1.03532e-03 7.63886e-37
1.13573e-03 9.73359e-37
1.24588e-03 8.13914e-37
1.36672e-03 7.57807e-37
1.49927e-03 8.40599e-37
1.64468e-03 8.99432e-37
1.80419e-03 1.04519e-36
1.97917e-03 1.18618e-36
2.17112e-03 1.09749e-36
2.38169e-03 1.75084e-36
2.61268e-03 1.35238e-36
2.86607e-03 1.39591e-36
3.14404e-03 1.50940e-36
3.44896e-03 1.54922e-36
3.78346e-03 1.92588e-36
4.15040e-03 2.28560e-36
4.55294e-03 1.90807e-36
4.99451e-03 2.55659e-36
5.47890e-03 2.36096e-36
6.01028e-03 2.84359e-36
6.59319e-03 2.60353e-36
7.23263e-03 3.33112e-36
7.93410e-03 3.57490e-36
8.70359e-03 3.33929e-36
9.54772e-03 4.59056e-36
1.04737e-02 4.59683e-36
1.14895e-02 4.65981e-36
1.26038e-02 5.67185e-36
1.38262e-02 5.30321e-36
1.51672e-02 6.51442e-36
1.66382e-02 6.55045e-36
1.82518e-02 9.08613e-36
2.00220e-02 6.75950e-36
2.19639e-02 7.41216e-36
2.40940e-02 8.59488e-36
2.64308e-02 8.01922e-36
2.89942e-02 9.41628e-36
3.18063e-02 1.00451e-35
3.48910e-02 9.77266e-36
3.82749e-02 1.03821e-35
4.19871e-02 1.12645e-35
4.60592e-02 1.14427e-35
5.05263e-02 1.07112e-35
5.54266e-02 1.31552e-35
6.08022e-02 1.33087e-35
6.66992e-02 1.44498e-35
7.31681e-02 1.67537e-35
8.02643e-02 1.54607e-35
8.80488e-02 1.55890e-35
9.65883e-02 1.72137e-35
1.05956e-01 1.74766e-35
1.16232e-01 2.11076e-35
1.27505e-01 1.99675e-35
1.39871e-01 1.98188e-35
1.53437e-01 2.33749e-35
1.68318e-01 2.29275e-35
1.84642e-01 2.35562e-35
2.02550e-01 2.54087e-35
2.22195e-01 2.84567e-35
2.43744e-01 2.84062e-35
2.67384e-01 3.22487e-35
2.93317e-01 3.21106e-35
3.21764e-01 3.63561e-35
3.52971e-01 3.81515e-35
3.87204e-01 4.00815e-35
4.24757e-01 4.54078e-35
4.65953e-01 5.33902e-35
5.11143e-01 5.48471e-35
5.60717e-01 5.84058e-35
6.15099e-01 6.51117e-35
6.74754e-01 7.24442e-35
7.40196e-01 8.62169e-35
8.11984e-01 9.72837e-35
8.90735e-01 1.10368e-34
9.77124e-01 1.38888e-34
1.07189e+00 1.58940e-34
1.17585e+00 1.74817e-34
1.28989e+00 2.08436e-34
1.41499e+00 2.66572e-34
1.55223e+00 3.43522e-34
1.70277e+00 3.58873e-34
1.86791e+00 5.25417e-34
2.04907e+00 6.69430e-34
2.24781e+00 8.31987e-34
2.46581e+00 1.06125e-33
2.70496e+00 1.37084e-33
2.96730e+00 1.82234e-33
3.25509e+00 2.05107e-33
3.57079e+00 2.47239e-33
3.91710e+00 2.80973e-33
4.29700e+00 3.18939e-33
4.71375e+00 3.59868e-33
5.17092e+00 4.04239e-33
5.67243e+00 4.53472e-33
6.22257e+00 5.07660e-33
6.82607e+00 5.68003e-33
7.48810e+00 6.34722e-33
8.21434e+00 7.09254e-33
9.01102e+00 7.91944e-33
9.88496e+00 8.83783e-33
1.08437e+01 9.86356e-33
1.18953e+01 1.10093e-32
1.30490e+01 1.22870e-32
1.43146e+01 1.37112e-32
1.57029e+01 1.53088e-32
1.72259e+01 1.70851e-32
1.88965e+01 1.90923e-32
2.07292e+01 2.13456e-32
2.27397e+01 2.38762e-32
2.49451e+01 2.67442e-32
2.73644e+01 2.99778e-32
3.00184e+01 3.36372e-32
3.29297e+01 3.77969e-32
3.61234e+01 4.25240e-32
3.96269e+01 4.79324e-32
4.34701e+01 5.41703e-32
4.76861e+01 6.12742e-32
5.23110e+01 6.94804e-32
5.73844e+01 7.89949e-32
6.29499e+01 8.99743e-32
6.90551e+01 1.02728e-31
7.57525e+01 1.17636e-31
8.30994e+01 1.35036e-31
9.11589e+01 1.55602e-31
1.00000e+02 1.79634e-31
