3.17098e-06 7.20332e-16
3.45651e-06 7.20619e-16
3.76774e-06 7.20513e-16
4.10700e-06 7.20466e-16
4.47681e-06 7.20524e-16
4.87992e-06 7.20601e-16
5.31932e-06 7.20500e-16
5.79829e-06 7.20471e-16
6.32039e-06 7.20307e-16
6.88950e-06 7.20507e-16
7.50986e-06 7.20627e-16
8.18607e-06 7.20472e-16
8.92317e-06 7.20376e-16
9.72665e-06 7.20519e-16
1.06025e-05 7.20438e-16
1.15571e-05 7.20450e-16
1.25978e-05 7.20499e-16
1.37321e-05 7.20462e-16
1.49686e-05 7.20614e-16
1.63165e-05 7.20472e-16
1.77857e-05 7.20497e-16
1.93871e-05 7.20433e-16
2.11328e-05 7.20438e-16
2.30357e-05 7.20413e-16
2.51099e-05 7.20521e-16
2.73709e-05 7.20363e-16
2.98355e-05 7.20520e-16
3.25220e-05 7.20470e-16
3.54503e-05 7.20490e-16
3.86424e-05 7.20431e-16
4.21219e-05 7.20495e-16
4.59147e-05 7.20461e-16
5.00490e-05 7.20523e-16
5.45556e-05 7.20483e-16
5.94680e-05 7.20390e-16
6.48227e-05 7.20525e-16
7.06596e-05 7.20422e-16
7.70220e-05 7.20340e-16
8.39573e-05 7.20518e-16
9.15171e-05 7.20473e-16
9.97577e-05 7.20488e-16
1.08740e-04 7.20499e-16
1.18532e-04 7.20467e-16
1.29205e-04 7.20531e-16
1.40839e-04 7.20536e-16
1.53520e-04 7.20447e-16
1.67344e-04 7.20477e-16
1.82412e-04 7.20435e-16
1.98837e-04 7.20388e-16
2.16741e-04 7.20405e-16
2.36257e-04 7.20535e-16
2.57530e-04 7.20557e-16
2.80719e-04 7.20534e-16
3.05996e-04 7.20448e-16
3.33549e-04 7.20525e-16
3.63583e-04 7.20459e-16
3.96321e-04 7.20471e-16
4.32007e-04 7.20465e-16
4.70907e-04 7.20583e-16
5.13309e-04 7.20393e-16
5.59529e-04 7.20505e-16
6.09911e-04 7.20432e-16
6.64830e-04 7.20576e-16
7.24693e-04 7.20429e-16
7.89947e-04 7.20521e-16
8.61077e-04 7.20558e-16
9.38611e-04 7.20487e-16
1.02313e-03 7.20571e-16
1.11525e-03 7.20483e-16
1.21567e-03 7.20493e-16
1.32514e-03 7.20466e-16
1.44446e-03 7.20544e-16
1.57452e-03 7.20528e-16
1.71630e-03 7.20401e-16
1.87084e-03 7.20477e-16
2.03930e-03 7.20521e-16
2.22292e-03 7.20546e-16
2.42308e-03 7.20578e-16
2.64126e-03 7.20410e-16
2.87909e-03 7.20524e-16
3.13833e-03 7.20569e-16
3.42092e-03 7.20441e-16
3.72895e-03 7.20546e-16
4.06472e-03 7.20539e-16
4.43072e-03 7.20451e-16
4.82968e-03 7.20473e-16
5.26456e-03 7.20588e-16
5.73860e-03 7.20504e-16
6.25532e-03 7.20491e-16
6.81857e-03 7.20511e-16
7.43254e-03 7.20564e-16
8.10179e-03 7.20556e-16
8.83131e-03 7.20645e-16
9.62651e-03 7.20581e-16
1.04933e-02 7.20563e-16
1.14382e-02 7.20566e-16
1.24681e-02 7.20609e-16
1.35908e-02 7.20636e-16
1.48145e-02 7.20591e-16
1.61485e-02 7.20591e-16
1.76026e-02 7.20622e-16
1.91875e-02 7.20714e-16
2.09153e-02 7.20694e-16
2.27985e-02 7.20737e-16
2.48514e-02 7.20790e-16
2.70891e-02 7.20751e-16
2.95283e-02 7.20848e-16
3.21871e-02 7.20822e-16
3.50854e-02 7.20728e-16
3.82446e-02 7.20948e-16
4.16883e-02 7.20952e-16
4.54420e-02 7.20935e-16
4.95338e-02 7.20888e-16
5.39940e-02 7.21079e-16
5.88558e-02 7.21041e-16
6.41554e-02 7.21175e-16
6.99321e-02 7.21247e-16
7.62291e-02 7.21207e-16
8.30930e-02 7.21294e-16
9.05750e-02 7.21319e-16
9.87307e-02 7.21455e-16
1.07621e-01 7.21555e-16
1.17311e-01 7.21647e-16
1.27874e-01 7.21798e-16
1.39389e-01 7.21712e-16
1.51940e-01 7.22032e-16
1.65621e-01 7.22205e-16
1.80534e-01 7.22250e-16
1.96790e-01 7.22318e-16
2.14509e-01 7.22547e-16
2.33825e-01 7.22702e-16
2.54879e-01 7.22940e-16
2.77829e-01 7.23273e-16
3.02846e-01 7.23507e-16
3.30115e-01 7.23695e-16
3.59840e-01 7.24059e-16
3.92241e-01 7.24331e-16
4.27560e-01 7.24818e-16
4.66059e-01 7.25099e-16
5.08025e-01 7.25614e-16
5.53769e-01 7.26098e-16
6.03632e-01 7.26543e-16
6.57985e-01 7.27206e-16
7.17233e-01 7.27876e-16
7.81815e-01 7.28658e-16
8.52212e-01 7.29334e-16
9.28948e-01 7.30347e-16
1.01259e+00 7.31448e-16
1.10377e+00 7.32570e-16
1.20316e+00 7.33979e-16
1.31150e+00 7.35575e-16
1.42959e+00 7.37525e-16
1.55831e+00 7.40143e-16
1.69863e+00 7.44960e-16
1.85158e+00 1.48475e-15
2.01830e+00 1.48519e-15
2.20004e+00 1.48779e-15
2.39813e+00 1.49093e-15
2.61407e+00 1.49324e-15
2.84945e+00 1.49556e-15
3.10603e+00 1.50031e-15
3.38570e+00 1.50399e-15
3.69056e+00 1.50699e-15
4.02287e+00 1.51197e-15
4.38511e+00 1.51805e-15
4.77996e+00 1.52301e-15
5.21036e+00 1.52965e-15
5.67952e+00 1.53593e-15
6.19093e+00 1.54415e-15
6.74838e+00 1.55170e-15
7.35603e+00 1.56120e-15
8.01839e+00 1.57195e-15
8.74039e+00 1.58327e-15
9.52741e+00 1.59650e-15
1.03853e+01 1.61076e-15
1.13204e+01 1.62550e-15
1.23397e+01 1.64371e-15
1.34509e+01 1.66359e-15
1.46620e+01 1.68556e-15
1.59822e+01 1.71129e-15
1.74213e+01 1.73941e-15
1.89900e+01 1.77191e-15
2.06999e+01 1.80905e-15
2.25638e+01 1.85102e-15
2.45956e+01 1.89950e-15
2.68102e+01 1.95584e-15
2.92243e+01 2.02157e-15
3.18558e+01 2.09817e-15
3.47242e+01 2.18869e-15
3.78509e+01 2.29554e-15
4.12591e+01 2.42106e-15
4.49742e+01 2.56669e-15
4.90238e+01 2.72713e-15
5.34381e+01 2.87717e-15
5.82499e+01 2.93419e-15
6.34949e+01 2.69395e-15
6.92122e+01 1.83101e-15
7.54443e+01 4.78780e-16
8.22376e+01 1.12386e-18
8.96425e+01 0.00000e+00
