3.17098e-06 3.71794e-16
3.45485e-06 3.71828e-16
3.76413e-06 3.71813e-16
4.10110e-06 3.71818e-16
4.46824e-06 3.71804e-16
4.86825e-06 3.71808e-16
5.30406e-06 3.71851e-16
5.77889e-06 3.71829e-16
6.29622e-06 3.71835e-16
6.85987e-06 3.71812e-16
7.47397e-06 3.71828e-16
8.14306e-06 3.71843e-16
8.87203e-06 3.71831e-16
9.66627e-06 3.71859e-16
1.05316e-05 3.71858e-16
1.14744e-05 3.71827e-16
1.25016e-05 3.71815e-16
1.36208e-05 3.71828e-16
1.48401e-05 3.71820e-16
1.61687e-05 3.71795e-16
1.76161e-05 3.71818e-16
1.91931e-05 3.71837e-16
2.09113e-05 3.71833e-16
2.27833e-05 3.71832e-16
2.48229e-05 3.71841e-16
2.70451e-05 3.71780e-16
2.94662e-05 3.71807e-16
3.21041e-05 3.71832e-16
3.49781e-05 3.71817e-16
3.81094e-05 3.71834e-16
4.15210e-05 3.71797e-16
4.52380e-05 3.71819e-16
4.92878e-05 3.71785e-16
5.37001e-05 3.71818e-16
5.85075e-05 3.71818e-16
6.37451e-05 3.71816e-16
6.94517e-05 3.71796e-16
7.56691e-05 3.71829e-16
8.24431e-05 3.71836e-16
8.98236e-05 3.71860e-16
9.78647e-05 3.71807e-16
1.06626e-04 3.71833e-16
1.16171e-04 3.71817e-16
1.26571e-04 3.71815e-16
1.37902e-04 3.71827e-16
1.50247e-04 3.71826e-16
1.63697e-04 3.71827e-16
1.78352e-04 3.71811e-16
1.94318e-04 3.71818e-16
2.11713e-04 3.71868e-16
2.30666e-04 3.71853e-16
2.51316e-04 3.71823e-16
2.73814e-04 3.71853e-16
2.98326e-04 3.71843e-16
3.25033e-04 3.71824e-16
3.54131e-04 3.71872e-16
3.85833e-04 3.71861e-16
4.20373e-04 3.71819e-16
4.58006e-04 3.71834e-16
4.99007e-04 3.71835e-16
5.43679e-04 3.71832e-16
5.92350e-04 3.71853e-16
6.45378e-04 3.71860e-16
7.03153e-04 3.71846e-16
7.66101e-04 3.71890e-16
8.34683e-04 3.71876e-16
9.09405e-04 3.71858e-16
9.90817e-04 3.71831e-16
1.07952e-03 3.71882e-16
1.17616e-03 3.71846e-16
1.28145e-03 3.71838e-16
1.39616e-03 3.71907e-16
1.52115e-03 3.71908e-16
1.65733e-03 3.71940e-16
1.80569e-03 3.71899e-16
1.96734e-03 3.71923e-16
2.14346e-03 3.71942e-16
2.33535e-03 3.71912e-16
2.54441e-03 3.71962e-16
2.77219e-03 3.71932e-16
3.02036e-03 3.71944e-16
3.29075e-03 3.71947e-16
3.58534e-03 3.71961e-16
3.90631e-03 3.71978e-16
4.25601e-03 3.72013e-16
4.63701e-03 3.71985e-16
5.05212e-03 3.72047e-16
5.50440e-03 3.72030e-16
5.99716e-03 3.72102e-16
6.53403e-03 3.72104e-16
7.11897e-03 3.72112e-16
7.75627e-03 3.72135e-16
8.45062e-03 3.72162e-16
9.20714e-03 3.72190e-16
1.00314e-02 3.72243e-16
1.09294e-02 3.72310e-16
1.19078e-02 3.72322e-16
1.29738e-02 3.72381e-16
1.41353e-02 3.72440e-16
1.54007e-02 3.72461e-16
1.67794e-02 3.72508e-16
1.82815e-02 3.72621e-16
1.99181e-02 3.72647e-16
2.17012e-02 3.72726e-16
2.36439e-02 3.72819e-16
2.57605e-02 3.72890e-16
2.80666e-02 3.73055e-16
3.05792e-02 3.73090e-16
3.33167e-02 3.73229e-16
3.62993e-02 3.73363e-16
3.95488e-02 3.73517e-16
4.30893e-02 3.73648e-16
4.69467e-02 3.73833e-16
5.11494e-02 3.73994e-16
5.57284e-02 3.74152e-16
6.07173e-02 3.74431e-16
6.61528e-02 3.74613e-16
7.20749e-02 3.74910e-16
7.85272e-02 3.75157e-16
8.55571e-02 3.75505e-16
9.32163e-02 3.75818e-16
1.01561e-01 3.76221e-16
1.10653e-01 3.76641e-16
1.20559e-01 3.77050e-16
1.31351e-01 3.77573e-16
1.43110e-01 3.78102e-16
1.55922e-01 3.78734e-16
1.69880e-01 3.79383e-16
1.85088e-01 3.80116e-16
2.01657e-01 3.80878e-16
2.19710e-01 3.81736e-16
2.39379e-01 3.82739e-16
2.60808e-01 3.83763e-16
2.84156e-01 3.84992e-16
3.09594e-01 3.86271e-16
3.37310e-01 3.87724e-16
3.67506e-01 3.89382e-16
4.00406e-01 3.91155e-16
4.36251e-01 3.93195e-16
4.75305e-01 3.95478e-16
5.17855e-01 3.98082e-16
5.64214e-01 4.01038e-16
6.14723e-01 4.04345e-16
6.69754e-01 4.08228e-16
7.29712e-01 4.12681e-16
7.95037e-01 4.17904e-16
8.66210e-01 4.24043e-16
9.43754e-01 4.31591e-16
1.02824e+00 4.40783e-16
1.12029e+00 4.52423e-16
1.22058e+00 4.67995e-16
1.32985e+00 4.90572e-16
1.44890e+00 5.29141e-16
1.57861e+00 6.58624e-16
1.71993e+00 9.15283e-16
1.87390e+00 8.55976e-16
2.04165e+00 8.19121e-16
2.22442e+00 7.91208e-16
2.42355e+00 7.67749e-16
2.64051e+00 7.46997e-16
2.87690e+00 7.28708e-16
3.13444e+00 7.10954e-16
3.41504e+00 6.94685e-16
3.72076e+00 6.79124e-16
4.05385e+00 6.64463e-16
4.41676e+00 6.49786e-16
4.81215e+00 6.36038e-16
5.24294e+00 6.22271e-16
5.71230e+00 6.08860e-16
6.22367e+00 5.95469e-16
6.78083e+00 5.82335e-16
7.38786e+00 5.69392e-16
8.04923e+00 5.56606e-16
8.76981e+00 5.43467e-16
9.55489e+00 5.30506e-16
1.04103e+01 5.17508e-16
1.13422e+01 5.04196e-16
1.23576e+01 4.90910e-16
1.34638e+01 4.77130e-16
1.46692e+01 4.63234e-16
1.59824e+01 4.48812e-16
1.74131e+01 4.33917e-16
1.89720e+01 4.18456e-16
2.06704e+01 4.02305e-16
2.25208e+01 3.85293e-16
2.45369e+01 3.67293e-16
2.67335e+01 3.48128e-16
2.91267e+01 3.27548e-16
3.17342e+01 3.05389e-16
3.45751e+01 2.81128e-16
3.76703e+01 2.54496e-16
4.10426e+01 2.24666e-16
4.47168e+01 1.90750e-16
4.87199e+01 1.51614e-16
5.30814e+01 1.06706e-16
5.78333e+01 5.91504e-17
6.30106e+01 1.96103e-17
6.86515e+01 1.71046e-18
7.47972e+01 5.35525e-22
8.14932e+01 0.00000e+00
