1.58549e-07 1.66584e-17
1.75406e-07 1.66620e-17
1.94054e-07 1.66600e-17
2.14686e-07 1.66611e-17
2.37511e-07 1.66616e-17
2.62763e-07 1.66599e-17
2.90699e-07 1.66602e-17
3.21606e-07 1.66596e-17
3.55799e-07 1.66606e-17
3.93627e-07 1.66618e-17
4.35477e-07 1.66607e-17
4.81776e-07 1.66612e-17
5.32997e-07 1.66603e-17
5.89665e-07 1.66620e-17
6.52357e-07 1.66604e-17
7.21715e-07 1.66602e-17
7.98446e-07 1.66622e-17
8.83336e-07 1.66591e-17
9.77250e-07 1.66616e-17
1.08115e-06 1.66609e-17
1.19610e-06 1.66608e-17
1.32326e-06 1.66620e-17
1.46395e-06 1.66602e-17
1.61960e-06 1.66610e-17
1.79179e-06 1.66618e-17
1.98229e-06 1.66616e-17
2.19304e-06 1.66609e-17
2.42620e-06 1.66605e-17
2.68415e-06 1.66614e-17
2.96953e-06 1.66630e-17
3.28524e-06 1.66620e-17
3.63452e-06 1.66594e-17
4.02094e-06 1.66607e-17
4.44844e-06 1.66587e-17
4.92139e-06 1.66621e-17
5.44463e-06 1.66602e-17
6.02349e-06 1.66608e-17
6.66390e-06 1.66614e-17
7.37240e-06 1.66615e-17
8.15622e-06 1.66626e-17
9.02337e-06 1.66605e-17
9.98272e-06 1.66591e-17
1.10441e-05 1.66597e-17
1.22183e-05 1.66609e-17
1.35173e-05 1.66619e-17
1.49544e-05 1.66633e-17
1.65443e-05 1.66603e-17
1.83033e-05 1.66601e-17
2.02493e-05 1.66608e-17
2.24022e-05 1.66601e-17
2.47839e-05 1.66612e-17
2.74189e-05 1.66599e-17
3.03341e-05 1.66589e-17
3.35591e-05 1.66604e-17
3.71271e-05 1.66607e-17
4.10744e-05 1.66613e-17
4.54413e-05 1.66597e-17
5.02726e-05 1.66607e-17
5.56175e-05 1.66613e-17
6.15306e-05 1.66629e-17
6.80725e-05 1.66606e-17
7.53098e-05 1.66618e-17
8.33167e-05 1.66613e-17
9.21748e-05 1.66615e-17
1.01975e-04 1.66627e-17
1.12816e-04 1.66625e-17
1.24811e-04 1.66624e-17
1.38081e-04 1.66629e-17
1.52761e-04 1.66615e-17
1.69002e-04 1.66638e-17
1.86970e-04 1.66601e-17
2.06849e-04 1.66607e-17
2.28841e-04 1.66612e-17
2.53171e-04 1.66617e-17
2.80087e-04 1.66617e-17
3.09866e-04 1.66626e-17
3.42810e-04 1.66621e-17
3.79257e-04 1.66604e-17
4.19579e-04 1.66637e-17
4.64188e-04 1.66629e-17
5.13540e-04 1.66646e-17
5.68139e-04 1.66629e-17
6.28542e-04 1.66655e-17
6.95368e-04 1.66644e-17
7.69299e-04 1.66642e-17
8.51089e-04 1.66645e-17
9.41576e-04 1.66671e-17
1.04168e-03 1.66672e-17
1.15243e-03 1.66676e-17
1.27496e-03 1.66672e-17
1.41051e-03 1.66669e-17
1.56047e-03 1.66683e-17
1.72638e-03 1.66683e-17
1.90992e-03 1.66688e-17
2.11298e-03 1.66690e-17
2.33763e-03 1.66725e-17
2.58617e-03 1.66732e-17
2.86112e-03 1.66747e-17
3.16531e-03 1.66755e-17
3.50185e-03 1.66785e-17
3.87416e-03 1.66798e-17
4.28605e-03 1.66815e-17
4.74174e-03 1.66838e-17
5.24587e-03 1.66864e-17
5.80360e-03 1.66875e-17
6.42063e-03 1.66910e-17
7.10326e-03 1.66943e-17
7.85847e-03 1.66971e-17
8.69397e-03 1.67029e-17
9.61830e-03 1.67085e-17
1.06409e-02 1.67101e-17
1.17722e-02 1.67174e-17
1.30238e-02 1.67230e-17
1.44085e-02 1.67285e-17
1.59404e-02 1.67371e-17
1.76352e-02 1.67449e-17
1.95101e-02 1.67523e-17
2.15844e-02 1.67624e-17
2.38792e-02 1.67742e-17
2.64180e-02 1.67874e-17
2.92267e-02 1.68007e-17
3.23340e-02 1.68140e-17
3.57717e-02 1.68309e-17
3.95749e-02 1.68476e-17
4.37825e-02 1.68698e-17
4.84374e-02 1.68931e-17
5.35872e-02 1.69219e-17
5.92845e-02 1.69463e-17
6.55875e-02 1.69798e-17
7.25606e-02 1.70130e-17
8.02752e-02 1.70506e-17
8.88099e-02 1.70941e-17
9.82520e-02 1.71420e-17
1.08698e-01 1.71971e-17
1.20255e-01 1.72589e-17
1.33040e-01 1.73239e-17
1.47184e-01 1.73992e-17
1.62833e-01 1.74856e-17
1.80145e-01 1.75817e-17
1.99298e-01 1.76892e-17
2.20487e-01 1.78113e-17
2.43929e-01 1.79516e-17
2.69863e-01 1.81117e-17
2.98554e-01 1.82917e-17
3.30296e-01 1.85016e-17
3.65412e-01 1.87400e-17
4.04262e-01 1.90239e-17
4.47243e-01 1.93531e-17
4.94793e-01 1.97383e-17
5.47399e-01 2.01995e-17
6.05597e-01 2.07574e-17
6.69983e-01 2.14455e-17
7.41215e-01 2.22982e-17
8.20020e-01 2.34008e-17
9.07203e-01 2.48567e-17
1.00366e+00 2.68898e-17
1.11036e+00 2.99148e-17
1.22841e+00 3.49553e-17
1.35902e+00 4.53824e-17
1.50351e+00 9.44176e-17
1.66336e+00 3.25558e-16
1.84020e+00 3.56089e-16
2.03585e+00 4.35307e-16
2.25230e+00 4.09145e-16
2.49176e+00 3.92373e-16
2.75668e+00 3.79904e-16
3.04976e+00 3.69672e-16
3.37401e+00 3.60735e-16
3.73273e+00 3.52958e-16
4.12959e+00 3.45931e-16
4.56864e+00 3.39731e-16
5.05437e+00 3.33963e-16
5.59174e+00 3.28742e-16
6.18625e+00 3.23780e-16
6.84396e+00 3.19163e-16
7.57160e+00 3.14819e-16
8.37660e+00 3.10612e-16
9.26718e+00 3.06585e-16
1.02525e+01 3.02587e-16
1.13425e+01 2.98765e-16
1.25484e+01 2.94637e-16
1.38825e+01 2.90577e-16
1.53585e+01 2.85943e-16
1.69914e+01 2.80994e-16
1.87979e+01 2.75270e-16
2.07964e+01 2.68618e-16
2.30075e+01 2.60677e-16
2.54536e+01 2.51173e-16
2.81598e+01 2.39248e-16
3.11537e+01 2.24029e-16
3.44659e+01 2.03991e-16
3.81302e+01 1.76934e-16
4.21842e+01 1.41484e-16
4.66691e+01 1.00921e-16
5.16309e+01 6.53111e-17
5.71203e+01 4.12026e-17
6.31932e+01 2.44436e-17
6.99118e+01 1.13764e-17
7.73447e+01 2.67886e-18
8.55679e+01 6.28488e-20
