3.17098e-06 2.54821e-17
3.45941e-06 2.54873e-17
3.77407e-06 2.54825e-17
4.11736e-06 2.54863e-17
4.49187e-06 2.54826e-17
4.90044e-06 2.54835e-17
5.34618e-06 2.54855e-17
5.83247e-06 2.54895e-17
6.36298e-06 2.54874e-17
6.94175e-06 2.54874e-17
7.57316e-06 2.54859e-17
8.26201e-06 2.54790e-17
9.01351e-06 2.54811e-17
9.83337e-06 2.54828e-17
1.07278e-05 2.54876e-17
1.17036e-05 2.54833e-17
1.27681e-05 2.54821e-17
1.39295e-05 2.54833e-17
1.51965e-05 2.54862e-17
1.65788e-05 2.54854e-17
1.80868e-05 2.54862e-17
1.97319e-05 2.54815e-17
2.15267e-05 2.54896e-17
2.34848e-05 2.54836e-17
2.56209e-05 2.54843e-17
2.79514e-05 2.54889e-17
3.04938e-05 2.54852e-17
3.32675e-05 2.54825e-17
3.62935e-05 2.54823e-17
3.95947e-05 2.54840e-17
4.31962e-05 2.54816e-17
4.71253e-05 2.54855e-17
5.14117e-05 2.54876e-17
5.60881e-05 2.54814e-17
6.11898e-05 2.54860e-17
6.67555e-05 2.54824e-17
7.28276e-05 2.54823e-17
7.94519e-05 2.54837e-17
8.66787e-05 2.54835e-17
9.45629e-05 2.54856e-17
1.03164e-04 2.54811e-17
1.12548e-04 2.54827e-17
1.22785e-04 2.54868e-17
1.33954e-04 2.54828e-17
1.46138e-04 2.54826e-17
1.59430e-04 2.54842e-17
1.73932e-04 2.54868e-17
1.89753e-04 2.54785e-17
2.07012e-04 2.54832e-17
2.25842e-04 2.54855e-17
2.46384e-04 2.54838e-17
2.68795e-04 2.54802e-17
2.93245e-04 2.54876e-17
3.19918e-04 2.54823e-17
3.49017e-04 2.54833e-17
3.80764e-04 2.54872e-17
4.15397e-04 2.54863e-17
4.53181e-04 2.54843e-17
4.94402e-04 2.54847e-17
5.39373e-04 2.54865e-17
5.88433e-04 2.54815e-17
6.41957e-04 2.54830e-17
7.00348e-04 2.54881e-17
7.64051e-04 2.54820e-17
8.33549e-04 2.54863e-17
9.09367e-04 2.54828e-17
9.92082e-04 2.54820e-17
1.08232e-03 2.54838e-17
1.18077e-03 2.54847e-17
1.28817e-03 2.54864e-17
1.40534e-03 2.54856e-17
1.53317e-03 2.54860e-17
1.67262e-03 2.54884e-17
1.82476e-03 2.54858e-17
1.99074e-03 2.54839e-17
2.17182e-03 2.54839e-17
2.36936e-03 2.54809e-17
2.58488e-03 2.54836e-17
2.82000e-03 2.54866e-17
3.07650e-03 2.54856e-17
3.35633e-03 2.54857e-17
3.66162e-03 2.54870e-17
3.99468e-03 2.54825e-17
4.35803e-03 2.54855e-17
4.75443e-03 2.54908e-17
5.18689e-03 2.54878e-17
5.65869e-03 2.54920e-17
6.17340e-03 2.54921e-17
6.73492e-03 2.54865e-17
7.34752e-03 2.54931e-17
8.01584e-03 2.54884e-17
8.74496e-03 2.54873e-17
9.54039e-03 2.54906e-17
1.04082e-02 2.54883e-17
1.13549e-02 2.54895e-17
1.23877e-02 2.54935e-17
1.35145e-02 2.54893e-17
1.47438e-02 2.54921e-17
1.60848e-02 2.54941e-17
1.75479e-02 2.54954e-17
1.91440e-02 2.55012e-17
2.08853e-02 2.54955e-17
2.27851e-02 2.54974e-17
2.48576e-02 2.55038e-17
2.71186e-02 2.54995e-17
2.95853e-02 2.55020e-17
3.22763e-02 2.55061e-17
3.52121e-02 2.55079e-17
3.84150e-02 2.55091e-17
4.19092e-02 2.55110e-17
4.57212e-02 2.55163e-17
4.98799e-02 2.55184e-17
5.44169e-02 2.55208e-17
5.93666e-02 2.55247e-17
6.47666e-02 2.55266e-17
7.06577e-02 2.55311e-17
7.70846e-02 2.55369e-17
8.40961e-02 2.55388e-17
9.17454e-02 2.55449e-17
1.00090e-01 2.55519e-17
1.09195e-01 2.55590e-17
1.19127e-01 2.55654e-17
1.29962e-01 2.55717e-17
1.41784e-01 2.55781e-17
1.54680e-01 2.55889e-17
1.68750e-01 2.55940e-17
1.84099e-01 2.56060e-17
2.00845e-01 2.56227e-17
2.19113e-01 2.56326e-17
2.39043e-01 2.56497e-17
2.60787e-01 2.56643e-17
2.84507e-01 2.56826e-17
3.10386e-01 2.57010e-17
3.38618e-01 2.57204e-17
3.69419e-01 2.57489e-17
4.03021e-01 2.57676e-17
4.39679e-01 2.58004e-17
4.79672e-01 2.58309e-17
5.23302e-01 2.58620e-17
5.70901e-01 2.59022e-17
6.22830e-01 2.59443e-17
6.79481e-01 2.59997e-17
7.41286e-01 2.60522e-17
8.08713e-01 2.61189e-17
8.82273e-01 2.61955e-17
9.62523e-01 2.62862e-17
1.05007e+00 2.63978e-17
1.14559e+00 2.65476e-17
1.24979e+00 2.67590e-17
1.36347e+00 2.76052e-17
1.48749e+00 2.94013e-17
1.62279e+00 3.05441e-17
1.77039e+00 3.15756e-17
1.93143e+00 3.26586e-17
2.10711e+00 9.82089e-17
2.29877e+00 9.87332e-17
2.50786e+00 9.98277e-17
2.73597e+00 1.01024e-16
2.98484e+00 1.02078e-16
3.25633e+00 1.03390e-16
3.55253e+00 1.04688e-16
3.87566e+00 1.06005e-16
4.22819e+00 1.07470e-16
4.61278e+00 1.09111e-16
5.03235e+00 1.10877e-16
5.49009e+00 1.12728e-16
5.98946e+00 1.14858e-16
6.53425e+00 1.17056e-16
7.12860e+00 1.19669e-16
7.77701e+00 1.22400e-16
8.48440e+00 1.25531e-16
9.25613e+00 1.28834e-16
1.00981e+01 1.32688e-16
1.10166e+01 1.36948e-16
1.20186e+01 1.41825e-16
1.31118e+01 1.47357e-16
1.43045e+01 1.53572e-16
1.56056e+01 1.60686e-16
1.70250e+01 1.69002e-16
1.85736e+01 1.78691e-16
2.02631e+01 1.89962e-16
2.21062e+01 2.03228e-16
2.41169e+01 2.19141e-16
2.63106e+01 2.38267e-16
2.87038e+01 2.61526e-16
3.13146e+01 2.90326e-16
3.41630e+01 3.26323e-16
3.72704e+01 3.72079e-16
4.06605e+01 4.31303e-16
4.43589e+01 5.09140e-16
4.83937e+01 6.12793e-16
5.27956e+01 7.51201e-16
5.75978e+01 9.30299e-16
6.28368e+01 1.13696e-15
6.85524e+01 1.29259e-15
7.47879e+01 1.20200e-15
8.15905e+01 6.95343e-16
8.90119e+01 1.39735e-16
9.71083e+01 3.07385e-19
1.05941e+02 0.00000e+00
