3.17098e-06 1.51806e-17
3.45651e-06 1.51818e-17
3.76774e-06 1.51815e-17
4.10700e-06 1.51829e-17
4.47681e-06 1.51810e-17
4.87992e-06 1.51825e-17
5.31932e-06 1.51806e-17
5.79829e-06 1.51791e-17
6.32039e-06 1.51804e-17
6.88950e-06 1.51818e-17
7.50986e-06 1.51809e-17
8.18607e-06 1.51816e-17
8.92317e-06 1.51823e-17
9.72665e-06 1.51804e-17
1.06025e-05 1.51810e-17
1.15571e-05 1.51803e-17
1.25978e-05 1.51801e-17
1.37321e-05 1.51814e-17
1.49686e-05 1.51821e-17
1.63165e-05 1.51793e-17
1.77857e-05 1.51801e-17
1.93871e-05 1.51810e-17
2.11328e-05 1.51801e-17
2.30357e-05 1.51816e-17
2.51099e-05 1.51815e-17
2.73709e-05 1.51810e-17
2.98355e-05 1.51815e-17
3.25220e-05 1.51826e-17
3.54503e-05 1.51809e-17
3.86424e-05 1.51805e-17
4.21219e-05 1.51820e-17
4.59147e-05 1.51800e-17
5.00490e-05 1.51819e-17
5.45556e-05 1.51801e-17
5.94680e-05 1.51823e-17
6.48227e-05 1.51792e-17
7.06596e-05 1.51800e-17
7.70220e-05 1.51811e-17
8.39573e-05 1.51811e-17
9.15171e-05 1.51800e-17
9.97577e-05 1.51811e-17
1.08740e-04 1.51810e-17
1.18532e-04 1.51820e-17
1.29205e-04 1.51811e-17
1.40839e-04 1.51810e-17
1.53520e-04 1.51808e-17
1.67344e-04 1.51825e-17
1.82412e-04 1.51813e-17
1.98837e-04 1.51808e-17
2.16741e-04 1.51810e-17
2.36257e-04 1.51798e-17
2.57530e-04 1.51823e-17
2.80719e-04 1.51829e-17
3.05996e-04 1.51818e-17
3.33549e-04 1.51828e-17
3.63583e-04 1.51835e-17
3.96321e-04 1.51839e-17
4.32007e-04 1.51834e-17
4.70907e-04 1.51848e-17
5.13309e-04 1.51822e-17
5.59529e-04 1.51838e-17
6.09911e-04 1.51835e-17
6.64830e-04 1.51847e-17
7.24693e-04 1.51837e-17
7.89947e-04 1.51838e-17
8.61077e-04 1.51841e-17
9.38611e-04 1.51844e-17
1.02313e-03 1.51847e-17
1.11525e-03 1.51848e-17
1.21567e-03 1.51843e-17
1.32514e-03 1.51864e-17
1.44446e-03 1.51876e-17
1.57452e-03 1.51885e-17
1.71630e-03 1.51876e-17
1.87084e-03 1.51897e-17
2.03930e-03 1.51904e-17
2.22292e-03 1.51911e-17
2.42308e-03 1.51925e-17
2.64126e-03 1.51922e-17
2.87909e-03 1.51930e-17
3.13833e-03 1.51960e-17
3.42092e-03 1.51963e-17
3.72895e-03 1.51982e-17
4.06472e-03 1.52001e-17
4.43072e-03 1.52023e-17
4.82968e-03 1.52033e-17
5.26456e-03 1.52042e-17
5.73860e-03 1.52053e-17
6.25532e-03 1.52081e-17
6.81857e-03 1.52123e-17
7.43254e-03 1.52148e-17
8.10179e-03 1.52189e-17
8.83131e-03 1.52235e-17
9.62651e-03 1.52270e-17
1.04933e-02 1.52290e-17
1.14382e-02 1.52332e-17
1.24681e-02 1.52394e-17
1.35908e-02 1.52433e-17
1.48145e-02 1.52488e-17
1.61485e-02 1.52553e-17
1.76026e-02 1.52630e-17
1.91875e-02 1.52696e-17
2.09153e-02 1.52784e-17
2.27985e-02 1.52875e-17
2.48514e-02 1.52970e-17
2.70891e-02 1.53074e-17
2.95283e-02 1.53199e-17
3.21871e-02 1.53325e-17
3.50854e-02 1.53461e-17
3.82446e-02 1.53614e-17
4.16883e-02 1.53765e-17
4.54420e-02 1.53939e-17
4.95338e-02 1.54156e-17
5.39940e-02 1.54353e-17
5.88558e-02 1.54605e-17
6.41554e-02 1.54852e-17
6.99321e-02 1.55134e-17
7.62291e-02 1.55457e-17
8.30930e-02 1.55813e-17
9.05750e-02 1.56176e-17
9.87307e-02 1.56602e-17
1.07621e-01 1.57068e-17
1.17311e-01 1.57574e-17
1.27874e-01 1.58134e-17
1.39389e-01 1.58739e-17
1.51940e-01 1.59432e-17
1.65621e-01 1.60187e-17
1.80534e-01 1.61026e-17
1.96790e-01 1.61949e-17
2.14509e-01 1.63008e-17
2.33825e-01 1.64167e-17
2.54879e-01 1.65465e-17
2.77829e-01 1.66927e-17
3.02846e-01 1.68595e-17
3.30115e-01 1.70450e-17
3.59840e-01 1.72580e-17
3.92241e-01 1.75011e-17
4.27560e-01 1.77790e-17
4.66059e-01 1.81042e-17
5.08025e-01 1.84821e-17
5.53769e-01 1.89280e-17
6.03632e-01 1.94601e-17
6.57985e-01 2.00995e-17
7.17233e-01 2.08907e-17
7.81815e-01 2.18866e-17
8.52212e-01 2.31834e-17
9.28948e-01 2.49284e-17
1.01259e+00 2.74281e-17
1.10377e+00 3.13467e-17
1.20316e+00 3.85703e-17
1.31150e+00 5.93561e-17
1.42959e+00 2.46548e-16
1.55831e+00 2.52815e-16
1.69863e+00 2.68549e-16
1.85158e+00 3.36728e-16
2.01830e+00 3.17054e-16
2.20004e+00 3.05088e-16
2.39813e+00 2.96296e-16
2.61407e+00 2.88894e-16
2.84945e+00 2.82480e-16
3.10603e+00 2.77051e-16
3.38570e+00 2.72044e-16
3.69056e+00 2.67500e-16
4.02287e+00 2.63448e-16
4.38511e+00 2.59537e-16
4.77996e+00 2.56041e-16
5.21036e+00 2.52686e-16
5.67952e+00 2.49565e-16
6.19093e+00 2.46601e-16
6.74838e+00 2.43810e-16
7.35603e+00 2.41157e-16
8.01839e+00 2.38626e-16
8.74039e+00 2.36098e-16
9.52741e+00 2.33679e-16
1.03853e+01 2.31366e-16
1.13204e+01 2.29012e-16
1.23397e+01 2.26635e-16
1.34509e+01 2.24187e-16
1.46620e+01 2.21582e-16
1.59822e+01 2.18790e-16
1.74213e+01 2.15757e-16
1.89900e+01 2.12309e-16
2.06999e+01 2.08391e-16
2.25638e+01 2.03830e-16
2.45956e+01 1.98462e-16
2.68102e+01 1.92022e-16
2.92243e+01 1.84236e-16
3.18558e+01 1.74443e-16
3.47242e+01 1.61945e-16
3.78509e+01 1.45572e-16
4.12591e+01 1.24073e-16
4.49742e+01 9.72706e-17
4.90238e+01 6.81577e-17
5.34381e+01 4.28701e-17
5.82499e+01 2.48118e-17
6.34949e+01 1.21020e-17
6.92122e+01 3.71051e-18
7.54443e+01 3.11143e-19
8.22376e+01 9.92546e-23
8.96425e+01 0.00000e+00
