3.17098e-06 1.91390e-17
3.46190e-06 1.91402e-17
3.77950e-06 1.91407e-17
4.12625e-06 1.91391e-17
4.50481e-06 1.91410e-17
4.91809e-06 1.91453e-17
5.36930e-06 1.91419e-17
5.86190e-06 1.91380e-17
6.39969e-06 1.91416e-17
6.98682e-06 1.91418e-17
7.62782e-06 1.91426e-17
8.32762e-06 1.91393e-17
9.09163e-06 1.91452e-17
9.92573e-06 1.91404e-17
1.08364e-05 1.91421e-17
1.18305e-05 1.91386e-17
1.29159e-05 1.91405e-17
1.41008e-05 1.91408e-17
1.53945e-05 1.91403e-17
1.68069e-05 1.91408e-17
1.83488e-05 1.91411e-17
2.00322e-05 1.91417e-17
2.18700e-05 1.91412e-17
2.38764e-05 1.91427e-17
2.60669e-05 1.91408e-17
2.84584e-05 1.91392e-17
3.10693e-05 1.91413e-17
3.39197e-05 1.91406e-17
3.70316e-05 1.91431e-17
4.04291e-05 1.91388e-17
4.41382e-05 1.91420e-17
4.81876e-05 1.91418e-17
5.26085e-05 1.91425e-17
5.74350e-05 1.91418e-17
6.27043e-05 1.91415e-17
6.84570e-05 1.91404e-17
7.47375e-05 1.91433e-17
8.15942e-05 1.91413e-17
8.90800e-05 1.91414e-17
9.72525e-05 1.91405e-17
1.06175e-04 1.91409e-17
1.15916e-04 1.91386e-17
1.26550e-04 1.91411e-17
1.38160e-04 1.91452e-17
1.50836e-04 1.91394e-17
1.64674e-04 1.91430e-17
1.79782e-04 1.91412e-17
1.96276e-04 1.91406e-17
2.14283e-04 1.91419e-17
2.33942e-04 1.91421e-17
2.55404e-04 1.91419e-17
2.78836e-04 1.91414e-17
3.04418e-04 1.91408e-17
3.32346e-04 1.91395e-17
3.62837e-04 1.91423e-17
3.96125e-04 1.91413e-17
4.32467e-04 1.91437e-17
4.72143e-04 1.91432e-17
5.15459e-04 1.91443e-17
5.62749e-04 1.91397e-17
6.14378e-04 1.91416e-17
6.70743e-04 1.91418e-17
7.32279e-04 1.91427e-17
7.99461e-04 1.91419e-17
8.72807e-04 1.91444e-17
9.52881e-04 1.91384e-17
1.04030e-03 1.91430e-17
1.13574e-03 1.91400e-17
1.23994e-03 1.91426e-17
1.35370e-03 1.91411e-17
1.47789e-03 1.91432e-17
1.61348e-03 1.91398e-17
1.76150e-03 1.91451e-17
1.92311e-03 1.91408e-17
2.09954e-03 1.91409e-17
2.29217e-03 1.91437e-17
2.50246e-03 1.91444e-17
2.73204e-03 1.91427e-17
2.98269e-03 1.91424e-17
3.25633e-03 1.91430e-17
3.55508e-03 1.91437e-17
3.88124e-03 1.91451e-17
4.23732e-03 1.91438e-17
4.62606e-03 1.91439e-17
5.05047e-03 1.91461e-17
5.51382e-03 1.91452e-17
6.01968e-03 1.91430e-17
6.57195e-03 1.91425e-17
7.17489e-03 1.91445e-17
7.83314e-03 1.91444e-17
8.55178e-03 1.91469e-17
9.33635e-03 1.91445e-17
1.01929e-02 1.91494e-17
1.11280e-02 1.91476e-17
1.21490e-02 1.91476e-17
1.32636e-02 1.91467e-17
1.44804e-02 1.91472e-17
1.58089e-02 1.91478e-17
1.72593e-02 1.91485e-17
1.88427e-02 1.91488e-17
2.05714e-02 1.91505e-17
2.24587e-02 1.91558e-17
2.45191e-02 1.91519e-17
2.67686e-02 1.91546e-17
2.92244e-02 1.91579e-17
3.19056e-02 1.91564e-17
3.48327e-02 1.91571e-17
3.80284e-02 1.91593e-17
4.15173e-02 1.91627e-17
4.53262e-02 1.91606e-17
4.94846e-02 1.91661e-17
5.40245e-02 1.91652e-17
5.89810e-02 1.91693e-17
6.43921e-02 1.91714e-17
7.02997e-02 1.91764e-17
7.67492e-02 1.91756e-17
8.37905e-02 1.91775e-17
9.14777e-02 1.91851e-17
9.98702e-02 1.91895e-17
1.09033e-01 1.91961e-17
1.19036e-01 1.92011e-17
1.29957e-01 1.92060e-17
1.41879e-01 1.92118e-17
1.54896e-01 1.92162e-17
1.69106e-01 1.92209e-17
1.84621e-01 1.92322e-17
2.01559e-01 1.92391e-17
2.20050e-01 1.92473e-17
2.40239e-01 1.92575e-17
2.62279e-01 1.92693e-17
2.86342e-01 1.92804e-17
3.12612e-01 1.92956e-17
3.41292e-01 1.93100e-17
3.72603e-01 1.93264e-17
4.06787e-01 1.93478e-17
4.44107e-01 1.93644e-17
4.84851e-01 1.93876e-17
5.29333e-01 1.94127e-17
5.77896e-01 1.94449e-17
6.30915e-01 1.94694e-17
6.88797e-01 1.95120e-17
7.51990e-01 1.95491e-17
8.20980e-01 1.95905e-17
8.96300e-01 1.96489e-17
9.78530e-01 1.97129e-17
1.06830e+00 1.97937e-17
1.16631e+00 1.98909e-17
1.27332e+00 2.00447e-17
1.39013e+00 2.08051e-17
1.51767e+00 2.15847e-17
1.65691e+00 2.21515e-17
1.80892e+00 2.26774e-17
1.97488e+00 2.31945e-17
2.15606e+00 2.37299e-17
2.35386e+00 2.43950e-17
2.56981e+00 5.40528e-17
2.80558e+00 5.45526e-17
3.06297e+00 5.51777e-17
3.34398e+00 5.57451e-17
3.65077e+00 5.64140e-17
3.98571e+00 5.70840e-17
4.35137e+00 5.77693e-17
4.75058e+00 5.85765e-17
5.18642e+00 5.94685e-17
5.66224e+00 6.03808e-17
6.18171e+00 6.14072e-17
6.74885e+00 6.25109e-17
7.36801e+00 6.36692e-17
8.04398e+00 6.49934e-17
8.78196e+00 6.64357e-17
9.58765e+00 6.80544e-17
1.04673e+01 6.98500e-17
1.14276e+01 7.18591e-17
1.24760e+01 7.40785e-17
1.36206e+01 7.65913e-17
1.48702e+01 7.93875e-17
1.62344e+01 8.26035e-17
1.77238e+01 8.62853e-17
1.93499e+01 9.05077e-17
2.11251e+01 9.54154e-17
2.30632e+01 1.01180e-16
2.51791e+01 1.07944e-16
2.74891e+01 1.15919e-16
3.00111e+01 1.25496e-16
3.27644e+01 1.37103e-16
3.57703e+01 1.51340e-16
3.90520e+01 1.69107e-16
4.26348e+01 1.91570e-16
4.65463e+01 2.20499e-16
5.08166e+01 2.58490e-16
5.54787e+01 3.09343e-16
6.05685e+01 3.78857e-16
6.61253e+01 4.74418e-16
7.21919e+01 6.01787e-16
7.88150e+01 7.51068e-16
8.60458e+01 8.49627e-16
9.39400e+01 7.03245e-16
1.02558e+02 2.13827e-16
1.11967e+02 5.44413e-19
1.22240e+02 0.00000e+00
