1.58549e-07 1.27576e-17
1.75523e-07 1.27566e-17
1.94315e-07 1.27567e-17
2.15119e-07 1.27566e-17
2.38149e-07 1.27549e-17
2.63646e-07 1.27546e-17
2.91872e-07 1.27554e-17
3.23120e-07 1.27555e-17
3.57714e-07 1.27566e-17
3.96011e-07 1.27559e-17
4.38408e-07 1.27570e-17
4.85345e-07 1.27542e-17
5.37306e-07 1.27554e-17
5.94831e-07 1.27554e-17
6.58514e-07 1.27545e-17
7.29015e-07 1.27551e-17
8.07065e-07 1.27560e-17
8.93470e-07 1.27566e-17
9.89125e-07 1.27577e-17
1.09502e-06 1.27568e-17
1.21226e-06 1.27560e-17
1.34204e-06 1.27558e-17
1.48572e-06 1.27558e-17
1.64479e-06 1.27557e-17
1.82088e-06 1.27573e-17
2.01582e-06 1.27560e-17
2.23164e-06 1.27553e-17
2.47056e-06 1.27552e-17
2.73506e-06 1.27558e-17
3.02788e-06 1.27564e-17
3.35205e-06 1.27558e-17
3.71092e-06 1.27569e-17
4.10821e-06 1.27572e-17
4.54804e-06 1.27566e-17
5.03496e-06 1.27553e-17
5.57401e-06 1.27568e-17
6.17077e-06 1.27558e-17
6.83142e-06 1.27569e-17
7.56280e-06 1.27549e-17
8.37248e-06 1.27556e-17
9.26884e-06 1.27576e-17
1.02612e-05 1.27561e-17
1.13597e-05 1.27555e-17
1.25759e-05 1.27548e-17
1.39223e-05 1.27554e-17
1.54129e-05 1.27556e-17
1.70630e-05 1.27556e-17
1.88898e-05 1.27563e-17
2.09121e-05 1.27577e-17
2.31510e-05 1.27558e-17
2.56296e-05 1.27579e-17
2.83735e-05 1.27558e-17
3.14112e-05 1.27549e-17
3.47741e-05 1.27562e-17
3.84970e-05 1.27564e-17
4.26186e-05 1.27562e-17
4.71814e-05 1.27563e-17
5.22326e-05 1.27534e-17
5.78247e-05 1.27555e-17
6.40155e-05 1.27570e-17
7.08691e-05 1.27566e-17
7.84564e-05 1.27559e-17
8.68560e-05 1.27555e-17
9.61549e-05 1.27569e-17
1.06449e-04 1.27558e-17
1.17846e-04 1.27556e-17
1.30463e-04 1.27566e-17
1.44430e-04 1.27562e-17
1.59893e-04 1.27561e-17
1.77011e-04 1.27582e-17
1.95962e-04 1.27575e-17
2.16942e-04 1.27569e-17
2.40168e-04 1.27569e-17
2.65881e-04 1.27579e-17
2.94346e-04 1.27587e-17
3.25859e-04 1.27574e-17
3.60746e-04 1.27575e-17
3.99368e-04 1.27579e-17
4.42125e-04 1.27581e-17
4.89459e-04 1.27570e-17
5.41861e-04 1.27587e-17
5.99873e-04 1.27575e-17
6.64096e-04 1.27580e-17
7.35195e-04 1.27586e-17
8.13905e-04 1.27586e-17
9.01043e-04 1.27593e-17
9.97509e-04 1.27588e-17
1.10430e-03 1.27612e-17
1.22253e-03 1.27618e-17
1.35342e-03 1.27616e-17
1.49832e-03 1.27613e-17
1.65873e-03 1.27622e-17
1.83631e-03 1.27639e-17
2.03291e-03 1.27634e-17
2.25055e-03 1.27637e-17
2.49150e-03 1.27648e-17
2.75824e-03 1.27675e-17
3.05354e-03 1.27669e-17
3.38046e-03 1.27693e-17
3.74237e-03 1.27709e-17
4.14304e-03 1.27709e-17
4.58659e-03 1.27729e-17
5.07764e-03 1.27744e-17
5.62126e-03 1.27752e-17
6.22307e-03 1.27793e-17
6.88932e-03 1.27827e-17
7.62690e-03 1.27846e-17
8.44344e-03 1.27871e-17
9.34741e-03 1.27916e-17
1.03482e-02 1.27966e-17
1.14560e-02 1.28003e-17
1.26825e-02 1.28034e-17
1.40403e-02 1.28079e-17
1.55435e-02 1.28148e-17
1.72076e-02 1.28207e-17
1.90499e-02 1.28285e-17
2.10894e-02 1.28358e-17
2.33472e-02 1.28449e-17
2.58468e-02 1.28535e-17
2.86140e-02 1.28657e-17
3.16774e-02 1.28763e-17
3.50688e-02 1.28895e-17
3.88233e-02 1.29051e-17
4.29798e-02 1.29204e-17
4.75813e-02 1.29382e-17
5.26754e-02 1.29602e-17
5.83149e-02 1.29824e-17
6.45581e-02 1.30064e-17
7.14698e-02 1.30346e-17
7.91214e-02 1.30655e-17
8.75922e-02 1.31013e-17
9.69699e-02 1.31394e-17
1.07352e-01 1.31829e-17
1.18845e-01 1.32323e-17
1.31568e-01 1.32870e-17
1.45654e-01 1.33498e-17
1.61248e-01 1.34199e-17
1.78512e-01 1.34961e-17
1.97623e-01 1.35872e-17
2.18781e-01 1.36871e-17
2.42204e-01 1.38041e-17
2.68134e-01 1.39338e-17
2.96841e-01 1.40848e-17
3.28621e-01 1.42614e-17
3.63804e-01 1.44656e-17
4.02753e-01 1.47020e-17
4.45872e-01 1.49829e-17
4.93608e-01 1.53158e-17
5.46454e-01 1.57167e-17
6.04958e-01 1.62063e-17
6.69725e-01 1.68170e-17
7.41426e-01 1.75994e-17
8.20804e-01 1.86300e-17
9.08680e-01 2.00535e-17
1.00596e+00 2.21520e-17
1.11366e+00 2.56204e-17
1.23289e+00 3.28130e-17
1.36489e+00 1.62703e-16
1.51102e+00 1.64404e-16
1.67279e+00 1.67570e-16
1.85188e+00 1.76771e-16
2.05014e+00 2.12374e-16
2.26963e+00 2.01373e-16
2.51262e+00 1.94290e-16
2.78162e+00 1.88889e-16
3.07943e+00 1.84373e-16
3.40911e+00 1.80499e-16
3.77410e+00 1.76967e-16
4.17815e+00 1.73860e-16
4.62547e+00 1.71003e-16
5.12068e+00 1.68329e-16
5.66890e+00 1.65902e-16
6.27582e+00 1.63649e-16
6.94772e+00 1.61534e-16
7.69155e+00 1.59527e-16
8.51501e+00 1.57696e-16
9.42664e+00 1.55891e-16
1.04359e+01 1.54211e-16
1.15531e+01 1.52665e-16
1.27900e+01 1.51058e-16
1.41593e+01 1.49466e-16
1.56753e+01 1.47883e-16
1.73535e+01 1.46272e-16
1.92113e+01 1.44463e-16
2.12681e+01 1.42506e-16
2.35451e+01 1.40233e-16
2.60659e+01 1.37548e-16
2.88565e+01 1.34247e-16
3.19459e+01 1.30252e-16
3.53661e+01 1.25149e-16
3.91524e+01 1.18532e-16
4.33441e+01 1.09563e-16
4.79846e+01 9.69235e-17
5.31219e+01 7.86593e-17
5.88091e+01 5.40625e-17
6.51053e+01 2.77365e-17
7.20756e+01 9.03145e-18
7.97920e+01 1.07054e-18
8.83346e+01 1.29786e-21
9.77918e+01 0.00000e+00
