3.17098e-06 5.14606e-16
3.45203e-06 5.14685e-16
3.75799e-06 5.14631e-16
4.09107e-06 5.14602e-16
4.45367e-06 5.14573e-16
4.84841e-06 5.14646e-16
5.27813e-06 5.14643e-16
5.74594e-06 5.14618e-16
6.25522e-06 5.14602e-16
6.80963e-06 5.14621e-16
7.41318e-06 5.14618e-16
8.07023e-06 5.14644e-16
8.78551e-06 5.14635e-16
9.56419e-06 5.14628e-16
1.04119e-05 5.14671e-16
1.13347e-05 5.14585e-16
1.23393e-05 5.14584e-16
1.34330e-05 5.14622e-16
1.46236e-05 5.14659e-16
1.59197e-05 5.14622e-16
1.73307e-05 5.14682e-16
1.88668e-05 5.14636e-16
2.05390e-05 5.14577e-16
2.23594e-05 5.14653e-16
2.43411e-05 5.14630e-16
2.64985e-05 5.14652e-16
2.88472e-05 5.14632e-16
3.14039e-05 5.14632e-16
3.41873e-05 5.14580e-16
3.72174e-05 5.14693e-16
4.05161e-05 5.14596e-16
4.41071e-05 5.14630e-16
4.80164e-05 5.14610e-16
5.22722e-05 5.14613e-16
5.69052e-05 5.14614e-16
6.19489e-05 5.14617e-16
6.74395e-05 5.14626e-16
7.34168e-05 5.14654e-16
7.99239e-05 5.14651e-16
8.70077e-05 5.14695e-16
9.47194e-05 5.14562e-16
1.03115e-04 5.14623e-16
1.12254e-04 5.14686e-16
1.22203e-04 5.14654e-16
1.33034e-04 5.14623e-16
1.44825e-04 5.14596e-16
1.57662e-04 5.14649e-16
1.71635e-04 5.14604e-16
1.86848e-04 5.14643e-16
2.03409e-04 5.14636e-16
2.21437e-04 5.14636e-16
2.41064e-04 5.14645e-16
2.62430e-04 5.14667e-16
2.85689e-04 5.14641e-16
3.11010e-04 5.14685e-16
3.38576e-04 5.14658e-16
3.68585e-04 5.14634e-16
4.01253e-04 5.14697e-16
4.36817e-04 5.14635e-16
4.75533e-04 5.14656e-16
5.17681e-04 5.14686e-16
5.63564e-04 5.14752e-16
6.13513e-04 5.14644e-16
6.67890e-04 5.14660e-16
7.27087e-04 5.14610e-16
7.91530e-04 5.14739e-16
8.61685e-04 5.14724e-16
9.38058e-04 5.14653e-16
1.02120e-03 5.14724e-16
1.11171e-03 5.14652e-16
1.21024e-03 5.14730e-16
1.31751e-03 5.14706e-16
1.43429e-03 5.14737e-16
1.56141e-03 5.14682e-16
1.69980e-03 5.14736e-16
1.85046e-03 5.14730e-16
2.01447e-03 5.14730e-16
2.19301e-03 5.14822e-16
2.38738e-03 5.14807e-16
2.59898e-03 5.14764e-16
2.82934e-03 5.14807e-16
3.08011e-03 5.14825e-16
3.35310e-03 5.14829e-16
3.65030e-03 5.14905e-16
3.97383e-03 5.14901e-16
4.32604e-03 5.14876e-16
4.70946e-03 5.14928e-16
5.12687e-03 5.14981e-16
5.58128e-03 5.14980e-16
6.07596e-03 5.15043e-16
6.61448e-03 5.15068e-16
7.20074e-03 5.15153e-16
7.83896e-03 5.15131e-16
8.53374e-03 5.15214e-16
9.29010e-03 5.15239e-16
1.01135e-02 5.15284e-16
1.10099e-02 5.15364e-16
1.19857e-02 5.15415e-16
1.30480e-02 5.15489e-16
1.42045e-02 5.15557e-16
1.54635e-02 5.15679e-16
1.68340e-02 5.15723e-16
1.83261e-02 5.15884e-16
1.99504e-02 5.15992e-16
2.17186e-02 5.16117e-16
2.36436e-02 5.16238e-16
2.57392e-02 5.16416e-16
2.80205e-02 5.16568e-16
3.05040e-02 5.16731e-16
3.32076e-02 5.16936e-16
3.61509e-02 5.17113e-16
3.93550e-02 5.17356e-16
4.28431e-02 5.17585e-16
4.66404e-02 5.17852e-16
5.07742e-02 5.18113e-16
5.52745e-02 5.18507e-16
6.01736e-02 5.18857e-16
6.55069e-02 5.19224e-16
7.13129e-02 5.19670e-16
7.76335e-02 5.20122e-16
8.45143e-02 5.20602e-16
9.20050e-02 5.21192e-16
1.00160e-01 5.21742e-16
1.09037e-01 5.22382e-16
1.18701e-01 5.23158e-16
1.29222e-01 5.23932e-16
1.40675e-01 5.24748e-16
1.53143e-01 5.25755e-16
1.66717e-01 5.26800e-16
1.81493e-01 5.27926e-16
1.97579e-01 5.29239e-16
2.15091e-01 5.30628e-16
2.34155e-01 5.32159e-16
2.54909e-01 5.33927e-16
2.77502e-01 5.35897e-16
3.02098e-01 5.38029e-16
3.28873e-01 5.40418e-16
3.58022e-01 5.42984e-16
3.89754e-01 5.46005e-16
4.24299e-01 5.49398e-16
4.61905e-01 5.53141e-16
5.02845e-01 5.57514e-16
5.47413e-01 5.62489e-16
5.95932e-01 5.68096e-16
6.48750e-01 5.74808e-16
7.06250e-01 5.82648e-16
7.68847e-01 5.91903e-16
8.36991e-01 6.03176e-16
9.11176e-01 6.17318e-16
9.91935e-01 6.35710e-16
1.07985e+00 6.60759e-16
1.17556e+00 6.99168e-16
1.27975e+00 7.75454e-16
1.39318e+00 1.37256e-15
1.51666e+00 1.22481e-15
1.65109e+00 1.16130e-15
1.79743e+00 1.11695e-15
1.95674e+00 1.08195e-15
2.13017e+00 1.05135e-15
2.31897e+00 1.02428e-15
2.52450e+00 9.99004e-16
2.74825e+00 9.75829e-16
2.99184e+00 9.54201e-16
3.25701e+00 9.32949e-16
3.54569e+00 9.12782e-16
3.85995e+00 8.93198e-16
4.20206e+00 8.74356e-16
4.57450e+00 8.55469e-16
4.97995e+00 8.37308e-16
5.42133e+00 8.19099e-16
5.90184e+00 8.01357e-16
6.42493e+00 7.83280e-16
6.99438e+00 7.65551e-16
7.61431e+00 7.47736e-16
8.28918e+00 7.29983e-16
9.02387e+00 7.12046e-16
9.82368e+00 6.93823e-16
1.06944e+01 6.75497e-16
1.16422e+01 6.56644e-16
1.26741e+01 6.37348e-16
1.37974e+01 6.17571e-16
1.50203e+01 5.96998e-16
1.63516e+01 5.75663e-16
1.78009e+01 5.53301e-16
1.93786e+01 5.29851e-16
2.10962e+01 5.04931e-16
2.29660e+01 4.78414e-16
2.50015e+01 4.49999e-16
2.72175e+01 4.19235e-16
2.96298e+01 3.85748e-16
3.22560e+01 3.48816e-16
3.51149e+01 3.07601e-16
3.82272e+01 2.60637e-16
4.16153e+01 2.06477e-16
4.53038e+01 1.44586e-16
4.93192e+01 7.94556e-17
5.36904e+01 2.59562e-17
5.84491e+01 2.20014e-18
6.36296e+01 6.30834e-22
6.92692e+01 0.00000e+00
