3.17098e-06 5.96093e-17
3.45203e-06 5.96112e-17
3.75799e-06 5.96166e-17
4.09107e-06 5.96096e-17
4.45367e-06 5.96097e-17
4.84841e-06 5.96130e-17
5.27813e-06 5.96114e-17
5.74594e-06 5.96161e-17
6.25522e-06 5.96041e-17
6.80963e-06 5.96122e-17
7.41318e-06 5.96123e-17
8.07023e-06 5.96126e-17
8.78551e-06 5.96103e-17
9.56419e-06 5.96145e-17
1.04119e-05 5.96084e-17
1.13347e-05 5.96213e-17
1.23393e-05 5.96096e-17
1.34330e-05 5.96093e-17
1.46236e-05 5.96181e-17
1.59197e-05 5.96132e-17
1.73307e-05 5.96014e-17
1.88668e-05 5.96113e-17
2.05390e-05 5.96119e-17
2.23594e-05 5.96061e-17
2.43411e-05 5.96160e-17
2.64985e-05 5.96071e-17
2.88472e-05 5.96094e-17
3.14039e-05 5.96105e-17
3.41873e-05 5.96160e-17
3.72174e-05 5.96114e-17
4.05161e-05 5.96046e-17
4.41071e-05 5.96084e-17
4.80164e-05 5.96130e-17
5.22722e-05 5.96166e-17
5.69052e-05 5.96038e-17
6.19489e-05 5.96102e-17
6.74395e-05 5.96101e-17
7.34168e-05 5.96084e-17
7.99239e-05 5.96067e-17
8.70077e-05 5.96154e-17
9.47194e-05 5.96173e-17
1.03115e-04 5.96186e-17
1.12254e-04 5.96194e-17
1.22203e-04 5.96096e-17
1.33034e-04 5.96108e-17
1.44825e-04 5.96135e-17
1.57662e-04 5.96105e-17
1.71635e-04 5.96040e-17
1.86848e-04 5.96060e-17
2.03409e-04 5.96138e-17
2.21437e-04 5.96165e-17
2.41064e-04 5.96070e-17
2.62430e-04 5.96127e-17
2.85689e-04 5.95951e-17
3.11010e-04 5.96061e-17
3.38576e-04 5.96057e-17
3.68585e-04 5.96013e-17
4.01253e-04 5.96170e-17
4.36817e-04 5.96146e-17
4.75533e-04 5.96116e-17
5.17681e-04 5.96094e-17
5.63564e-04 5.96140e-17
6.13513e-04 5.96067e-17
6.67890e-04 5.96120e-17
7.27087e-04 5.96032e-17
7.91530e-04 5.96086e-17
8.61685e-04 5.96089e-17
9.38058e-04 5.96109e-17
1.02120e-03 5.96102e-17
1.11171e-03 5.95999e-17
1.21024e-03 5.96203e-17
1.31751e-03 5.96044e-17
1.43429e-03 5.96155e-17
1.56141e-03 5.96143e-17
1.69980e-03 5.96161e-17
1.85046e-03 5.96143e-17
2.01447e-03 5.96206e-17
2.19301e-03 5.96142e-17
2.38738e-03 5.96134e-17
2.59898e-03 5.96164e-17
2.82934e-03 5.96119e-17
3.08011e-03 5.96267e-17
3.35310e-03 5.96218e-17
3.65030e-03 5.96176e-17
3.97383e-03 5.96221e-17
4.32604e-03 5.96166e-17
4.70946e-03 5.96123e-17
5.12687e-03 5.96199e-17
5.58128e-03 5.96235e-17
6.07596e-03 5.96239e-17
6.61448e-03 5.96297e-17
7.20074e-03 5.96287e-17
7.83896e-03 5.96205e-17
8.53374e-03 5.96304e-17
9.29010e-03 5.96272e-17
1.01135e-02 5.96266e-17
1.10099e-02 5.96295e-17
1.19857e-02 5.96351e-17
1.30480e-02 5.96327e-17
1.42045e-02 5.96427e-17
1.54635e-02 5.96341e-17
1.68340e-02 5.96428e-17
1.83261e-02 5.96482e-17
1.99504e-02 5.96431e-17
2.17186e-02 5.96512e-17
2.36436e-02 5.96586e-17
2.57392e-02 5.96661e-17
2.80205e-02 5.96625e-17
3.05040e-02 5.96619e-17
3.32076e-02 5.96742e-17
3.61509e-02 5.96748e-17
3.93550e-02 5.96879e-17
4.28431e-02 5.96926e-17
4.66404e-02 5.96960e-17
5.07742e-02 5.97016e-17
5.52745e-02 5.97164e-17
6.01736e-02 5.97190e-17
6.55069e-02 5.97405e-17
7.13129e-02 5.97441e-17
7.76335e-02 5.97574e-17
8.45143e-02 5.97773e-17
9.20050e-02 5.97833e-17
1.00160e-01 5.97992e-17
1.09037e-01 5.98353e-17
1.18701e-01 5.98459e-17
1.29222e-01 5.98645e-17
1.40675e-01 5.98885e-17
1.53143e-01 5.98992e-17
1.66717e-01 5.99418e-17
1.81493e-01 5.99662e-17
1.97579e-01 6.00003e-17
2.15091e-01 6.00407e-17
2.34155e-01 6.00747e-17
2.54909e-01 6.01254e-17
2.77502e-01 6.01743e-17
3.02098e-01 6.02312e-17
3.28873e-01 6.02860e-17
3.58022e-01 6.03500e-17
3.89754e-01 6.04151e-17
4.24299e-01 6.05007e-17
4.61905e-01 6.05788e-17
5.02845e-01 6.06977e-17
5.47413e-01 6.07950e-17
5.95932e-01 6.09216e-17
6.48750e-01 6.10525e-17
7.06250e-01 6.12406e-17
7.68847e-01 6.14270e-17
8.36991e-01 6.16575e-17
9.11176e-01 6.19564e-17
9.91935e-01 6.23393e-17
1.07985e+00 6.28839e-17
1.17556e+00 6.38839e-17
1.27975e+00 6.69198e-17
1.39318e+00 5.49202e-13
1.51666e+00 1.16784e-13
1.65109e+00 6.29206e-14
1.79743e+00 4.19026e-14
1.95674e+00 3.07191e-14
2.13017e+00 2.38405e-14
2.31897e+00 1.91805e-14
2.52450e+00 1.58080e-14
2.74825e+00 1.32698e-14
2.99184e+00 1.13052e-14
3.25701e+00 9.74392e-15
3.54569e+00 8.46788e-15
3.85995e+00 7.41940e-15
4.20206e+00 6.53756e-15
4.57450e+00 5.79136e-15
4.97995e+00 5.15765e-15
5.42133e+00 4.60922e-15
5.90184e+00 4.13588e-15
6.42493e+00 3.72219e-15
6.99438e+00 3.35773e-15
7.61431e+00 3.03711e-15
8.28918e+00 2.75473e-15
9.02387e+00 2.50572e-15
9.82368e+00 2.28336e-15
1.06944e+01 2.08440e-15
1.16422e+01 1.90747e-15
1.26741e+01 1.74922e-15
1.37974e+01 1.60773e-15
1.50203e+01 1.48158e-15
1.63516e+01 1.36809e-15
1.78009e+01 1.26738e-15
1.93786e+01 1.17818e-15
2.10962e+01 1.09945e-15
2.29660e+01 1.02995e-15
2.50015e+01 9.69977e-16
2.72175e+01 9.18376e-16
2.96298e+01 8.75892e-16
3.22560e+01 8.41981e-16
3.51149e+01 8.16203e-16
3.82272e+01 7.96105e-16
4.16153e+01 7.75583e-16
4.53038e+01 7.35723e-16
4.93192e+01 6.33584e-16
5.36904e+01 4.05876e-16
5.84491e+01 9.91215e-17
6.36296e+01 2.00163e-19
6.92692e+01 0.00000e+00
