3.17098e-06 1.10060e-15
3.45283e-06 1.10070e-15
3.75973e-06 1.10060e-15
4.09391e-06 1.10045e-15
4.45779e-06 1.10059e-15
4.85401e-06 1.10055e-15
5.28545e-06 1.10057e-15
5.75525e-06 1.10057e-15
6.26679e-06 1.10057e-15
6.82381e-06 1.10059e-15
7.43033e-06 1.10063e-15
8.09077e-06 1.10071e-15
8.80991e-06 1.10056e-15
9.59297e-06 1.10073e-15
1.04456e-05 1.10059e-15
1.13741e-05 1.10059e-15
1.23850e-05 1.10066e-15
1.34859e-05 1.10063e-15
1.46845e-05 1.10059e-15
1.59898e-05 1.10052e-15
1.74110e-05 1.10065e-15
1.89585e-05 1.10047e-15
2.06436e-05 1.10061e-15
2.24785e-05 1.10065e-15
2.44765e-05 1.10058e-15
2.66521e-05 1.10066e-15
2.90210e-05 1.10050e-15
3.16005e-05 1.10054e-15
3.44093e-05 1.10055e-15
3.74677e-05 1.10065e-15
4.07979e-05 1.10046e-15
4.44242e-05 1.10060e-15
4.83728e-05 1.10073e-15
5.26724e-05 1.10068e-15
5.73541e-05 1.10056e-15
6.24519e-05 1.10077e-15
6.80029e-05 1.10061e-15
7.40472e-05 1.10066e-15
8.06288e-05 1.10055e-15
8.77954e-05 1.10063e-15
9.55990e-05 1.10065e-15
1.04096e-04 1.10064e-15
1.13349e-04 1.10060e-15
1.23423e-04 1.10059e-15
1.34394e-04 1.10066e-15
1.46339e-04 1.10046e-15
1.59346e-04 1.10047e-15
1.73510e-04 1.10062e-15
1.88932e-04 1.10074e-15
2.05725e-04 1.10068e-15
2.24010e-04 1.10056e-15
2.43921e-04 1.10064e-15
2.65602e-04 1.10045e-15
2.89210e-04 1.10057e-15
3.14916e-04 1.10057e-15
3.42907e-04 1.10068e-15
3.73385e-04 1.10055e-15
4.06573e-04 1.10074e-15
4.42711e-04 1.10055e-15
4.82061e-04 1.10068e-15
5.24908e-04 1.10078e-15
5.71564e-04 1.10065e-15
6.22367e-04 1.10059e-15
6.77685e-04 1.10065e-15
7.37920e-04 1.10053e-15
8.03509e-04 1.10070e-15
8.74928e-04 1.10057e-15
9.52695e-04 1.10065e-15
1.03737e-03 1.10064e-15
1.12958e-03 1.10051e-15
1.22998e-03 1.10084e-15
1.33931e-03 1.10044e-15
1.45835e-03 1.10083e-15
1.58797e-03 1.10054e-15
1.72912e-03 1.10071e-15
1.88281e-03 1.10070e-15
2.05016e-03 1.10064e-15
2.23238e-03 1.10065e-15
2.43081e-03 1.10073e-15
2.64686e-03 1.10066e-15
2.88213e-03 1.10071e-15
3.13830e-03 1.10058e-15
3.41725e-03 1.10074e-15
3.72098e-03 1.10062e-15
4.05172e-03 1.10069e-15
4.41185e-03 1.10063e-15
4.80399e-03 1.10079e-15
5.23099e-03 1.10063e-15
5.69594e-03 1.10080e-15
6.20221e-03 1.10074e-15
6.75349e-03 1.10081e-15
7.35376e-03 1.10076e-15
8.00739e-03 1.10092e-15
8.71912e-03 1.10080e-15
9.49411e-03 1.10064e-15
1.03380e-02 1.10098e-15
1.12569e-02 1.10075e-15
1.22574e-02 1.10086e-15
1.33469e-02 1.10083e-15
1.45332e-02 1.10094e-15
1.58250e-02 1.10097e-15
1.72316e-02 1.10078e-15
1.87632e-02 1.10104e-15
2.04309e-02 1.10090e-15
2.22469e-02 1.10100e-15
2.42243e-02 1.10125e-15
2.63774e-02 1.10114e-15
2.87219e-02 1.10116e-15
3.12748e-02 1.10114e-15
3.40547e-02 1.10127e-15
3.70816e-02 1.10129e-15
4.03775e-02 1.10131e-15
4.39664e-02 1.10140e-15
4.78743e-02 1.10159e-15
5.21296e-02 1.10144e-15
5.67630e-02 1.10162e-15
6.18083e-02 1.10166e-15
6.73021e-02 1.10181e-15
7.32842e-02 1.10178e-15
7.97979e-02 1.10208e-15
8.68907e-02 1.10219e-15
9.46138e-02 1.10237e-15
1.03023e-01 1.10246e-15
1.12181e-01 1.10250e-15
1.22152e-01 1.10289e-15
1.33009e-01 1.10310e-15
1.44831e-01 1.10310e-15
1.57704e-01 1.10349e-15
1.71722e-01 1.10371e-15
1.86985e-01 1.10413e-15
2.03605e-01 1.10444e-15
2.21702e-01 1.10463e-15
2.41408e-01 1.10513e-15
2.62865e-01 1.10548e-15
2.86229e-01 1.10601e-15
3.11670e-01 1.10637e-15
3.39373e-01 1.10692e-15
3.69538e-01 1.10761e-15
4.02383e-01 1.10837e-15
4.38149e-01 1.10888e-15
4.77093e-01 1.10980e-15
5.19499e-01 1.11075e-15
5.65674e-01 1.11163e-15
6.15953e-01 1.11265e-15
6.70701e-01 1.11392e-15
7.30316e-01 1.11513e-15
7.95229e-01 1.11665e-15
8.65912e-01 1.11853e-15
9.42877e-01 1.12036e-15
1.02668e+00 1.12274e-15
1.11794e+00 1.12539e-15
1.21731e+00 1.12881e-15
1.32550e+00 1.13406e-15
1.44332e+00 2.27023e-15
1.57161e+00 2.26937e-15
1.71130e+00 2.27178e-15
1.86340e+00 2.27609e-15
2.02903e+00 2.27828e-15
2.20938e+00 2.28309e-15
2.40576e+00 2.28696e-15
2.61959e+00 2.29259e-15
2.85243e+00 2.29933e-15
3.10596e+00 2.30650e-15
3.38203e+00 2.31195e-15
3.68264e+00 2.32115e-15
4.00996e+00 2.33004e-15
4.36638e+00 2.34002e-15
4.75448e+00 2.35053e-15
5.17708e+00 2.36346e-15
5.63724e+00 2.37624e-15
6.13830e+00 2.39084e-15
6.68389e+00 2.40768e-15
7.27798e+00 2.42454e-15
7.92488e+00 2.44441e-15
8.62927e+00 2.46764e-15
9.39627e+00 2.49198e-15
1.02314e+01 2.51938e-15
1.11409e+01 2.55104e-15
1.21311e+01 2.58470e-15
1.32093e+01 2.62335e-15
1.43834e+01 2.66787e-15
1.56619e+01 2.71874e-15
1.70540e+01 2.77558e-15
1.85698e+01 2.84133e-15
2.02204e+01 2.91740e-15
2.20176e+01 3.00426e-15
2.39746e+01 3.10553e-15
2.61056e+01 3.22384e-15
2.84259e+01 3.36408e-15
3.09525e+01 3.52855e-15
3.37037e+01 3.72125e-15
3.66994e+01 3.94480e-15
3.99614e+01 4.18782e-15
4.35133e+01 4.40909e-15
4.73810e+01 4.47755e-15
5.15924e+01 4.07609e-15
5.61781e+01 2.72645e-15
6.11714e+01 6.88478e-16
6.66085e+01 1.44474e-18
7.25290e+01 0.00000e+00
