3.17098e-06 1.15184e-15
3.45243e-06 1.15195e-15
3.75887e-06 1.15173e-15
4.09250e-06 1.15180e-15
4.45575e-06 1.15183e-15
4.85124e-06 1.15173e-15
5.28183e-06 1.15198e-15
5.75065e-06 1.15183e-15
6.26107e-06 1.15177e-15
6.81680e-06 1.15166e-15
7.42185e-06 1.15193e-15
8.08061e-06 1.15177e-15
8.79784e-06 1.15165e-15
9.57873e-06 1.15163e-15
1.04289e-05 1.15182e-15
1.13546e-05 1.15186e-15
1.23624e-05 1.15179e-15
1.34597e-05 1.15169e-15
1.46544e-05 1.15176e-15
1.59551e-05 1.15177e-15
1.73713e-05 1.15189e-15
1.89131e-05 1.15176e-15
2.05918e-05 1.15190e-15
2.24196e-05 1.15189e-15
2.44095e-05 1.15168e-15
2.65761e-05 1.15185e-15
2.89349e-05 1.15193e-15
3.15032e-05 1.15178e-15
3.42994e-05 1.15179e-15
3.73438e-05 1.15176e-15
4.06584e-05 1.15189e-15
4.42672e-05 1.15193e-15
4.81963e-05 1.15178e-15
5.24742e-05 1.15192e-15
5.71318e-05 1.15174e-15
6.22028e-05 1.15190e-15
6.77239e-05 1.15168e-15
7.37350e-05 1.15179e-15
8.02796e-05 1.15186e-15
8.74052e-05 1.15187e-15
9.51632e-05 1.15179e-15
1.03610e-04 1.15175e-15
1.12806e-04 1.15185e-15
1.22819e-04 1.15173e-15
1.33720e-04 1.15185e-15
1.45589e-04 1.15179e-15
1.58511e-04 1.15184e-15
1.72581e-04 1.15161e-15
1.87899e-04 1.15182e-15
2.04577e-04 1.15188e-15
2.22735e-04 1.15181e-15
2.42505e-04 1.15188e-15
2.64029e-04 1.15174e-15
2.87464e-04 1.15166e-15
3.12979e-04 1.15168e-15
3.40759e-04 1.15178e-15
3.71005e-04 1.15188e-15
4.03935e-04 1.15190e-15
4.39788e-04 1.15182e-15
4.78823e-04 1.15184e-15
5.21323e-04 1.15170e-15
5.67596e-04 1.15168e-15
6.17975e-04 1.15184e-15
6.72826e-04 1.15195e-15
7.32546e-04 1.15179e-15
7.97566e-04 1.15184e-15
8.68357e-04 1.15178e-15
9.45432e-04 1.15188e-15
1.02935e-03 1.15189e-15
1.12071e-03 1.15167e-15
1.22019e-03 1.15160e-15
1.32849e-03 1.15190e-15
1.44640e-03 1.15150e-15
1.57479e-03 1.15184e-15
1.71456e-03 1.15177e-15
1.86675e-03 1.15172e-15
2.03244e-03 1.15171e-15
2.21284e-03 1.15187e-15
2.40925e-03 1.15195e-15
2.62309e-03 1.15194e-15
2.85591e-03 1.15170e-15
3.10940e-03 1.15181e-15
3.38539e-03 1.15183e-15
3.68588e-03 1.15191e-15
4.01303e-03 1.15173e-15
4.36923e-03 1.15182e-15
4.75704e-03 1.15192e-15
5.17927e-03 1.15204e-15
5.63898e-03 1.15195e-15
6.13949e-03 1.15186e-15
6.68442e-03 1.15192e-15
7.27773e-03 1.15194e-15
7.92370e-03 1.15174e-15
8.62700e-03 1.15200e-15
9.39272e-03 1.15196e-15
1.02264e-02 1.15189e-15
1.11341e-02 1.15203e-15
1.21224e-02 1.15203e-15
1.31983e-02 1.15202e-15
1.43698e-02 1.15218e-15
1.56453e-02 1.15207e-15
1.70339e-02 1.15208e-15
1.85459e-02 1.15202e-15
2.01920e-02 1.15215e-15
2.19842e-02 1.15241e-15
2.39355e-02 1.15221e-15
2.60600e-02 1.15228e-15
2.83731e-02 1.15229e-15
3.08914e-02 1.15242e-15
3.36333e-02 1.15243e-15
3.66186e-02 1.15258e-15
3.98689e-02 1.15267e-15
4.34076e-02 1.15273e-15
4.72604e-02 1.15264e-15
5.14552e-02 1.15292e-15
5.60224e-02 1.15290e-15
6.09949e-02 1.15285e-15
6.64087e-02 1.15314e-15
7.23031e-02 1.15321e-15
7.87207e-02 1.15334e-15
8.57079e-02 1.15376e-15
9.33153e-02 1.15360e-15
1.01598e-01 1.15381e-15
1.10616e-01 1.15397e-15
1.20434e-01 1.15426e-15
1.31123e-01 1.15424e-15
1.42762e-01 1.15471e-15
1.55433e-01 1.15487e-15
1.69229e-01 1.15526e-15
1.84250e-01 1.15555e-15
2.00604e-01 1.15575e-15
2.18410e-01 1.15604e-15
2.37795e-01 1.15652e-15
2.58902e-01 1.15694e-15
2.81882e-01 1.15735e-15
3.06902e-01 1.15789e-15
3.34142e-01 1.15856e-15
3.63800e-01 1.15909e-15
3.96091e-01 1.15973e-15
4.31248e-01 1.16062e-15
4.69525e-01 1.16145e-15
5.11200e-01 1.16262e-15
5.56574e-01 1.16336e-15
6.05975e-01 1.16469e-15
6.59761e-01 1.16580e-15
7.18321e-01 1.16702e-15
7.82078e-01 1.16887e-15
8.51495e-01 1.17076e-15
9.27073e-01 1.17249e-15
1.00936e+00 1.17517e-15
1.09895e+00 1.17800e-15
1.19649e+00 1.18185e-15
1.30269e+00 1.18755e-15
1.41832e+00 2.37858e-15
1.54421e+00 2.37647e-15
1.68127e+00 2.37757e-15
1.83050e+00 2.38246e-15
1.99297e+00 2.38513e-15
2.16987e+00 2.38953e-15
2.36246e+00 2.39573e-15
2.57215e+00 2.39918e-15
2.80046e+00 2.40685e-15
3.04902e+00 2.41338e-15
3.31965e+00 2.42162e-15
3.61430e+00 2.42986e-15
3.93510e+00 2.43902e-15
4.28438e+00 2.44886e-15
4.66466e+00 2.46066e-15
5.07869e+00 2.47364e-15
5.52947e+00 2.48782e-15
6.02027e+00 2.50265e-15
6.55462e+00 2.51994e-15
7.13640e+00 2.53858e-15
7.76983e+00 2.55970e-15
8.45947e+00 2.58258e-15
9.21033e+00 2.60856e-15
1.00278e+01 2.63762e-15
1.09179e+01 2.66985e-15
1.18870e+01 2.70650e-15
1.29420e+01 2.74663e-15
1.40908e+01 2.79495e-15
1.53415e+01 2.84613e-15
1.67032e+01 2.90613e-15
1.81857e+01 2.97529e-15
1.97999e+01 3.05385e-15
2.15573e+01 3.14586e-15
2.34707e+01 3.25256e-15
2.55539e+01 3.37643e-15
2.78221e+01 3.52244e-15
3.02916e+01 3.69535e-15
3.29802e+01 3.89683e-15
3.59075e+01 4.13057e-15
3.90947e+01 4.38473e-15
4.25647e+01 4.61514e-15
4.63427e+01 4.68571e-15
5.04560e+01 4.26094e-15
5.49345e+01 2.84507e-15
5.98104e+01 7.15703e-16
6.51192e+01 1.48402e-18
7.08991e+01 0.00000e+00
