3.17098e-06 1.20664e-15
3.45203e-06 1.20647e-15
3.75799e-06 1.20658e-15
4.09107e-06 1.20658e-15
4.45367e-06 1.20656e-15
4.84841e-06 1.20657e-15
5.27813e-06 1.20657e-15
5.74594e-06 1.20672e-15
6.25522e-06 1.20654e-15
6.80963e-06 1.20649e-15
7.41318e-06 1.20671e-15
8.07023e-06 1.20656e-15
8.78551e-06 1.20669e-15
9.56419e-06 1.20669e-15
1.04119e-05 1.20674e-15
1.13347e-05 1.20674e-15
1.23393e-05 1.20650e-15
1.34330e-05 1.20660e-15
1.46236e-05 1.20668e-15
1.59197e-05 1.20672e-15
1.73307e-05 1.20667e-15
1.88668e-05 1.20666e-15
2.05390e-05 1.20672e-15
2.23594e-05 1.20656e-15
2.43411e-05 1.20669e-15
2.64985e-05 1.20663e-15
2.88472e-05 1.20660e-15
3.14039e-05 1.20651e-15
3.41873e-05 1.20679e-15
3.72174e-05 1.20653e-15
4.05161e-05 1.20655e-15
4.41071e-05 1.20667e-15
4.80164e-05 1.20676e-15
5.22722e-05 1.20663e-15
5.69052e-05 1.20663e-15
6.19489e-05 1.20671e-15
6.74395e-05 1.20684e-15
7.34168e-05 1.20670e-15
7.99239e-05 1.20664e-15
8.70077e-05 1.20649e-15
9.47194e-05 1.20673e-15
1.03115e-04 1.20669e-15
1.12254e-04 1.20672e-15
1.22203e-04 1.20669e-15
1.33034e-04 1.20678e-15
1.44825e-04 1.20669e-15
1.57662e-04 1.20646e-15
1.71635e-04 1.20675e-15
1.86848e-04 1.20655e-15
2.03409e-04 1.20645e-15
2.21437e-04 1.20661e-15
2.41064e-04 1.20639e-15
2.62430e-04 1.20664e-15
2.85689e-04 1.20655e-15
3.11010e-04 1.20648e-15
3.38576e-04 1.20670e-15
3.68585e-04 1.20669e-15
4.01253e-04 1.20666e-15
4.36817e-04 1.20672e-15
4.75533e-04 1.20655e-15
5.17681e-04 1.20656e-15
5.63564e-04 1.20677e-15
6.13513e-04 1.20659e-15
6.67890e-04 1.20663e-15
7.27087e-04 1.20660e-15
7.91530e-04 1.20663e-15
8.61685e-04 1.20646e-15
9.38058e-04 1.20668e-15
1.02120e-03 1.20659e-15
1.11171e-03 1.20664e-15
1.21024e-03 1.20654e-15
1.31751e-03 1.20679e-15
1.43429e-03 1.20660e-15
1.56141e-03 1.20672e-15
1.69980e-03 1.20667e-15
1.85046e-03 1.20677e-15
2.01447e-03 1.20660e-15
2.19301e-03 1.20688e-15
2.38738e-03 1.20653e-15
2.59898e-03 1.20669e-15
2.82934e-03 1.20659e-15
3.08011e-03 1.20665e-15
3.35310e-03 1.20664e-15
3.65030e-03 1.20679e-15
3.97383e-03 1.20675e-15
4.32604e-03 1.20655e-15
4.70946e-03 1.20696e-15
5.12687e-03 1.20675e-15
5.58128e-03 1.20682e-15
6.07596e-03 1.20678e-15
6.61448e-03 1.20676e-15
7.20074e-03 1.20679e-15
7.83896e-03 1.20667e-15
8.53374e-03 1.20667e-15
9.29010e-03 1.20690e-15
1.01135e-02 1.20671e-15
1.10099e-02 1.20683e-15
1.19857e-02 1.20696e-15
1.30480e-02 1.20694e-15
1.42045e-02 1.20703e-15
1.54635e-02 1.20697e-15
1.68340e-02 1.20701e-15
1.83261e-02 1.20694e-15
1.99504e-02 1.20704e-15
2.17186e-02 1.20723e-15
2.36436e-02 1.20721e-15
2.57392e-02 1.20721e-15
2.80205e-02 1.20722e-15
3.05040e-02 1.20746e-15
3.32076e-02 1.20732e-15
3.61509e-02 1.20749e-15
3.93550e-02 1.20749e-15
4.28431e-02 1.20764e-15
4.66404e-02 1.20767e-15
5.07742e-02 1.20760e-15
5.52745e-02 1.20777e-15
6.01736e-02 1.20778e-15
6.55069e-02 1.20809e-15
7.13129e-02 1.20821e-15
7.76335e-02 1.20830e-15
8.45143e-02 1.20833e-15
9.20050e-02 1.20851e-15
1.00160e-01 1.20876e-15
1.09037e-01 1.20875e-15
1.18701e-01 1.20905e-15
1.29222e-01 1.20936e-15
1.40675e-01 1.20961e-15
1.53143e-01 1.20984e-15
1.66717e-01 1.20991e-15
1.81493e-01 1.21052e-15
1.97579e-01 1.21083e-15
2.15091e-01 1.21134e-15
2.34155e-01 1.21173e-15
2.54909e-01 1.21208e-15
2.77502e-01 1.21244e-15
3.02098e-01 1.21326e-15
3.28873e-01 1.21369e-15
3.58022e-01 1.21446e-15
3.89754e-01 1.21514e-15
4.24299e-01 1.21596e-15
4.61905e-01 1.21675e-15
5.02845e-01 1.21776e-15
5.47413e-01 1.21895e-15
5.95932e-01 1.22006e-15
6.48750e-01 1.22142e-15
7.06250e-01 1.22283e-15
7.68847e-01 1.22459e-15
8.36991e-01 1.22620e-15
9.11176e-01 1.22861e-15
9.91935e-01 1.23131e-15
1.07985e+00 1.23430e-15
1.17556e+00 1.23820e-15
1.27975e+00 1.24451e-15
1.39318e+00 2.49215e-15
1.51666e+00 2.49041e-15
1.65109e+00 2.49026e-15
1.79743e+00 2.49489e-15
1.95674e+00 2.49943e-15
2.13017e+00 2.50364e-15
2.31897e+00 2.50798e-15
2.52450e+00 2.51488e-15
2.74825e+00 2.52320e-15
2.99184e+00 2.52973e-15
3.25701e+00 2.53688e-15
3.54569e+00 2.54701e-15
3.85995e+00 2.55567e-15
4.20206e+00 2.56647e-15
4.57450e+00 2.57879e-15
4.97995e+00 2.59220e-15
5.42133e+00 2.60658e-15
5.90184e+00 2.62234e-15
6.42493e+00 2.64053e-15
6.99438e+00 2.66001e-15
7.61431e+00 2.68192e-15
8.28918e+00 2.70714e-15
9.02387e+00 2.73350e-15
9.82368e+00 2.76372e-15
1.06944e+01 2.79822e-15
1.16422e+01 2.83636e-15
1.26741e+01 2.87982e-15
1.37974e+01 2.92833e-15
1.50203e+01 2.98282e-15
1.63516e+01 3.04654e-15
1.78009e+01 3.11885e-15
1.93786e+01 3.20123e-15
2.10962e+01 3.29762e-15
2.29660e+01 3.40928e-15
2.50015e+01 3.53932e-15
2.72175e+01 3.69240e-15
2.96298e+01 3.87269e-15
3.22560e+01 4.08498e-15
3.51149e+01 4.32975e-15
3.82272e+01 4.59591e-15
4.16153e+01 4.83714e-15
4.53038e+01 4.90819e-15
4.93192e+01 4.45997e-15
5.36904e+01 2.97211e-15
5.84491e+01 7.44692e-16
6.36296e+01 1.52495e-18
6.92692e+01 0.00000e+00
