3.17098e-06 4.69346e-16
3.45283e-06 4.69415e-16
3.75973e-06 4.69372e-16
4.09391e-06 4.69434e-16
4.45779e-06 4.69379e-16
4.85401e-06 4.69440e-16
5.28545e-06 4.69419e-16
5.75525e-06 4.69414e-16
6.26679e-06 4.69389e-16
6.82381e-06 4.69403e-16
7.43033e-06 4.69428e-16
8.09077e-06 4.69426e-16
8.80991e-06 4.69345e-16
9.59297e-06 4.69429e-16
1.04456e-05 4.69402e-16
1.13741e-05 4.69428e-16
1.23850e-05 4.69349e-16
1.34859e-05 4.69408e-16
1.46845e-05 4.69367e-16
1.59898e-05 4.69390e-16
1.74110e-05 4.69370e-16
1.89585e-05 4.69384e-16
2.06436e-05 4.69402e-16
2.24785e-05 4.69370e-16
2.44765e-05 4.69346e-16
2.66521e-05 4.69450e-16
2.90210e-05 4.69367e-16
3.16005e-05 4.69378e-16
3.44093e-05 4.69414e-16
3.74677e-05 4.69408e-16
4.07979e-05 4.69436e-16
4.44242e-05 4.69359e-16
4.83728e-05 4.69354e-16
5.26724e-05 4.69409e-16
5.73541e-05 4.69409e-16
6.24519e-05 4.69394e-16
6.80029e-05 4.69377e-16
7.40472e-05 4.69400e-16
8.06288e-05 4.69439e-16
8.77954e-05 4.69406e-16
9.55990e-05 4.69413e-16
1.04096e-04 4.69418e-16
1.13349e-04 4.69450e-16
1.23423e-04 4.69492e-16
1.34394e-04 4.69421e-16
1.46339e-04 4.69414e-16
1.59346e-04 4.69372e-16
1.73510e-04 4.69394e-16
1.88932e-04 4.69393e-16
2.05725e-04 4.69366e-16
2.24010e-04 4.69406e-16
2.43921e-04 4.69390e-16
2.65602e-04 4.69469e-16
2.89210e-04 4.69416e-16
3.14916e-04 4.69402e-16
3.42907e-04 4.69423e-16
3.73385e-04 4.69422e-16
4.06573e-04 4.69418e-16
4.42711e-04 4.69460e-16
4.82061e-04 4.69374e-16
5.24908e-04 4.69459e-16
5.71564e-04 4.69442e-16
6.22367e-04 4.69463e-16
6.77685e-04 4.69437e-16
7.37920e-04 4.69510e-16
8.03509e-04 4.69460e-16
8.74928e-04 4.69483e-16
9.52695e-04 4.69403e-16
1.03737e-03 4.69475e-16
1.12958e-03 4.69426e-16
1.22998e-03 4.69461e-16
1.33931e-03 4.69518e-16
1.45835e-03 4.69455e-16
1.58797e-03 4.69567e-16
1.72912e-03 4.69467e-16
1.88281e-03 4.69520e-16
2.05016e-03 4.69554e-16
2.23238e-03 4.69567e-16
2.43081e-03 4.69558e-16
2.64686e-03 4.69540e-16
2.88213e-03 4.69540e-16
3.13830e-03 4.69591e-16
3.41725e-03 4.69609e-16
3.72098e-03 4.69650e-16
4.05172e-03 4.69659e-16
4.41185e-03 4.69676e-16
4.80399e-03 4.69682e-16
5.23099e-03 4.69763e-16
5.69594e-03 4.69692e-16
6.20221e-03 4.69730e-16
6.75349e-03 4.69808e-16
7.35376e-03 4.69791e-16
8.00739e-03 4.69858e-16
8.71912e-03 4.69967e-16
9.49411e-03 4.69969e-16
1.03380e-02 4.70021e-16
1.12569e-02 4.70103e-16
1.22574e-02 4.70170e-16
1.33469e-02 4.70223e-16
1.45332e-02 4.70316e-16
1.58250e-02 4.70318e-16
1.72316e-02 4.70399e-16
1.87632e-02 4.70528e-16
2.04309e-02 4.70600e-16
2.22469e-02 4.70739e-16
2.42243e-02 4.70843e-16
2.63774e-02 4.70984e-16
2.87219e-02 4.71166e-16
3.12748e-02 4.71259e-16
3.40547e-02 4.71450e-16
3.70816e-02 4.71574e-16
4.03775e-02 4.71871e-16
4.39664e-02 4.72092e-16
4.78743e-02 4.72293e-16
5.21296e-02 4.72550e-16
5.67630e-02 4.72882e-16
6.18083e-02 4.73127e-16
6.73021e-02 4.73512e-16
7.32842e-02 4.73847e-16
7.97979e-02 4.74281e-16
8.68907e-02 4.74770e-16
9.46138e-02 4.75234e-16
1.03023e-01 4.75792e-16
1.12181e-01 4.76426e-16
1.22152e-01 4.77000e-16
1.33009e-01 4.77751e-16
1.44831e-01 4.78515e-16
1.57704e-01 4.79392e-16
1.71722e-01 4.80263e-16
1.86985e-01 4.81399e-16
2.03605e-01 4.82547e-16
2.21702e-01 4.83752e-16
2.41408e-01 4.85151e-16
2.62865e-01 4.86730e-16
2.86229e-01 4.88419e-16
3.11670e-01 4.90323e-16
3.39373e-01 4.92446e-16
3.69538e-01 4.94892e-16
4.02383e-01 4.97546e-16
4.38149e-01 5.00545e-16
4.77093e-01 5.04000e-16
5.19499e-01 5.07822e-16
5.65674e-01 5.12285e-16
6.15953e-01 5.17430e-16
6.70701e-01 5.23279e-16
7.30316e-01 5.30250e-16
7.95229e-01 5.38608e-16
8.65912e-01 5.48703e-16
9.42877e-01 5.61174e-16
1.02668e+00 5.77182e-16
1.11794e+00 5.99150e-16
1.21731e+00 6.32136e-16
1.32550e+00 6.94057e-16
1.44332e+00 1.30231e-15
1.57161e+00 1.12658e-15
1.71130e+00 1.06472e-15
1.86340e+00 1.02284e-15
2.02903e+00 9.89955e-16
2.20938e+00 9.61568e-16
2.40576e+00 9.36545e-16
2.61959e+00 9.13610e-16
2.85243e+00 8.92172e-16
3.10596e+00 8.72036e-16
3.38203e+00 8.52915e-16
3.68264e+00 8.34519e-16
4.00996e+00 8.16192e-16
4.36638e+00 7.99027e-16
4.75448e+00 7.81934e-16
5.17708e+00 7.64993e-16
5.63724e+00 7.48361e-16
6.13830e+00 7.31978e-16
6.68389e+00 7.15850e-16
7.27798e+00 6.99462e-16
7.92488e+00 6.83198e-16
8.62927e+00 6.67016e-16
9.39627e+00 6.50530e-16
1.02314e+01 6.33858e-16
1.11409e+01 6.17128e-16
1.21311e+01 5.99846e-16
1.32093e+01 5.82308e-16
1.43834e+01 5.64185e-16
1.56619e+01 5.45549e-16
1.70540e+01 5.26030e-16
1.85698e+01 5.05554e-16
2.02204e+01 4.84123e-16
2.20176e+01 4.61523e-16
2.39746e+01 4.37246e-16
2.61056e+01 4.11285e-16
2.84259e+01 3.83327e-16
3.09525e+01 3.52750e-16
3.37037e+01 3.19088e-16
3.66994e+01 2.81397e-16
3.99614e+01 2.38610e-16
4.35133e+01 1.89214e-16
4.73810e+01 1.32701e-16
5.15924e+01 7.30903e-17
5.61781e+01 2.39789e-17
6.11714e+01 2.04910e-18
6.66085e+01 6.02563e-22
7.25290e+01 0.00000e+00
