3.17098e-06 5.20082e-17
3.45321e-06 5.20054e-17
3.76057e-06 5.20174e-17
4.09528e-06 5.20053e-17
4.45978e-06 5.20098e-17
4.85672e-06 5.20137e-17
5.28900e-06 5.20056e-17
5.75975e-06 5.20070e-17
6.27239e-06 5.20027e-17
6.83067e-06 5.20051e-17
7.43864e-06 5.20039e-17
8.10072e-06 5.20155e-17
8.82172e-06 5.20170e-17
9.60690e-06 5.20127e-17
1.04620e-05 5.20042e-17
1.13931e-05 5.20147e-17
1.24072e-05 5.20153e-17
1.35115e-05 5.20040e-17
1.47141e-05 5.20098e-17
1.60237e-05 5.20115e-17
1.74499e-05 5.20149e-17
1.90031e-05 5.20040e-17
2.06944e-05 5.20046e-17
2.25363e-05 5.20057e-17
2.45422e-05 5.20139e-17
2.67266e-05 5.20101e-17
2.91054e-05 5.20088e-17
3.16959e-05 5.20063e-17
3.45170e-05 5.20098e-17
3.75892e-05 5.20077e-17
4.09349e-05 5.20101e-17
4.45783e-05 5.20107e-17
4.85460e-05 5.20065e-17
5.28668e-05 5.20044e-17
5.75723e-05 5.20061e-17
6.26965e-05 5.20122e-17
6.82768e-05 5.20042e-17
7.43538e-05 5.19999e-17
8.09717e-05 5.20139e-17
8.81786e-05 5.20107e-17
9.60270e-05 5.20145e-17
1.04574e-04 5.20107e-17
1.13882e-04 5.20129e-17
1.24018e-04 5.20022e-17
1.35056e-04 5.20081e-17
1.47076e-04 5.20050e-17
1.60167e-04 5.20100e-17
1.74423e-04 5.20077e-17
1.89947e-04 5.20073e-17
2.06854e-04 5.20110e-17
2.25265e-04 5.20070e-17
2.45315e-04 5.20129e-17
2.67149e-04 5.20080e-17
2.90926e-04 5.20056e-17
3.16820e-04 5.20095e-17
3.45019e-04 5.20063e-17
3.75728e-04 5.20104e-17
4.09169e-04 5.20082e-17
4.45588e-04 5.20003e-17
4.85247e-04 5.20097e-17
5.28437e-04 5.20033e-17
5.75471e-04 5.20105e-17
6.26691e-04 5.20085e-17
6.82469e-04 5.20146e-17
7.43213e-04 5.20171e-17
8.09363e-04 5.20060e-17
8.81400e-04 5.20108e-17
9.59850e-04 5.20118e-17
1.04528e-03 5.20126e-17
1.13832e-03 5.20057e-17
1.23963e-03 5.20109e-17
1.34997e-03 5.20113e-17
1.47012e-03 5.20094e-17
1.60097e-03 5.20193e-17
1.74346e-03 5.20096e-17
1.89864e-03 5.20115e-17
2.06763e-03 5.20145e-17
2.25166e-03 5.20155e-17
2.45207e-03 5.20089e-17
2.67032e-03 5.20090e-17
2.90799e-03 5.20056e-17
3.16682e-03 5.20163e-17
3.44868e-03 5.20174e-17
3.75563e-03 5.20207e-17
4.08990e-03 5.20177e-17
4.45393e-03 5.20169e-17
4.85035e-03 5.20210e-17
5.28206e-03 5.20232e-17
5.75219e-03 5.20170e-17
6.26416e-03 5.20163e-17
6.82171e-03 5.20203e-17
7.42888e-03 5.20258e-17
8.09009e-03 5.20237e-17
8.81015e-03 5.20197e-17
9.59430e-03 5.20262e-17
1.04482e-02 5.20269e-17
1.13782e-02 5.20174e-17
1.23909e-02 5.20262e-17
1.34938e-02 5.20353e-17
1.46948e-02 5.20311e-17
1.60027e-02 5.20294e-17
1.74270e-02 5.20330e-17
1.89781e-02 5.20415e-17
2.06673e-02 5.20429e-17
2.25068e-02 5.20467e-17
2.45100e-02 5.20545e-17
2.66915e-02 5.20473e-17
2.90672e-02 5.20558e-17
3.16543e-02 5.20596e-17
3.44717e-02 5.20583e-17
3.75399e-02 5.20633e-17
4.08811e-02 5.20693e-17
4.45198e-02 5.20865e-17
4.84823e-02 5.20885e-17
5.27975e-02 5.20942e-17
5.74967e-02 5.21003e-17
6.26142e-02 5.21030e-17
6.81872e-02 5.21175e-17
7.42563e-02 5.21323e-17
8.08655e-02 5.21414e-17
8.80629e-02 5.21527e-17
9.59010e-02 5.21604e-17
1.04437e-01 5.21772e-17
1.13732e-01 5.21939e-17
1.23855e-01 5.22130e-17
1.34879e-01 5.22279e-17
1.46883e-01 5.22450e-17
1.59957e-01 5.22762e-17
1.74194e-01 5.22947e-17
1.89698e-01 5.23177e-17
2.06582e-01 5.23520e-17
2.24969e-01 5.23871e-17
2.44993e-01 5.24200e-17
2.66798e-01 5.24606e-17
2.90545e-01 5.25113e-17
3.16405e-01 5.25469e-17
3.44566e-01 5.25941e-17
3.75235e-01 5.26517e-17
4.08633e-01 5.27170e-17
4.45003e-01 5.27949e-17
4.84611e-01 5.28640e-17
5.27744e-01 5.29482e-17
5.74716e-01 5.30592e-17
6.25868e-01 5.31729e-17
6.81574e-01 5.32956e-17
7.42238e-01 5.34506e-17
8.08301e-01 5.36297e-17
8.80244e-01 5.38384e-17
9.58590e-01 5.41078e-17
1.04391e+00 5.44573e-17
1.13682e+00 5.49831e-17
1.23801e+00 5.59941e-17
1.34820e+00 6.05910e-17
1.46819e+00 1.42384e-15
1.59887e+00 1.46870e-15
1.74118e+00 1.50533e-15
1.89615e+00 1.54179e-15
2.06492e+00 1.58197e-15
2.24871e+00 1.62685e-15
2.44885e+00 1.67472e-15
2.66682e+00 1.72692e-15
2.90418e+00 1.78536e-15
3.16266e+00 1.85121e-15
3.44416e+00 1.92639e-15
3.75070e+00 2.01322e-15
4.08454e+00 2.11170e-15
4.44808e+00 2.22460e-15
4.84399e+00 2.35860e-15
5.27513e+00 2.51721e-15
5.74464e+00 2.70266e-15
6.25594e+00 2.92521e-15
6.81276e+00 3.19460e-15
7.41913e+00 3.52280e-15
8.07947e+00 3.92480e-15
8.79859e+00 4.42784e-15
9.58171e+00 5.04818e-15
1.04345e+01 5.80841e-15
1.13633e+01 6.69630e-15
1.23746e+01 7.59659e-15
1.34761e+01 8.20601e-15
1.46755e+01 7.97840e-15
1.59817e+01 6.57663e-15
1.74042e+01 4.69135e-15
1.89532e+01 3.32143e-15
2.06401e+01 2.50610e-15
2.24772e+01 1.99457e-15
2.44778e+01 1.65013e-15
2.66565e+01 1.40610e-15
2.90290e+01 1.22573e-15
3.16128e+01 1.09061e-15
3.44265e+01 9.88374e-16
3.74906e+01 9.11230e-16
4.08275e+01 8.52009e-16
4.44614e+01 8.02206e-16
4.84187e+01 7.41271e-16
5.27282e+01 6.26935e-16
5.74213e+01 3.98066e-16
6.25321e+01 9.74712e-17
6.80978e+01 2.03291e-19
7.41588e+01 0.00000e+00
