2.54241e-17
2.54256e-17
2.54238e-17
2.54252e-17
2.54260e-17
2.54244e-17
2.54229e-17
2.54219e-17
2.54232e-17
2.54217e-17
2.54248e-17
2.54235e-17
2.54266e-17
2.54253e-17
2.54250e-17
2.54251e-17
2.54244e-17
2.54209e-17
2.54214e-17
2.54234e-17
2.54226e-17
2.54223e-17
2.54211e-17
2.54223e-17
2.54267e-17
2.54217e-17
2.54242e-17
2.54225e-17
2.54249e-17
2.54221e-17
2.54250e-17
2.54259e-17
2.54217e-17
2.54237e-17
2.54251e-17
2.54222e-17
2.54223e-17
2.54220e-17
2.54232e-17
2.54251e-17
2.54242e-17
2.54246e-17
2.54243e-17
2.54218e-17
2.54230e-17
2.54241e-17
2.54236e-17
2.54245e-17
2.54240e-17
2.54224e-17
2.54262e-17
2.54242e-17
2.54221e-17
2.54245e-17
2.54228e-17
2.54225e-17
2.54256e-17
2.54206e-17
2.54254e-17
2.54234e-17
2.54259e-17
2.54243e-17
2.54255e-17
2.54264e-17
2.54248e-17
2.54278e-17
2.54229e-17
2.54250e-17
2.54276e-17
2.54242e-17
2.54261e-17
2.54258e-17
2.54243e-17
2.54231e-17
2.54252e-17
2.54272e-17
2.54247e-17
2.54243e-17
2.54260e-17
2.54263e-17
2.54262e-17
2.54262e-17
2.54299e-17
2.54295e-17
2.54311e-17
2.54294e-17
2.54335e-17
2.54335e-17
2.54322e-17
2.54343e-17
2.54352e-17
2.54362e-17
2.54371e-17
2.54393e-17
2.54406e-17
2.54437e-17
2.54451e-17
2.54464e-17
2.54472e-17
2.54475e-17
2.54505e-17
2.54573e-17
2.54606e-17
2.54638e-17
2.54686e-17
2.54756e-17
2.54792e-17
2.54817e-17
2.54907e-17
2.54960e-17
2.55049e-17
2.55130e-17
2.55247e-17
2.55324e-17
2.55451e-17
2.55598e-17
2.55690e-17
2.55861e-17
2.56020e-17
2.56223e-17
2.56445e-17
2.56680e-17
2.56957e-17
2.57239e-17
2.57545e-17
2.57861e-17
2.58324e-17
2.58762e-17
2.59292e-17
2.59783e-17
2.60374e-17
2.61081e-17
2.61866e-17
2.62705e-17
2.63690e-17
2.64711e-17
2.65949e-17
2.67267e-17
2.68784e-17
2.70519e-17
2.72484e-17
2.74681e-17
2.77179e-17
2.80045e-17
2.83393e-17
2.87214e-17
2.91708e-17
2.96936e-17
3.03144e-17
3.10551e-17
3.19642e-17
3.30751e-17
3.44724e-17
3.62854e-17
3.87132e-17
4.21475e-17
4.73859e-17
5.63120e-17
7.54438e-17
1.48413e-16
4.80308e-14
1.09716e-14
5.92721e-15
3.93884e-15
2.87470e-15
2.21622e-15
1.76924e-15
1.44763e-15
1.20665e-15
1.01943e-15
8.70896e-16
7.50507e-16
6.51127e-16
5.68293e-16
4.98563e-16
4.39271e-16
3.88131e-16
3.44064e-16
3.05570e-16
2.72040e-16
2.42491e-16
2.16407e-16
1.93174e-16
1.72511e-16
1.53932e-16
1.37181e-16
1.21973e-16
1.08076e-16
9.52106e-17
8.32737e-17
7.20293e-17
6.12417e-17
5.06948e-17
4.00789e-17
2.90735e-17
1.75958e-17
7.02969e-18
9.17599e-19
1.03944e-21
0.00000e+00
