# time       flux         exit_code
1.00000e+01  1.54628e-18  0
1.10130e+01  1.54630e-18  0
1.21287e+01  1.54643e-18  0
1.33573e+01  1.54627e-18  0
1.47104e+01  1.54627e-18  0
1.62006e+01  1.54637e-18  0
1.78418e+01  1.54656e-18  0
1.96492e+01  1.54618e-18  0
2.16396e+01  1.54616e-18  0
2.38318e+01  1.54610e-18  0
2.62460e+01  1.54616e-18  0
2.89047e+01  1.54613e-18  0
3.18328e+01  1.54620e-18  0
3.50575e+01  1.54608e-18  0
3.86089e+01  1.54620e-18  0
4.25201e+01  1.54611e-18  0
4.68274e+01  1.54592e-18  0
5.15711e+01  1.54609e-18  0
5.67954e+01  1.54604e-18  0
6.25488e+01  1.54599e-18  0
6.88851e+01  1.54655e-18  0
7.58633e+01  1.54641e-18  0
8.35483e+01  1.54598e-18  0
9.20119e+01  1.54638e-18  0
1.01333e+02  1.54630e-18  0
1.11598e+02  1.54626e-18  0
1.22903e+02  1.54612e-18  0
1.35353e+02  1.54654e-18  0
1.49065e+02  1.54631e-18  0
1.64165e+02  1.54633e-18  0
1.80796e+02  1.54623e-18  0
1.99111e+02  1.54604e-18  0
2.19281e+02  1.54663e-18  0
2.41494e+02  1.54674e-18  0
2.65958e+02  1.54639e-18  0
2.92900e+02  1.54618e-18  0
3.22571e+02  1.54637e-18  0
3.55248e+02  1.54620e-18  0
3.91235e+02  1.54651e-18  0
4.30868e+02  1.54641e-18  0
4.74516e+02  1.54618e-18  0
5.22585e+02  1.54606e-18  0
5.75524e+02  1.54629e-18  0
6.33825e+02  1.54596e-18  0
6.98033e+02  1.54628e-18  0
7.68744e+02  1.54653e-18  0
8.46619e+02  1.54624e-18  0
9.32383e+02  1.54609e-18  0
1.02684e+03  1.54625e-18  0
1.13086e+03  1.54661e-18  0
1.24541e+03  1.54622e-18  0
1.37158e+03  1.54625e-18  0
1.51052e+03  1.54622e-18  0
1.66354e+03  1.54658e-18  0
1.83205e+03  1.54619e-18  0
2.01764e+03  1.54619e-18  0
2.22203e+03  1.54618e-18  0
2.44713e+03  1.54643e-18  0
2.69503e+03  1.54627e-18  0
2.96804e+03  1.54616e-18  0
3.26871e+03  1.54670e-18  0
3.59983e+03  1.54642e-18  0
3.96450e+03  1.54623e-18  0
4.36611e+03  1.54642e-18  0
4.80840e+03  1.54617e-18  0
5.29550e+03  1.54641e-18  0
5.83195e+03  1.54605e-18  0
6.42273e+03  1.54641e-18  0
7.07337e+03  1.54659e-18  0
7.78991e+03  1.54646e-18  0
8.57904e+03  1.54630e-18  0
9.44811e+03  1.54612e-18  0
1.04052e+04  1.54610e-18  0
1.14593e+04  1.54632e-18  0
1.26201e+04  1.54618e-18  0
1.38986e+04  1.54653e-18  0
1.53065e+04  1.54655e-18  0
1.68571e+04  1.54658e-18  0
1.85647e+04  1.54633e-18  0
2.04454e+04  1.54670e-18  0
2.25165e+04  1.54702e-18  0
2.47975e+04  1.54630e-18  0
2.73095e+04  1.54667e-18  0
3.00760e+04  1.54659e-18  0
3.31227e+04  1.54674e-18  0
3.64781e+04  1.54636e-18  0
4.01734e+04  1.54678e-18  0
4.42431e+04  1.54685e-18  0
4.87250e+04  1.54655e-18  0
5.36609e+04  1.54657e-18  0
5.90968e+04  1.54701e-18  0
6.50834e+04  1.54722e-18  0
7.16764e+04  1.54695e-18  0
7.89374e+04  1.54726e-18  0
8.69339e+04  1.54740e-18  0
9.57404e+04  1.54753e-18  0
1.05439e+05  1.54741e-18  0
1.16120e+05  1.54757e-18  0
1.27883e+05  1.54772e-18  0
1.40838e+05  1.54775e-18  0
1.55105e+05  1.54817e-18  0
1.70818e+05  1.54804e-18  0
1.88122e+05  1.54829e-18  0
2.07179e+05  1.54876e-18  0
2.28166e+05  1.54907e-18  0
2.51280e+05  1.54949e-18  0
2.76735e+05  1.54969e-18  0
3.04769e+05  1.54991e-18  0
3.35642e+05  1.55027e-18  0
3.69643e+05  1.55097e-18  0
4.07089e+05  1.55131e-18  0
4.48328e+05  1.55178e-18  0
4.93744e+05  1.55203e-18  0
5.43761e+05  1.55257e-18  0
5.98845e+05  1.55337e-18  0
6.59509e+05  1.55411e-18  0
7.26318e+05  1.55499e-18  0
7.99895e+05  1.55557e-18  0
8.80926e+05  1.55667e-18  0
9.70165e+05  1.55780e-18  0
1.06844e+06  1.55932e-18  0
1.17668e+06  1.56034e-18  0
1.29588e+06  1.56137e-18  0
1.42715e+06  1.56317e-18  0
1.57173e+06  1.56495e-18  0
1.73094e+06  1.56703e-18  0
1.90629e+06  1.56913e-18  0
2.09940e+06  1.57170e-18  0
2.31208e+06  1.57444e-18  0
2.54629e+06  1.57700e-18  0
2.80424e+06  1.58021e-18  0
3.08831e+06  1.58418e-18  0
3.40116e+06  1.58799e-18  0
3.74570e+06  1.59285e-18  0
4.12515e+06  1.59746e-18  0
4.54303e+06  1.60307e-18  0
5.00325e+06  1.60886e-18  0
5.51009e+06  1.61597e-18  0
6.06827e+06  1.62357e-18  0
6.68299e+06  1.63236e-18  0
7.35999e+06  1.64179e-18  0
8.10557e+06  1.65285e-18  0
8.92668e+06  1.66510e-18  0
9.83096e+06  1.67890e-18  0
1.08269e+07  1.69505e-18  0
1.19236e+07  1.71282e-18  0
1.31315e+07  1.73353e-18  0
1.44618e+07  1.75758e-18  0
1.59268e+07  1.78578e-18  0
1.75402e+07  1.81902e-18  0
1.93170e+07  1.85884e-18  0
2.12739e+07  1.90726e-18  0
2.34289e+07  1.96739e-18  0
2.58023e+07  2.04547e-18  0
2.84161e+07  2.15154e-18  0
3.12947e+07  2.30824e-18  0
3.44649e+07  2.57077e-18  0
3.79563e+07  3.16861e-18  0
4.18013e+07  7.53565e-18  0
4.60359e+07  8.81369e-15  0
5.06994e+07  3.56019e-15  0
5.58353e+07  2.14952e-15  0
6.14915e+07  1.49744e-15  0
6.77207e+07  1.12292e-15  0
7.45809e+07  8.81312e-16  0
8.21361e+07  7.11518e-16  0
9.04566e+07  5.88973e-16  0
9.96200e+07  4.94306e-16  0
1.09712e+08  4.21008e-16  0
1.20826e+08  3.61179e-16  0
1.33065e+08  3.12643e-16  0
1.46545e+08  2.72861e-16  0
1.61390e+08  2.38906e-16  0
1.77740e+08  2.10843e-16  0
1.95745e+08  1.86774e-16  0
2.15574e+08  1.66075e-16  0
2.37412e+08  1.48030e-16  0
2.61462e+08  1.32131e-16  0
2.87949e+08  1.18473e-16  0
3.17119e+08  1.06408e-16  0
3.49243e+08  9.58943e-17  0
3.84622e+08  8.65699e-17  0
4.23585e+08  7.82246e-17  0
4.66495e+08  7.08505e-17  0
5.13751e+08  6.42315e-17  0
5.65795e+08  5.83327e-17  0
6.23111e+08  5.30358e-17  0
6.86233e+08  4.82008e-17  0
7.55750e+08  4.37994e-17  0
8.32308e+08  3.97378e-17  0
9.16623e+08  3.59082e-17  0
1.00948e+09  3.22319e-17  0
1.11174e+09  2.85087e-17  0
1.22436e+09  2.45180e-17  0
1.34839e+09  1.97884e-17  0
1.48498e+09  1.37761e-17  0
1.63542e+09  6.65291e-18  0
1.80109e+09  1.13252e-18  0
1.98354e+09  1.85431e-21  0
2.18447e+09  0.00000e+00  0
