1.00000e-06     4.48508e-36
1.38950e-06     6.23201e-36
1.93070e-06     8.65933e-36
2.68270e-06     1.20321e-35
3.72759e-06     1.67185e-35
5.17947e-06     2.32303e-35
7.19686e-06     3.22785e-35
1.00000e-05     4.48507e-35
1.38950e-05     6.23201e-35
1.93070e-05     8.65933e-35
2.68270e-05     1.20321e-34
3.72759e-05     1.67185e-34
5.17947e-05     2.32303e-34
7.19686e-05     3.22784e-34
1.00000e-04     4.48506e-34
1.38950e-04     6.23199e-34
1.93070e-04     8.65929e-34
2.68270e-04     1.20320e-33
3.72759e-04     1.67184e-33
5.17947e-04     2.32300e-33
7.19686e-04     3.22779e-33
1.00000e-03     4.48496e-33
1.38950e-03     6.23180e-33
1.93070e-03     8.65892e-33
2.68270e-03     1.20313e-32
3.72759e-03     1.67170e-32
5.17947e-03     2.32273e-32
7.19686e-03     3.22727e-32
1.00000e-02     4.48395e-32
1.38950e-02     6.22985e-32
1.93070e-02     8.65516e-32
2.68270e-02     1.13169e-31
3.72759e-02     1.13169e-31
5.17947e-02     1.13169e-31
7.19686e-02     1.13169e-31
1.00000e-01     1.13169e-31
1.38950e-01     1.13169e-31
1.93070e-01     1.13169e-31
2.68270e-01     1.13169e-31
3.72759e-01     1.13169e-31
5.17947e-01     1.13169e-31
7.19686e-01     1.13169e-31
1.00000e+00     1.13169e-31
1.38950e+00     1.13169e-31
1.93070e+00     1.13169e-31
2.68270e+00     1.13169e-31
3.72759e+00     1.13169e-31
5.17947e+00     1.13169e-31
7.19686e+00     1.13169e-31
1.00000e+01     1.13169e-31
