1.00000e-06     5.27656e-36
1.38950e-06     7.33178e-36
1.93070e-06     1.01875e-35
2.68270e-06     1.41554e-35
3.72759e-06     1.96688e-35
5.17947e-06     2.73298e-35
7.19686e-06     3.79747e-35
1.00000e-05     5.27656e-35
1.38950e-05     7.33178e-35
1.93070e-05     1.01874e-34
2.68270e-05     1.41554e-34
3.72759e-05     1.96688e-34
5.17947e-05     2.73297e-34
7.19686e-05     3.79746e-34
1.00000e-04     5.27655e-34
1.38950e-04     7.33175e-34
1.93070e-04     1.01874e-33
2.68270e-04     1.41553e-33
3.72759e-04     1.96687e-33
5.17947e-04     2.73294e-33
7.19686e-04     3.79740e-33
1.00000e-03     5.27643e-33
1.38950e-03     7.33152e-33
1.93070e-03     1.01870e-32
2.68270e-03     1.41545e-32
3.72759e-03     1.96670e-32
5.17947e-03     2.73262e-32
7.19686e-03     3.79678e-32
1.00000e-02     5.27524e-32
1.38950e-02     7.32923e-32
1.93070e-02     1.01825e-31
2.68270e-02     1.13169e-31
3.72759e-02     1.13169e-31
5.17947e-02     1.13169e-31
7.19686e-02     1.13169e-31
1.00000e-01     1.13169e-31
1.38950e-01     1.13169e-31
1.93070e-01     1.13169e-31
2.68270e-01     1.13169e-31
3.72759e-01     1.13169e-31
5.17947e-01     1.13169e-31
7.19686e-01     1.13169e-31
1.00000e+00     1.13169e-31
1.38950e+00     1.13169e-31
1.93070e+00     1.13169e-31
2.68270e+00     1.13169e-31
3.72759e+00     1.13169e-31
5.17947e+00     1.13169e-31
7.19686e+00     1.13169e-31
1.00000e+01     1.13169e-31
