1.00000e-06   1.73887e+06
1.38950e-06   1.07968e+06
1.93070e-06   6.44185e+05
2.68270e-06   4.30145e+05
3.72759e-06   2.64817e+05
5.17947e-06   1.47865e+05
7.19686e-06   9.90031e+04
1.00000e-05   6.05719e+04
1.38950e-05   3.69525e+04
1.93070e-05   2.23519e+04
2.68270e-05   1.24223e+04
3.72759e-05   8.26551e+03
5.17947e-05   5.02270e+03
7.19686e-05   3.05813e+03
1.00000e-04   1.85422e+03
1.38950e-04   1.09430e+03
1.93070e-04   7.01680e+02
2.68270e-04   4.21955e+02
3.72759e-04   2.53026e+02
5.17947e-04   1.47753e+02
7.19686e-04   9.46554e+01
1.00000e-03   5.99654e+01
1.38950e-03   3.55002e+01
1.93070e-03   2.23957e+01
2.68270e-03   1.31613e+01
3.72759e-03   7.83844e+00
5.17947e-03   4.85372e+00
7.19686e-03   2.49955e+00
1.00000e-02   1.80488e+00
1.38950e-02   1.10144e+00
1.93070e-02   6.35255e-01
2.68270e-02   3.51376e-01
3.72759e-02   1.53541e-01
5.17947e-02   5.62364e-02
7.19686e-02   1.63090e-02
1.00000e-01   4.22029e-03
1.38950e-01   9.74605e-04
1.93070e-01   2.11465e-04
2.68270e-01   4.35508e-05
3.72759e-01   8.93138e-06
5.17947e-01   1.88277e-06
7.19686e-01   3.67165e-07
1.00000e+00   6.99526e-08
1.38950e+00   1.26336e-08
1.93070e+00   1.99947e-09
2.68270e+00   2.71063e-10
3.72759e+00   3.07783e-11
5.17947e+00   2.92817e-12
7.19686e+00   2.34110e-13
1.00000e+01   1.70525e-14
