1.00000e-06   2.93900e+05
1.38950e-06   2.18720e+05
1.93070e-06   1.76475e+05
2.68270e-06   6.49948e+04
3.72759e-06   4.55320e+04
5.17947e-06   2.65725e+04
7.19686e-06   1.69617e+04
1.00000e-05   1.19278e+04
1.38950e-05   7.13236e+03
1.93070e-05   3.62280e+03
2.68270e-05   2.52866e+03
3.72759e-05   1.47702e+03
5.17947e-05   1.04092e+03
7.19686e-05   5.44433e+02
1.00000e-04   3.14167e+02
1.38950e-04   2.10214e+02
1.93070e-04   1.22951e+02
2.68270e-04   7.73049e+01
3.72759e-04   3.56082e+01
5.17947e-04   2.77737e+01
7.19686e-04   2.19810e+01
1.00000e-03   1.21988e+01
1.38950e-03   6.23346e+00
1.93070e-03   2.61800e+00
2.68270e-03   2.81832e+00
3.72759e-03   1.70037e+00
5.17947e-03   9.23047e-01
7.19686e-03   5.73341e-01
1.00000e-02   4.08566e-01
1.38950e-02   1.35141e-01
1.93070e-02   1.02522e-01
2.68270e-02   8.01914e-02
3.72759e-02   3.45800e-02
5.17947e-02   1.56509e-02
7.19686e-02   5.00523e-03
1.00000e-01   1.21683e-03
1.38950e-01   4.97411e-04
1.93070e-01   1.51015e-04
2.68270e-01   3.52926e-05
3.72759e-01   2.28282e-06
5.17947e-01   4.66098e-07
7.19686e-01   5.76053e-08
1.00000e+00   3.53289e-09
1.38950e+00   4.47679e-10
1.93070e+00   3.49216e-11
2.68270e+00   3.15550e-12
3.72759e+00   3.41395e-13
5.17947e+00   3.22536e-14
7.19686e+00   2.60212e-15
1.00000e+01   1.85019e-16
