1.00000e-06   3.40170e+07
1.38950e-06   1.78803e+07
1.93070e-06   9.58134e+06
2.68270e-06   6.26285e+06
3.72759e-06   5.42018e+06
5.17947e-06   2.56470e+06
7.19686e-06   1.45811e+06
1.00000e-05   9.34595e+05
1.38950e-05   6.77963e+05
1.93070e-05   3.73304e+05
2.68270e-05   2.58932e+05
3.72759e-05   1.59563e+05
5.17947e-05   1.03128e+05
7.19686e-05   5.76161e+04
1.00000e-04   3.12864e+04
1.38950e-04   1.67253e+04
1.93070e-04   1.13844e+04
2.68270e-04   5.68837e+03
3.72759e-04   4.81418e+03
5.17947e-04   2.40106e+03
7.19686e-04   1.82291e+03
1.00000e-03   1.15336e+03
1.38950e-03   4.57494e+02
1.93070e-03   4.01341e+02
2.68270e-03   3.10399e+02
3.72759e-03   1.57285e+02
5.17947e-03   7.15501e+01
7.19686e-03   4.73203e+01
1.00000e-02   4.62201e+01
1.38950e-02   1.93864e+01
1.93070e-02   9.06247e+00
2.68270e-02   6.84803e+00
3.72759e-02   3.32425e+00
5.17947e-02   1.18894e+00
7.19686e-02   5.87979e-01
1.00000e-01   2.20490e-01
1.38950e-01   5.84796e-02
1.93070e-01   1.63848e-02
2.68270e-01   2.50838e-03
3.72759e-01   2.45157e-04
5.17947e-01   6.03662e-06
7.19686e-01   4.86957e-06
1.00000e+00   5.67978e-07
1.38950e+00   3.38330e-08
1.93070e+00   2.81041e-09
2.68270e+00   2.91629e-10
3.72759e+00   3.16363e-11
5.17947e+00   2.97532e-12
7.19686e+00   2.39898e-13
1.00000e+01   1.71301e-14
