1.00000e-06   2.12028e+04
1.38950e-06   1.25100e+04
1.93070e-06   7.46726e+03
2.68270e-06   4.52954e+03
3.72759e-06   2.62937e+03
5.17947e-06   1.80462e+03
7.19686e-06   9.95165e+02
1.00000e-05   5.84023e+02
1.38950e-05   3.89067e+02
1.93070e-05   2.36843e+02
2.68270e-05   1.46643e+02
3.72759e-05   9.12133e+01
5.17947e-05   5.33988e+01
7.19686e-05   3.23293e+01
1.00000e-04   1.84654e+01
1.38950e-04   1.21616e+01
1.93070e-04   7.91846e+00
2.68270e-04   4.43827e+00
3.72759e-04   2.81126e+00
5.17947e-04   1.71451e+00
7.19686e-04   1.05728e+00
1.00000e-03   6.51836e-01
1.38950e-03   3.81232e-01
1.93070e-03   2.38553e-01
2.68270e-03   1.45969e-01
3.72759e-03   9.06885e-02
5.17947e-03   5.54308e-02
7.19686e-03   3.22839e-02
1.00000e-02   1.99186e-02
1.38950e-02   1.17796e-02
1.93070e-02   7.03068e-03
2.68270e-02   3.55891e-03
3.72759e-02   1.65148e-03
5.17947e-02   6.06731e-04
7.19686e-02   1.79714e-04
1.00000e-01   4.50754e-05
1.38950e-01   1.03599e-05
1.93070e-01   2.21123e-06
2.68270e-01   4.86783e-07
3.72759e-01   9.89261e-08
5.17947e-01   1.96666e-08
7.19686e-01   4.06137e-09
1.00000e+00   7.64362e-10
1.38950e+00   1.36481e-10
1.93070e+00   2.19138e-11
2.68270e+00   2.92453e-12
3.72759e+00   3.32670e-13
5.17947e+00   3.12883e-14
7.19686e+00   2.54268e-15
1.00000e+01   1.84493e-16
