1.58549e-07 9.37138e-18
1.75659e-07 9.37065e-18
1.94616e-07 9.37108e-18
2.15619e-07 9.37259e-18
2.38889e-07 9.37240e-18
2.64669e-07 9.37136e-18
2.93232e-07 9.37285e-18
3.24877e-07 9.37147e-18
3.59938e-07 9.37130e-18
3.98782e-07 9.37209e-18
4.41818e-07 9.37185e-18
4.89498e-07 9.37202e-18
5.42324e-07 9.37084e-18
6.00851e-07 9.37251e-18
6.65695e-07 9.37168e-18
7.37536e-07 9.37183e-18
8.17130e-07 9.37136e-18
9.05313e-07 9.37206e-18
1.00301e-06 9.37247e-18
1.11126e-06 9.37239e-18
1.23118e-06 9.37177e-18
1.36405e-06 9.37087e-18
1.51126e-06 9.37205e-18
1.67435e-06 9.37139e-18
1.85505e-06 9.37157e-18
2.05524e-06 9.37194e-18
2.27704e-06 9.37198e-18
2.52278e-06 9.37157e-18
2.79503e-06 9.37172e-18
3.09667e-06 9.37168e-18
3.43086e-06 9.37170e-18
3.80111e-06 9.37267e-18
4.21132e-06 9.37204e-18
4.66580e-06 9.37263e-18
5.16933e-06 9.37154e-18
5.72720e-06 9.37169e-18
6.34527e-06 9.37220e-18
7.03005e-06 9.37176e-18
7.78872e-06 9.37177e-18
8.62927e-06 9.37248e-18
9.56054e-06 9.37231e-18
1.05923e-05 9.37199e-18
1.17354e-05 9.37248e-18
1.30019e-05 9.37146e-18
1.44050e-05 9.37216e-18
1.59596e-05 9.37160e-18
1.76819e-05 9.37144e-18
1.95902e-05 9.37139e-18
2.17043e-05 9.37147e-18
2.40466e-05 9.37225e-18
2.66417e-05 9.37131e-18
2.95168e-05 9.37244e-18
3.27023e-05 9.37115e-18
3.62315e-05 9.37228e-18
4.01415e-05 9.37273e-18
4.44735e-05 9.37196e-18
4.92731e-05 9.37285e-18
5.45906e-05 9.37174e-18
6.04819e-05 9.37203e-18
6.70091e-05 9.37143e-18
7.42406e-05 9.37242e-18
8.22526e-05 9.37244e-18
9.11292e-05 9.37230e-18
1.00964e-04 9.37149e-18
1.11860e-04 9.37178e-18
1.23931e-04 9.37283e-18
1.37306e-04 9.37304e-18
1.52124e-04 9.37171e-18
1.68541e-04 9.37281e-18
1.86730e-04 9.37228e-18
2.06881e-04 9.37321e-18
2.29208e-04 9.37249e-18
2.53944e-04 9.37179e-18
2.81349e-04 9.37259e-18
3.11712e-04 9.37215e-18
3.45351e-04 9.37242e-18
3.82621e-04 9.37260e-18
4.23913e-04 9.37253e-18
4.69662e-04 9.37336e-18
5.20347e-04 9.37331e-18
5.76502e-04 9.37374e-18
6.38718e-04 9.37325e-18
7.07647e-04 9.37408e-18
7.84016e-04 9.37312e-18
8.68626e-04 9.37434e-18
9.62367e-04 9.37288e-18
1.06622e-03 9.37330e-18
1.18129e-03 9.37453e-18
1.30877e-03 9.37574e-18
1.45002e-03 9.37556e-18
1.60650e-03 9.37646e-18
1.77987e-03 9.37659e-18
1.97195e-03 9.37684e-18
2.18476e-03 9.37768e-18
2.42054e-03 9.37862e-18
2.68176e-03 9.37911e-18
2.97118e-03 9.37930e-18
3.29182e-03 9.37978e-18
3.64707e-03 9.38262e-18
4.04066e-03 9.38102e-18
4.47672e-03 9.38331e-18
4.95985e-03 9.38439e-18
5.49511e-03 9.38700e-18
6.08814e-03 9.38715e-18
6.74516e-03 9.39067e-18
7.47309e-03 9.39180e-18
8.27958e-03 9.39389e-18
9.17310e-03 9.39540e-18
1.01631e-02 9.39852e-18
1.12598e-02 9.40194e-18
1.24750e-02 9.40437e-18
1.38213e-02 9.40914e-18
1.53129e-02 9.41245e-18
1.69654e-02 9.41727e-18
1.87963e-02 9.42220e-18
2.08248e-02 9.42621e-18
2.30721e-02 9.43346e-18
2.55621e-02 9.44011e-18
2.83207e-02 9.44707e-18
3.13770e-02 9.45581e-18
3.47632e-02 9.46400e-18
3.85148e-02 9.47436e-18
4.26713e-02 9.48732e-18
4.72763e-02 9.50021e-18
5.23783e-02 9.51243e-18
5.80309e-02 9.52928e-18
6.42936e-02 9.54706e-18
7.12321e-02 9.56565e-18
7.89194e-02 9.58815e-18
8.74363e-02 9.61289e-18
9.68723e-02 9.63948e-18
1.07327e-01 9.67028e-18
1.18909e-01 9.70541e-18
1.31742e-01 9.74319e-18
1.45959e-01 9.78842e-18
1.61711e-01 9.83575e-18
1.79163e-01 9.89123e-18
1.98498e-01 9.95325e-18
2.19919e-01 1.00258e-17
2.43653e-01 1.01056e-17
2.69947e-01 1.01981e-17
2.99080e-01 1.03042e-17
3.31356e-01 1.04268e-17
3.67116e-01 1.05690e-17
4.06735e-01 1.07351e-17
4.50629e-01 1.09306e-17
4.99260e-01 1.11616e-17
5.53140e-01 1.14417e-17
6.12834e-01 1.17844e-17
6.78971e-01 1.22080e-17
7.52244e-01 1.27478e-17
8.33426e-01 1.34573e-17
9.23368e-01 1.44315e-17
1.02302e+00 1.58675e-17
1.13342e+00 1.82326e-17
1.25574e+00 2.33418e-17
1.39125e+00 9.10643e-17
1.54140e+00 9.10607e-17
1.70774e+00 9.12398e-17
1.89204e+00 9.19901e-17
2.09623e+00 9.41893e-17
2.32245e+00 1.12553e-16
2.57309e+00 1.06622e-16
2.85077e+00 1.03253e-16
3.15842e+00 1.00695e-16
3.49928e+00 9.85051e-17
3.87692e+00 9.65952e-17
4.29531e+00 9.49280e-17
4.75885e+00 9.33693e-17
5.27242e+00 9.19097e-17
5.84142e+00 9.06519e-17
6.47182e+00 8.94000e-17
7.17025e+00 8.82586e-17
7.94405e+00 8.72075e-17
8.80137e+00 8.61955e-17
9.75120e+00 8.52769e-17
1.08035e+01 8.44021e-17
1.19694e+01 8.35722e-17
1.32612e+01 8.28128e-17
1.46923e+01 8.20346e-17
1.62779e+01 8.13348e-17
1.80346e+01 8.06480e-17
1.99808e+01 7.99290e-17
2.21372e+01 7.92102e-17
2.45262e+01 7.84256e-17
2.71730e+01 7.75767e-17
3.01055e+01 7.65764e-17
3.33545e+01 7.53634e-17
3.69540e+01 7.38879e-17
4.09421e+01 7.20438e-17
4.53605e+01 6.96769e-17
5.02557e+01 6.65441e-17
5.56793e+01 6.22480e-17
6.16881e+01 5.59557e-17
6.83454e+01 4.62373e-17
7.57212e+01 3.14691e-17
8.38930e+01 1.35090e-17
9.29466e+01 1.72655e-18
1.02977e+02 1.95107e-21
1.14090e+02 0.00000e+00
