3.17098e-06 8.16369e-18
3.46190e-06 8.16426e-18
3.77950e-06 8.16445e-18
4.12625e-06 8.16407e-18
4.50481e-06 8.16416e-18
4.91809e-06 8.16320e-18
5.36930e-06 8.16400e-18
5.86190e-06 8.16355e-18
6.39969e-06 8.16354e-18
6.98682e-06 8.16363e-18
7.62782e-06 8.16298e-18
8.32762e-06 8.16421e-18
9.09163e-06 8.16356e-18
9.92573e-06 8.16360e-18
1.08364e-05 8.16308e-18
1.18305e-05 8.16389e-18
1.29159e-05 8.16437e-18
1.41008e-05 8.16404e-18
1.53945e-05 8.16374e-18
1.68069e-05 8.16345e-18
1.83488e-05 8.16377e-18
2.00322e-05 8.16402e-18
2.18700e-05 8.16399e-18
2.38764e-05 8.16455e-18
2.60669e-05 8.16367e-18
2.84584e-05 8.16498e-18
3.10693e-05 8.16305e-18
3.39197e-05 8.16357e-18
3.70316e-05 8.16369e-18
4.04291e-05 8.16459e-18
4.41382e-05 8.16252e-18
4.81876e-05 8.16393e-18
5.26085e-05 8.16417e-18
5.74350e-05 8.16401e-18
6.27043e-05 8.16265e-18
6.84570e-05 8.16460e-18
7.47375e-05 8.16408e-18
8.15942e-05 8.16383e-18
8.90800e-05 8.16318e-18
9.72525e-05 8.16333e-18
1.06175e-04 8.16395e-18
1.15916e-04 8.16423e-18
1.26550e-04 8.16451e-18
1.38160e-04 8.16386e-18
1.50836e-04 8.16440e-18
1.64674e-04 8.16322e-18
1.79782e-04 8.16425e-18
1.96276e-04 8.16457e-18
2.14283e-04 8.16372e-18
2.33942e-04 8.16549e-18
2.55404e-04 8.16395e-18
2.78836e-04 8.16531e-18
3.04418e-04 8.16503e-18
3.32346e-04 8.16352e-18
3.62837e-04 8.16338e-18
3.96125e-04 8.16463e-18
4.32467e-04 8.16490e-18
4.72143e-04 8.16527e-18
5.15459e-04 8.16486e-18
5.62749e-04 8.16460e-18
6.14378e-04 8.16486e-18
6.70743e-04 8.16500e-18
7.32279e-04 8.16562e-18
7.99461e-04 8.16577e-18
8.72807e-04 8.16546e-18
9.52881e-04 8.16566e-18
1.04030e-03 8.16581e-18
1.13574e-03 8.16629e-18
1.23994e-03 8.16604e-18
1.35370e-03 8.16705e-18
1.47789e-03 8.16703e-18
1.61348e-03 8.16827e-18
1.76150e-03 8.16727e-18
1.92311e-03 8.16871e-18
2.09954e-03 8.16818e-18
2.29217e-03 8.16912e-18
2.50246e-03 8.16885e-18
2.73204e-03 8.17046e-18
2.98269e-03 8.17076e-18
3.25633e-03 8.17141e-18
3.55508e-03 8.17134e-18
3.88124e-03 8.17246e-18
4.23732e-03 8.17384e-18
4.62606e-03 8.17456e-18
5.05047e-03 8.17470e-18
5.51382e-03 8.17535e-18
6.01968e-03 8.17785e-18
6.57195e-03 8.17939e-18
7.17489e-03 8.18036e-18
7.83314e-03 8.18140e-18
8.55178e-03 8.18242e-18
9.33635e-03 8.18525e-18
1.01929e-02 8.18713e-18
1.11280e-02 8.18893e-18
1.21490e-02 8.19124e-18
1.32636e-02 8.19365e-18
1.44804e-02 8.19717e-18
1.58089e-02 8.19961e-18
1.72593e-02 8.20305e-18
1.88427e-02 8.20630e-18
2.05714e-02 8.20997e-18
2.24587e-02 8.21550e-18
2.45191e-02 8.21969e-18
2.67686e-02 8.22499e-18
2.92244e-02 8.23067e-18
3.19056e-02 8.23652e-18
3.48327e-02 8.24420e-18
3.80284e-02 8.25086e-18
4.15173e-02 8.25966e-18
4.53262e-02 8.26866e-18
4.94846e-02 8.27807e-18
5.40245e-02 8.28890e-18
5.89810e-02 8.29965e-18
6.43921e-02 8.31220e-18
7.02997e-02 8.32732e-18
7.67492e-02 8.34310e-18
8.37905e-02 8.35963e-18
9.14777e-02 8.37902e-18
9.98702e-02 8.40027e-18
1.09033e-01 8.42346e-18
1.19036e-01 8.44705e-18
1.29957e-01 8.47735e-18
1.41879e-01 8.50712e-18
1.54896e-01 8.54132e-18
1.69106e-01 8.57926e-18
1.84621e-01 8.62181e-18
2.01559e-01 8.66923e-18
2.20050e-01 8.72202e-18
2.40239e-01 8.77895e-18
2.62279e-01 8.84548e-18
2.86342e-01 8.91841e-18
3.12612e-01 9.00078e-18
3.41292e-01 9.09422e-18
3.72603e-01 9.20269e-18
4.06787e-01 9.32231e-18
4.44107e-01 9.46357e-18
4.84851e-01 9.62509e-18
5.29333e-01 9.81424e-18
5.77896e-01 1.00352e-17
6.30915e-01 1.02996e-17
6.88797e-01 1.06195e-17
7.51990e-01 1.10130e-17
8.20980e-01 1.15071e-17
8.96300e-01 1.21472e-17
9.78530e-01 1.30185e-17
1.06830e+00 1.42746e-17
1.16631e+00 1.63260e-17
1.27332e+00 2.06714e-17
1.39013e+00 7.25604e-17
1.51767e+00 7.23639e-17
1.65691e+00 7.22537e-17
1.80892e+00 7.23018e-17
1.97488e+00 7.25568e-17
2.15606e+00 7.33143e-17
2.35386e+00 7.65105e-17
2.56981e+00 8.49571e-17
2.80558e+00 8.20584e-17
3.06297e+00 8.00448e-17
3.34398e+00 7.84310e-17
3.65077e+00 7.70195e-17
3.98571e+00 7.57960e-17
4.35137e+00 7.46415e-17
4.75058e+00 7.35974e-17
5.18642e+00 7.26301e-17
5.66224e+00 7.17273e-17
6.18171e+00 7.08888e-17
6.74885e+00 7.00689e-17
7.36801e+00 6.93331e-17
8.04398e+00 6.86107e-17
8.78196e+00 6.79445e-17
9.58765e+00 6.73197e-17
1.04673e+01 6.67048e-17
1.14276e+01 6.61173e-17
1.24760e+01 6.55979e-17
1.36206e+01 6.50780e-17
1.48702e+01 6.46023e-17
1.62344e+01 6.41309e-17
1.77238e+01 6.36779e-17
1.93499e+01 6.32195e-17
2.11251e+01 6.27926e-17
2.30632e+01 6.23450e-17
2.51791e+01 6.18515e-17
2.74891e+01 6.13598e-17
3.00111e+01 6.08004e-17
3.27644e+01 6.01694e-17
3.57703e+01 5.94197e-17
3.90520e+01 5.85186e-17
4.26348e+01 5.74499e-17
4.65463e+01 5.61022e-17
5.08166e+01 5.44410e-17
5.54787e+01 5.23060e-17
6.05685e+01 4.94736e-17
6.61253e+01 4.55460e-17
7.21919e+01 3.97686e-17
7.88150e+01 3.11712e-17
8.60458e+01 1.94056e-17
9.39400e+01 7.21858e-18
1.02558e+02 6.94212e-19
1.11967e+02 2.45193e-22
1.22240e+02 0.00000e+00
