3.17098e-06 3.55978e-17
3.45651e-06 3.55941e-17
3.76774e-06 3.55926e-17
4.10700e-06 3.56001e-17
4.47681e-06 3.55953e-17
4.87992e-06 3.55984e-17
5.31932e-06 3.55900e-17
5.79829e-06 3.55956e-17
6.32039e-06 3.55915e-17
6.88950e-06 3.55914e-17
7.50986e-06 3.55971e-17
8.18607e-06 3.55970e-17
8.92317e-06 3.55946e-17
9.72665e-06 3.55933e-17
1.06025e-05 3.55945e-17
1.15571e-05 3.55946e-17
1.25978e-05 3.56005e-17
1.37321e-05 3.55934e-17
1.49686e-05 3.55951e-17
1.63165e-05 3.55882e-17
1.77857e-05 3.55926e-17
1.93871e-05 3.55883e-17
2.11328e-05 3.55899e-17
2.30357e-05 3.55968e-17
2.51099e-05 3.55935e-17
2.73709e-05 3.55916e-17
2.98355e-05 3.55945e-17
3.25220e-05 3.55940e-17
3.54503e-05 3.55896e-17
3.86424e-05 3.55911e-17
4.21219e-05 3.55892e-17
4.59147e-05 3.55933e-17
5.00490e-05 3.55971e-17
5.45556e-05 3.55912e-17
5.94680e-05 3.55969e-17
6.48227e-05 3.55892e-17
7.06596e-05 3.55906e-17
7.70220e-05 3.55914e-17
8.39573e-05 3.55909e-17
9.15171e-05 3.55933e-17
9.97577e-05 3.55940e-17
1.08740e-04 3.55930e-17
1.18532e-04 3.55922e-17
1.29205e-04 3.56013e-17
1.40839e-04 3.55965e-17
1.53520e-04 3.55984e-17
1.67344e-04 3.55939e-17
1.82412e-04 3.55942e-17
1.98837e-04 3.55951e-17
2.16741e-04 3.55946e-17
2.36257e-04 3.55948e-17
2.57530e-04 3.55915e-17
2.80719e-04 3.55922e-17
3.05996e-04 3.55932e-17
3.33549e-04 3.55966e-17
3.63583e-04 3.55901e-17
3.96321e-04 3.55932e-17
4.32007e-04 3.55955e-17
4.70907e-04 3.55951e-17
5.13309e-04 3.55966e-17
5.59529e-04 3.55960e-17
6.09911e-04 3.55980e-17
6.64830e-04 3.55978e-17
7.24693e-04 3.55920e-17
7.89947e-04 3.55940e-17
8.61077e-04 3.55943e-17
9.38611e-04 3.55971e-17
1.02313e-03 3.55938e-17
1.11525e-03 3.55956e-17
1.21567e-03 3.55947e-17
1.32514e-03 3.55957e-17
1.44446e-03 3.56009e-17
1.57452e-03 3.55959e-17
1.71630e-03 3.55983e-17
1.87084e-03 3.55910e-17
2.03930e-03 3.55973e-17
2.22292e-03 3.55969e-17
2.42308e-03 3.55962e-17
2.64126e-03 3.55941e-17
2.87909e-03 3.55964e-17
3.13833e-03 3.55928e-17
3.42092e-03 3.55958e-17
3.72895e-03 3.55999e-17
4.06472e-03 3.56019e-17
4.43072e-03 3.55988e-17
4.82968e-03 3.55980e-17
5.26456e-03 3.56018e-17
5.73860e-03 3.55923e-17
6.25532e-03 3.56041e-17
6.81857e-03 3.56000e-17
7.43254e-03 3.56021e-17
8.10179e-03 3.56015e-17
8.83131e-03 3.56065e-17
9.62651e-03 3.55986e-17
1.04933e-02 3.56019e-17
1.14382e-02 3.56065e-17
1.24681e-02 3.56005e-17
1.35908e-02 3.56116e-17
1.48145e-02 3.56074e-17
1.61485e-02 3.56107e-17
1.76026e-02 3.56099e-17
1.91875e-02 3.56136e-17
2.09153e-02 3.56105e-17
2.27985e-02 3.56189e-17
2.48514e-02 3.56221e-17
2.70891e-02 3.56198e-17
2.95283e-02 3.56186e-17
3.21871e-02 3.56265e-17
3.50854e-02 3.56283e-17
3.82446e-02 3.56276e-17
4.16883e-02 3.56405e-17
4.54420e-02 3.56388e-17
4.95338e-02 3.56461e-17
5.39940e-02 3.56499e-17
5.88558e-02 3.56523e-17
6.41554e-02 3.56556e-17
6.99321e-02 3.56630e-17
7.62291e-02 3.56741e-17
8.30930e-02 3.56783e-17
9.05750e-02 3.56889e-17
9.87307e-02 3.56937e-17
1.07621e-01 3.57046e-17
1.17311e-01 3.57082e-17
1.27874e-01 3.57256e-17
1.39389e-01 3.57376e-17
1.51940e-01 3.57450e-17
1.65621e-01 3.57671e-17
1.80534e-01 3.57844e-17
1.96790e-01 3.57960e-17
2.14509e-01 3.58183e-17
2.33825e-01 3.58387e-17
2.54879e-01 3.58511e-17
2.77829e-01 3.58865e-17
3.02846e-01 3.59095e-17
3.30115e-01 3.59473e-17
3.59840e-01 3.59815e-17
3.92241e-01 3.60173e-17
4.27560e-01 3.60564e-17
4.66059e-01 3.61006e-17
5.08025e-01 3.61574e-17
5.53769e-01 3.62120e-17
6.03632e-01 3.62699e-17
6.57985e-01 3.63422e-17
7.17233e-01 3.64293e-17
7.81815e-01 3.65238e-17
8.52212e-01 3.66499e-17
9.28948e-01 3.67772e-17
1.01259e+00 3.69383e-17
1.10377e+00 3.71626e-17
1.20316e+00 3.74833e-17
1.31150e+00 3.81101e-17
1.42959e+00 4.29025e-17
1.55831e+00 4.64112e-17
1.69863e+00 4.99027e-17
1.85158e+00 2.38630e-16
2.01830e+00 2.41356e-16
2.20004e+00 2.44331e-16
2.39813e+00 2.47310e-16
2.61407e+00 2.50790e-16
2.84945e+00 2.54107e-16
3.10603e+00 2.57429e-16
3.38570e+00 2.61684e-16
3.69056e+00 2.65817e-16
4.02287e+00 2.70394e-16
4.38511e+00 2.75285e-16
4.77996e+00 2.80751e-16
5.21036e+00 2.86863e-16
5.67952e+00 2.93595e-16
6.19093e+00 3.00924e-16
6.74838e+00 3.09166e-16
7.35603e+00 3.18433e-16
8.01839e+00 3.28669e-16
8.74039e+00 3.40365e-16
9.52741e+00 3.53430e-16
1.03853e+01 3.68494e-16
1.13204e+01 3.86047e-16
1.23397e+01 4.05897e-16
1.34509e+01 4.29095e-16
1.46620e+01 4.56083e-16
1.59822e+01 4.88309e-16
1.74213e+01 5.26511e-16
1.89900e+01 5.72581e-16
2.06999e+01 6.28480e-16
2.25638e+01 6.97197e-16
2.45956e+01 7.82489e-16
2.68102e+01 8.90405e-16
2.92243e+01 1.02767e-15
3.18558e+01 1.20308e-15
3.47242e+01 1.42505e-15
3.78509e+01 1.69412e-15
4.12591e+01 1.97919e-15
4.49742e+01 2.17554e-15
4.90238e+01 2.08996e-15
5.34381e+01 1.62567e-15
5.82499e+01 1.10273e-15
6.34949e+01 7.53993e-16
6.92122e+01 4.31347e-16
7.54443e+01 1.02551e-16
8.22376e+01 2.30016e-19
8.96425e+01 0.00000e+00
