3.17098e-06 1.08685e-17
3.45941e-06 1.08672e-17
3.77407e-06 1.08688e-17
4.11736e-06 1.08702e-17
4.49187e-06 1.08683e-17
4.90044e-06 1.08686e-17
5.34618e-06 1.08686e-17
5.83247e-06 1.08691e-17
6.36298e-06 1.08692e-17
6.94175e-06 1.08685e-17
7.57316e-06 1.08695e-17
8.26201e-06 1.08683e-17
9.01351e-06 1.08688e-17
9.83337e-06 1.08697e-17
1.07278e-05 1.08688e-17
1.17036e-05 1.08692e-17
1.27681e-05 1.08693e-17
1.39295e-05 1.08692e-17
1.51965e-05 1.08693e-17
1.65788e-05 1.08688e-17
1.80868e-05 1.08679e-17
1.97319e-05 1.08695e-17
2.15267e-05 1.08694e-17
2.34848e-05 1.08685e-17
2.56209e-05 1.08699e-17
2.79514e-05 1.08694e-17
3.04938e-05 1.08699e-17
3.32675e-05 1.08702e-17
3.62935e-05 1.08697e-17
3.95947e-05 1.08691e-17
4.31962e-05 1.08689e-17
4.71253e-05 1.08678e-17
5.14117e-05 1.08698e-17
5.60881e-05 1.08686e-17
6.11898e-05 1.08692e-17
6.67555e-05 1.08684e-17
7.28276e-05 1.08695e-17
7.94519e-05 1.08683e-17
8.66787e-05 1.08697e-17
9.45629e-05 1.08709e-17
1.03164e-04 1.08704e-17
1.12548e-04 1.08700e-17
1.22785e-04 1.08688e-17
1.33954e-04 1.08698e-17
1.46138e-04 1.08694e-17
1.59430e-04 1.08705e-17
1.73932e-04 1.08697e-17
1.89753e-04 1.08698e-17
2.07012e-04 1.08689e-17
2.25842e-04 1.08693e-17
2.46384e-04 1.08694e-17
2.68795e-04 1.08697e-17
2.93245e-04 1.08686e-17
3.19918e-04 1.08689e-17
3.49017e-04 1.08691e-17
3.80764e-04 1.08700e-17
4.15397e-04 1.08696e-17
4.53181e-04 1.08690e-17
4.94402e-04 1.08698e-17
5.39373e-04 1.08694e-17
5.88433e-04 1.08720e-17
6.41957e-04 1.08714e-17
7.00348e-04 1.08721e-17
7.64051e-04 1.08708e-17
8.33549e-04 1.08713e-17
9.09367e-04 1.08714e-17
9.92082e-04 1.08727e-17
1.08232e-03 1.08716e-17
1.18077e-03 1.08718e-17
1.28817e-03 1.08728e-17
1.40534e-03 1.08725e-17
1.53317e-03 1.08736e-17
1.67262e-03 1.08744e-17
1.82476e-03 1.08742e-17
1.99074e-03 1.08748e-17
2.17182e-03 1.08766e-17
2.36936e-03 1.08765e-17
2.58488e-03 1.08772e-17
2.82000e-03 1.08788e-17
3.07650e-03 1.08783e-17
3.35633e-03 1.08782e-17
3.66162e-03 1.08796e-17
3.99468e-03 1.08814e-17
4.35803e-03 1.08821e-17
4.75443e-03 1.08831e-17
5.18689e-03 1.08864e-17
5.65869e-03 1.08869e-17
6.17340e-03 1.08881e-17
6.73492e-03 1.08902e-17
7.34752e-03 1.08924e-17
8.01584e-03 1.08935e-17
8.74496e-03 1.08969e-17
9.54039e-03 1.08993e-17
1.04082e-02 1.09018e-17
1.13549e-02 1.09053e-17
1.23877e-02 1.09083e-17
1.35145e-02 1.09109e-17
1.47438e-02 1.09153e-17
1.60848e-02 1.09189e-17
1.75479e-02 1.09254e-17
1.91440e-02 1.09301e-17
2.08853e-02 1.09352e-17
2.27851e-02 1.09414e-17
2.48576e-02 1.09475e-17
2.71186e-02 1.09553e-17
2.95853e-02 1.09622e-17
3.22763e-02 1.09715e-17
3.52121e-02 1.09811e-17
3.84150e-02 1.09904e-17
4.19092e-02 1.10025e-17
4.57212e-02 1.10156e-17
4.98799e-02 1.10272e-17
5.44169e-02 1.10446e-17
5.93666e-02 1.10602e-17
6.47666e-02 1.10781e-17
7.06577e-02 1.10971e-17
7.70846e-02 1.11193e-17
8.40961e-02 1.11427e-17
9.17454e-02 1.11690e-17
1.00090e-01 1.11969e-17
1.09195e-01 1.12307e-17
1.19127e-01 1.12657e-17
1.29962e-01 1.13028e-17
1.41784e-01 1.13469e-17
1.54680e-01 1.13944e-17
1.68750e-01 1.14462e-17
1.84099e-01 1.15052e-17
2.00845e-01 1.15691e-17
2.19113e-01 1.16422e-17
2.39043e-01 1.17233e-17
2.60787e-01 1.18124e-17
2.84507e-01 1.19154e-17
3.10386e-01 1.20299e-17
3.38618e-01 1.21601e-17
3.69419e-01 1.23058e-17
4.03021e-01 1.24763e-17
4.39679e-01 1.26703e-17
4.79672e-01 1.28936e-17
5.23302e-01 1.31557e-17
5.70901e-01 1.34635e-17
6.22830e-01 1.38305e-17
6.79481e-01 1.42779e-17
7.41286e-01 1.48242e-17
8.08713e-01 1.55123e-17
8.82273e-01 1.64106e-17
9.62523e-01 1.76233e-17
1.05007e+00 1.93756e-17
1.14559e+00 2.21880e-17
1.24979e+00 2.77901e-17
1.36347e+00 1.18496e-16
1.48749e+00 1.18813e-16
1.62279e+00 1.19456e-16
1.77039e+00 1.20767e-16
1.93143e+00 1.23690e-16
2.10711e+00 1.57698e-16
2.29877e+00 1.45789e-16
2.50786e+00 1.40777e-16
2.73597e+00 1.37096e-16
2.98484e+00 1.34058e-16
3.25633e+00 1.31497e-16
3.55253e+00 1.29162e-16
3.87566e+00 1.27121e-16
4.22819e+00 1.25202e-16
4.61278e+00 1.23409e-16
5.03235e+00 1.21818e-16
5.49009e+00 1.20253e-16
5.98946e+00 1.18808e-16
6.53425e+00 1.17509e-16
7.12860e+00 1.16252e-16
7.77701e+00 1.15001e-16
8.48440e+00 1.13859e-16
9.25613e+00 1.12810e-16
1.00981e+01 1.11797e-16
1.10166e+01 1.10802e-16
1.20186e+01 1.09893e-16
1.31118e+01 1.08980e-16
1.43045e+01 1.08121e-16
1.56056e+01 1.07269e-16
1.70250e+01 1.06408e-16
1.85736e+01 1.05537e-16
2.02631e+01 1.04629e-16
2.21062e+01 1.03680e-16
2.41169e+01 1.02590e-16
2.63106e+01 1.01414e-16
2.87038e+01 1.00020e-16
3.13146e+01 9.84226e-17
3.41630e+01 9.64787e-17
3.72704e+01 9.41297e-17
4.06605e+01 9.12523e-17
4.43589e+01 8.76272e-17
4.83937e+01 8.29460e-17
5.27956e+01 7.66414e-17
5.75978e+01 6.78285e-17
6.28368e+01 5.52976e-17
6.85524e+01 3.84564e-17
7.47879e+01 1.96943e-17
8.15905e+01 5.57248e-18
8.90119e+01 4.19384e-19
9.71083e+01 1.35925e-22
1.05941e+02 0.00000e+00
