3.17098e-06 1.83669e-17
3.45485e-06 1.83665e-17
3.76413e-06 1.83697e-17
4.10110e-06 1.83711e-17
4.46824e-06 1.83683e-17
4.86825e-06 1.83678e-17
5.30406e-06 1.83686e-17
5.77889e-06 1.83693e-17
6.29622e-06 1.83692e-17
6.85987e-06 1.83699e-17
7.47397e-06 1.83681e-17
8.14306e-06 1.83686e-17
8.87203e-06 1.83681e-17
9.66627e-06 1.83691e-17
1.05316e-05 1.83681e-17
1.14744e-05 1.83677e-17
1.25016e-05 1.83699e-17
1.36208e-05 1.83692e-17
1.48401e-05 1.83693e-17
1.61687e-05 1.83696e-17
1.76161e-05 1.83676e-17
1.91931e-05 1.83685e-17
2.09113e-05 1.83682e-17
2.27833e-05 1.83668e-17
2.48229e-05 1.83692e-17
2.70451e-05 1.83700e-17
2.94662e-05 1.83694e-17
3.21041e-05 1.83698e-17
3.49781e-05 1.83697e-17
3.81094e-05 1.83699e-17
4.15210e-05 1.83683e-17
4.52380e-05 1.83676e-17
4.92878e-05 1.83688e-17
5.37001e-05 1.83681e-17
5.85075e-05 1.83704e-17
6.37451e-05 1.83693e-17
6.94517e-05 1.83698e-17
7.56691e-05 1.83704e-17
8.24431e-05 1.83695e-17
8.98236e-05 1.83690e-17
9.78647e-05 1.83708e-17
1.06626e-04 1.83670e-17
1.16171e-04 1.83689e-17
1.26571e-04 1.83700e-17
1.37902e-04 1.83690e-17
1.50247e-04 1.83715e-17
1.63697e-04 1.83681e-17
1.78352e-04 1.83707e-17
1.94318e-04 1.83690e-17
2.11713e-04 1.83704e-17
2.30666e-04 1.83684e-17
2.51316e-04 1.83684e-17
2.73814e-04 1.83704e-17
2.98326e-04 1.83691e-17
3.25033e-04 1.83728e-17
3.54131e-04 1.83671e-17
3.85833e-04 1.83697e-17
4.20373e-04 1.83716e-17
4.58006e-04 1.83698e-17
4.99007e-04 1.83702e-17
5.43679e-04 1.83716e-17
5.92350e-04 1.83729e-17
6.45378e-04 1.83708e-17
7.03153e-04 1.83737e-17
7.66101e-04 1.83725e-17
8.34683e-04 1.83732e-17
9.09405e-04 1.83738e-17
9.90817e-04 1.83754e-17
1.07952e-03 1.83747e-17
1.17616e-03 1.83760e-17
1.28145e-03 1.83768e-17
1.39616e-03 1.83761e-17
1.52115e-03 1.83804e-17
1.65733e-03 1.83793e-17
1.80569e-03 1.83787e-17
1.96734e-03 1.83815e-17
2.14346e-03 1.83817e-17
2.33535e-03 1.83806e-17
2.54441e-03 1.83829e-17
2.77219e-03 1.83838e-17
3.02036e-03 1.83841e-17
3.29075e-03 1.83878e-17
3.58534e-03 1.83888e-17
3.90631e-03 1.83902e-17
4.25601e-03 1.83935e-17
4.63701e-03 1.83971e-17
5.05212e-03 1.83973e-17
5.50440e-03 1.84010e-17
5.99716e-03 1.84030e-17
6.53403e-03 1.84068e-17
7.11897e-03 1.84092e-17
7.75627e-03 1.84137e-17
8.45062e-03 1.84179e-17
9.20714e-03 1.84214e-17
1.00314e-02 1.84239e-17
1.09294e-02 1.84302e-17
1.19078e-02 1.84377e-17
1.29738e-02 1.84440e-17
1.41353e-02 1.84511e-17
1.54007e-02 1.84549e-17
1.67794e-02 1.84664e-17
1.82815e-02 1.84733e-17
1.99181e-02 1.84836e-17
2.17012e-02 1.84942e-17
2.36439e-02 1.85060e-17
2.57605e-02 1.85199e-17
2.80666e-02 1.85314e-17
3.05792e-02 1.85491e-17
3.33167e-02 1.85652e-17
3.62993e-02 1.85823e-17
3.95488e-02 1.86028e-17
4.30893e-02 1.86228e-17
4.69467e-02 1.86458e-17
5.11494e-02 1.86695e-17
5.57284e-02 1.86997e-17
6.07173e-02 1.87316e-17
6.61528e-02 1.87626e-17
7.20749e-02 1.88026e-17
7.85272e-02 1.88402e-17
8.55571e-02 1.88854e-17
9.32163e-02 1.89342e-17
1.01561e-01 1.89895e-17
1.10653e-01 1.90476e-17
1.20559e-01 1.91140e-17
1.31351e-01 1.91846e-17
1.43110e-01 1.92662e-17
1.55922e-01 1.93553e-17
1.69880e-01 1.94544e-17
1.85088e-01 1.95620e-17
2.01657e-01 1.96786e-17
2.19710e-01 1.98178e-17
2.39379e-01 1.99648e-17
2.60808e-01 2.01387e-17
2.84156e-01 2.03268e-17
3.09594e-01 2.05437e-17
3.37310e-01 2.07870e-17
3.67506e-01 2.10655e-17
4.00406e-01 2.13829e-17
4.36251e-01 2.17525e-17
4.75305e-01 2.21793e-17
5.17855e-01 2.26799e-17
5.64214e-01 2.32759e-17
6.14723e-01 2.39893e-17
6.69754e-01 2.48644e-17
7.29712e-01 2.59463e-17
7.95037e-01 2.73356e-17
8.66210e-01 2.91672e-17
9.43754e-01 3.16998e-17
1.02824e+00 3.54576e-17
1.12029e+00 4.16464e-17
1.22058e+00 5.41424e-17
1.32985e+00 1.01564e-16
1.44890e+00 4.51897e-16
1.57861e+00 5.10219e-16
1.71993e+00 6.13729e-16
1.87390e+00 5.77056e-16
2.04165e+00 5.53591e-16
2.22442e+00 5.35853e-16
2.42355e+00 5.21296e-16
2.64051e+00 5.08957e-16
2.87690e+00 4.98106e-16
3.13444e+00 4.88356e-16
3.41504e+00 4.79867e-16
3.72076e+00 4.71842e-16
4.05385e+00 4.64429e-16
4.41676e+00 4.57623e-16
4.81215e+00 4.51209e-16
5.24294e+00 4.45283e-16
5.71230e+00 4.39480e-16
6.22367e+00 4.33809e-16
6.78083e+00 4.28544e-16
7.38786e+00 4.23261e-16
8.04923e+00 4.17891e-16
8.76981e+00 4.12529e-16
9.55489e+00 4.07048e-16
1.04103e+01 4.01151e-16
1.13422e+01 3.94902e-16
1.23576e+01 3.88089e-16
1.34638e+01 3.80509e-16
1.46692e+01 3.71845e-16
1.59824e+01 3.61919e-16
1.74131e+01 3.50313e-16
1.89720e+01 3.36416e-16
2.06704e+01 3.19808e-16
2.25208e+01 2.99119e-16
2.45369e+01 2.72891e-16
2.67335e+01 2.39730e-16
2.91267e+01 1.99024e-16
3.17342e+01 1.53926e-16
3.45751e+01 1.12558e-16
3.76703e+01 8.18665e-17
4.10426e+01 6.09473e-17
4.47168e+01 4.54208e-17
4.87199e+01 3.25689e-17
5.30814e+01 2.11363e-17
5.78333e+01 1.10017e-17
6.30106e+01 3.48188e-18
6.86515e+01 2.93909e-19
7.47972e+01 9.02357e-23
8.14932e+01 0.00000e+00
