3.17098e-06 1.65237e-16
3.46190e-06 1.65242e-16
3.77950e-06 1.65254e-16
4.12625e-06 1.65264e-16
4.50481e-06 1.65225e-16
4.91809e-06 1.65272e-16
5.36930e-06 1.65250e-16
5.86190e-06 1.65258e-16
6.39969e-06 1.65234e-16
6.98682e-06 1.65241e-16
7.62782e-06 1.65248e-16
8.32762e-06 1.65259e-16
9.09163e-06 1.65241e-16
9.92573e-06 1.65248e-16
1.08364e-05 1.65249e-16
1.18305e-05 1.65252e-16
1.29159e-05 1.65273e-16
1.41008e-05 1.65268e-16
1.53945e-05 1.65246e-16
1.68069e-05 1.65240e-16
1.83488e-05 1.65267e-16
2.00322e-05 1.65259e-16
2.18700e-05 1.65233e-16
2.38764e-05 1.65254e-16
2.60669e-05 1.65244e-16
2.84584e-05 1.65263e-16
3.10693e-05 1.65260e-16
3.39197e-05 1.65249e-16
3.70316e-05 1.65254e-16
4.04291e-05 1.65224e-16
4.41382e-05 1.65254e-16
4.81876e-05 1.65255e-16
5.26085e-05 1.65255e-16
5.74350e-05 1.65237e-16
6.27043e-05 1.65255e-16
6.84570e-05 1.65267e-16
7.47375e-05 1.65257e-16
8.15942e-05 1.65258e-16
8.90800e-05 1.65255e-16
9.72525e-05 1.65254e-16
1.06175e-04 1.65235e-16
1.15916e-04 1.65257e-16
1.26550e-04 1.65257e-16
1.38160e-04 1.65244e-16
1.50836e-04 1.65252e-16
1.64674e-04 1.65245e-16
1.79782e-04 1.65241e-16
1.96276e-04 1.65263e-16
2.14283e-04 1.65248e-16
2.33942e-04 1.65254e-16
2.55404e-04 1.65256e-16
2.78836e-04 1.65257e-16
3.04418e-04 1.65266e-16
3.32346e-04 1.65254e-16
3.62837e-04 1.65253e-16
3.96125e-04 1.65244e-16
4.32467e-04 1.65250e-16
4.72143e-04 1.65286e-16
5.15459e-04 1.65252e-16
5.62749e-04 1.65245e-16
6.14378e-04 1.65253e-16
6.70743e-04 1.65255e-16
7.32279e-04 1.65258e-16
7.99461e-04 1.65261e-16
8.72807e-04 1.65271e-16
9.52881e-04 1.65268e-16
1.04030e-03 1.65267e-16
1.13574e-03 1.65261e-16
1.23994e-03 1.65270e-16
1.35370e-03 1.65274e-16
1.47789e-03 1.65258e-16
1.61348e-03 1.65261e-16
1.76150e-03 1.65280e-16
1.92311e-03 1.65269e-16
2.09954e-03 1.65273e-16
2.29217e-03 1.65286e-16
2.50246e-03 1.65289e-16
2.73204e-03 1.65265e-16
2.98269e-03 1.65281e-16
3.25633e-03 1.65317e-16
3.55508e-03 1.65302e-16
3.88124e-03 1.65314e-16
4.23732e-03 1.65299e-16
4.62606e-03 1.65300e-16
5.05047e-03 1.65298e-16
5.51382e-03 1.65326e-16
6.01968e-03 1.65324e-16
6.57195e-03 1.65347e-16
7.17489e-03 1.65331e-16
7.83314e-03 1.65339e-16
8.55178e-03 1.65361e-16
9.33635e-03 1.65376e-16
1.01929e-02 1.65372e-16
1.11280e-02 1.65389e-16
1.21490e-02 1.65418e-16
1.32636e-02 1.65414e-16
1.44804e-02 1.65426e-16
1.58089e-02 1.65469e-16
1.72593e-02 1.65468e-16
1.88427e-02 1.65504e-16
2.05714e-02 1.65500e-16
2.24587e-02 1.65528e-16
2.45191e-02 1.65555e-16
2.67686e-02 1.65577e-16
2.92244e-02 1.65615e-16
3.19056e-02 1.65629e-16
3.48327e-02 1.65684e-16
3.80284e-02 1.65735e-16
4.15173e-02 1.65775e-16
4.53262e-02 1.65827e-16
4.94846e-02 1.65890e-16
5.40245e-02 1.65929e-16
5.89810e-02 1.66012e-16
6.43921e-02 1.66083e-16
7.02997e-02 1.66123e-16
7.67492e-02 1.66227e-16
8.37905e-02 1.66314e-16
9.14777e-02 1.66405e-16
9.98702e-02 1.66509e-16
1.09033e-01 1.66640e-16
1.19036e-01 1.66768e-16
1.29957e-01 1.66890e-16
1.41879e-01 1.67072e-16
1.54896e-01 1.67237e-16
1.69106e-01 1.67437e-16
1.84621e-01 1.67632e-16
2.01559e-01 1.67871e-16
2.20050e-01 1.68116e-16
2.40239e-01 1.68403e-16
2.62279e-01 1.68718e-16
2.86342e-01 1.69046e-16
3.12612e-01 1.69416e-16
3.41292e-01 1.69837e-16
3.72603e-01 1.70296e-16
4.06787e-01 1.70782e-16
4.44107e-01 1.71368e-16
4.84851e-01 1.71981e-16
5.29333e-01 1.72692e-16
5.77896e-01 1.73476e-16
6.30915e-01 1.74343e-16
6.88797e-01 1.75358e-16
7.51990e-01 1.76457e-16
8.20980e-01 1.77748e-16
8.96300e-01 1.79189e-16
9.78530e-01 1.80859e-16
1.06830e+00 1.82818e-16
1.16631e+00 1.85081e-16
1.27332e+00 1.87789e-16
1.39013e+00 1.91024e-16
1.51767e+00 1.95018e-16
1.65691e+00 2.00147e-16
1.80892e+00 2.06876e-16
1.97488e+00 2.16637e-16
2.15606e+00 2.33013e-16
2.35386e+00 2.82032e-16
2.56981e+00 4.08654e-16
2.80558e+00 3.80705e-16
3.06297e+00 3.64057e-16
3.34398e+00 3.51327e-16
3.65077e+00 3.40694e-16
3.98571e+00 3.31472e-16
4.35137e+00 3.22966e-16
4.75058e+00 3.15130e-16
5.18642e+00 3.07877e-16
5.66224e+00 3.00717e-16
6.18171e+00 2.94091e-16
6.74885e+00 2.87572e-16
7.36801e+00 2.81109e-16
8.04398e+00 2.74939e-16
8.78196e+00 2.68869e-16
9.58765e+00 2.62842e-16
1.04673e+01 2.56932e-16
1.14276e+01 2.51011e-16
1.24760e+01 2.45159e-16
1.36206e+01 2.39208e-16
1.48702e+01 2.33308e-16
1.62344e+01 2.27324e-16
1.77238e+01 2.21274e-16
1.93499e+01 2.15151e-16
2.11251e+01 2.08846e-16
2.30632e+01 2.02407e-16
2.51791e+01 1.95695e-16
2.74891e+01 1.88785e-16
3.00111e+01 1.81580e-16
3.27644e+01 1.73969e-16
3.57703e+01 1.65927e-16
3.90520e+01 1.57404e-16
4.26348e+01 1.48248e-16
4.65463e+01 1.38368e-16
5.08166e+01 1.27589e-16
5.54787e+01 1.15747e-16
6.05685e+01 1.02493e-16
6.61253e+01 8.74266e-17
7.21919e+01 7.00255e-17
7.88150e+01 4.99225e-17
8.60458e+01 2.82481e-17
9.39400e+01 9.69984e-18
1.02558e+02 9.06757e-19
1.11967e+02 3.51112e-22
1.22240e+02 0.00000e+00
