3.17098e-06 8.71800e-16
3.45485e-06 8.71685e-16
3.76413e-06 8.71768e-16
4.10110e-06 8.71758e-16
4.46824e-06 8.71744e-16
4.86825e-06 8.71810e-16
5.30406e-06 8.71855e-16
5.77889e-06 8.71676e-16
6.29622e-06 8.71847e-16
6.85987e-06 8.71724e-16
7.47397e-06 8.71671e-16
8.14306e-06 8.71678e-16
8.87203e-06 8.71710e-16
9.66627e-06 8.71849e-16
1.05316e-05 8.71652e-16
1.14744e-05 8.71739e-16
1.25016e-05 8.71887e-16
1.36208e-05 8.71915e-16
1.48401e-05 8.71757e-16
1.61687e-05 8.71824e-16
1.76161e-05 8.71803e-16
1.91931e-05 8.71827e-16
2.09113e-05 8.71894e-16
2.27833e-05 8.71806e-16
2.48229e-05 8.71730e-16
2.70451e-05 8.71737e-16
2.94662e-05 8.71873e-16
3.21041e-05 8.71765e-16
3.49781e-05 8.71822e-16
3.81094e-05 8.71930e-16
4.15210e-05 8.71857e-16
4.52380e-05 8.71732e-16
4.92878e-05 8.71830e-16
5.37001e-05 8.71631e-16
5.85075e-05 8.71807e-16
6.37451e-05 8.71761e-16
6.94517e-05 8.71674e-16
7.56691e-05 8.71733e-16
8.24431e-05 8.71759e-16
8.98236e-05 8.71833e-16
9.78647e-05 8.71691e-16
1.06626e-04 8.71867e-16
1.16171e-04 8.71795e-16
1.26571e-04 8.71838e-16
1.37902e-04 8.71855e-16
1.50247e-04 8.71751e-16
1.63697e-04 8.71863e-16
1.78352e-04 8.71862e-16
1.94318e-04 8.71873e-16
2.11713e-04 8.71649e-16
2.30666e-04 8.71951e-16
2.51316e-04 8.71724e-16
2.73814e-04 8.71694e-16
2.98326e-04 8.71715e-16
3.25033e-04 8.71750e-16
3.54131e-04 8.71835e-16
3.85833e-04 8.71741e-16
4.20373e-04 8.71652e-16
4.58006e-04 8.71820e-16
4.99007e-04 8.71866e-16
5.43679e-04 8.71721e-16
5.92350e-04 8.71809e-16
6.45378e-04 8.71727e-16
7.03153e-04 8.71727e-16
7.66101e-04 8.71757e-16
8.34683e-04 8.71806e-16
9.09405e-04 8.71928e-16
9.90817e-04 8.71703e-16
1.07952e-03 8.71785e-16
1.17616e-03 8.71826e-16
1.28145e-03 8.71823e-16
1.39616e-03 8.71931e-16
1.52115e-03 8.71818e-16
1.65733e-03 8.71852e-16
1.80569e-03 8.71899e-16
1.96734e-03 8.71750e-16
2.14346e-03 8.71770e-16
2.33535e-03 8.71835e-16
2.54441e-03 8.71871e-16
2.77219e-03 8.71851e-16
3.02036e-03 8.71829e-16
3.29075e-03 8.71820e-16
3.58534e-03 8.71930e-16
3.90631e-03 8.71746e-16
4.25601e-03 8.71894e-16
4.63701e-03 8.71806e-16
5.05212e-03 8.71848e-16
5.50440e-03 8.71895e-16
5.99716e-03 8.71951e-16
6.53403e-03 8.71930e-16
7.11897e-03 8.71894e-16
7.75627e-03 8.71929e-16
8.45062e-03 8.71992e-16
9.20714e-03 8.71965e-16
1.00314e-02 8.72005e-16
1.09294e-02 8.71990e-16
1.19078e-02 8.71955e-16
1.29738e-02 8.71937e-16
1.41353e-02 8.71848e-16
1.54007e-02 8.71963e-16
1.67794e-02 8.72021e-16
1.82815e-02 8.71946e-16
1.99181e-02 8.72092e-16
2.17012e-02 8.71930e-16
2.36439e-02 8.72137e-16
2.57605e-02 8.71996e-16
2.80666e-02 8.72026e-16
3.05792e-02 8.72133e-16
3.33167e-02 8.72078e-16
3.62993e-02 8.72308e-16
3.95488e-02 8.72215e-16
4.30893e-02 8.72423e-16
4.69467e-02 8.72335e-16
5.11494e-02 8.72403e-16
5.57284e-02 8.72470e-16
6.07173e-02 8.72579e-16
6.61528e-02 8.72640e-16
7.20749e-02 8.72749e-16
7.85272e-02 8.72824e-16
8.55571e-02 8.72873e-16
9.32163e-02 8.72980e-16
1.01561e-01 8.73199e-16
1.10653e-01 8.73257e-16
1.20559e-01 8.73259e-16
1.31351e-01 8.73521e-16
1.43110e-01 8.73562e-16
1.55922e-01 8.73833e-16
1.69880e-01 8.73968e-16
1.85088e-01 8.74163e-16
2.01657e-01 8.74396e-16
2.19710e-01 8.74644e-16
2.39379e-01 8.75093e-16
2.60808e-01 8.75238e-16
2.84156e-01 8.75687e-16
3.09594e-01 8.75865e-16
3.37310e-01 8.76243e-16
3.67506e-01 8.76548e-16
4.00406e-01 8.77134e-16
4.36251e-01 8.77679e-16
4.75305e-01 8.78185e-16
5.17855e-01 8.78732e-16
5.64214e-01 8.79453e-16
6.14723e-01 8.80237e-16
6.69754e-01 8.80831e-16
7.29712e-01 8.82038e-16
7.95037e-01 8.83069e-16
8.66210e-01 8.84176e-16
9.43754e-01 8.85511e-16
1.02824e+00 8.86989e-16
1.12029e+00 8.88563e-16
1.22058e+00 8.90607e-16
1.32985e+00 8.93241e-16
1.44890e+00 8.96646e-16
1.57861e+00 9.05058e-16
1.71993e+00 1.79759e-15
1.87390e+00 1.79992e-15
2.04165e+00 1.80145e-15
2.22442e+00 1.80406e-15
2.42355e+00 1.80708e-15
2.64051e+00 1.81087e-15
2.87690e+00 1.81598e-15
3.13444e+00 1.82003e-15
3.41504e+00 1.82525e-15
3.72076e+00 1.83027e-15
4.05385e+00 1.83661e-15
4.41676e+00 1.84417e-15
4.81215e+00 1.85233e-15
5.24294e+00 1.86066e-15
5.71230e+00 1.86950e-15
6.22367e+00 1.87957e-15
6.78083e+00 1.89127e-15
7.38786e+00 1.90405e-15
8.04923e+00 1.91775e-15
8.76981e+00 1.93307e-15
9.55489e+00 1.95135e-15
1.04103e+01 1.97069e-15
1.13422e+01 1.99195e-15
1.23576e+01 2.01639e-15
1.34638e+01 2.04334e-15
1.46692e+01 2.07389e-15
1.59824e+01 2.10900e-15
1.74131e+01 2.14824e-15
1.89720e+01 2.19374e-15
2.06704e+01 2.24494e-15
2.25208e+01 2.30395e-15
2.45369e+01 2.37283e-15
2.67335e+01 2.45195e-15
2.91267e+01 2.54609e-15
3.17342e+01 2.65553e-15
3.45751e+01 2.78560e-15
3.76703e+01 2.93784e-15
4.10426e+01 3.11375e-15
4.47168e+01 3.30774e-15
4.87199e+01 3.48648e-15
5.30814e+01 3.54868e-15
5.78333e+01 3.24614e-15
6.30106e+01 2.19052e-15
6.86515e+01 5.63897e-16
7.47972e+01 1.25887e-18
8.14932e+01 0.00000e+00
