3.17098e-06 2.19988e-16
3.45941e-06 2.20059e-16
3.77407e-06 2.20011e-16
4.11736e-06 2.19994e-16
4.49187e-06 2.20003e-16
4.90044e-06 2.20016e-16
5.34618e-06 2.20000e-16
5.83247e-06 2.20019e-16
6.36298e-06 2.20003e-16
6.94175e-06 2.20009e-16
7.57316e-06 2.20002e-16
8.26201e-06 2.20004e-16
9.01351e-06 2.20004e-16
9.83337e-06 2.19998e-16
1.07278e-05 2.20025e-16
1.17036e-05 2.20006e-16
1.27681e-05 2.20024e-16
1.39295e-05 2.20021e-16
1.51965e-05 2.19993e-16
1.65788e-05 2.20023e-16
1.80868e-05 2.19979e-16
1.97319e-05 2.19997e-16
2.15267e-05 2.20034e-16
2.34848e-05 2.19992e-16
2.56209e-05 2.20021e-16
2.79514e-05 2.20007e-16
3.04938e-05 2.20010e-16
3.32675e-05 2.20020e-16
3.62935e-05 2.20023e-16
3.95947e-05 2.20027e-16
4.31962e-05 2.20025e-16
4.71253e-05 2.20035e-16
5.14117e-05 2.20036e-16
5.60881e-05 2.20030e-16
6.11898e-05 2.20015e-16
6.67555e-05 2.20012e-16
7.28276e-05 2.19995e-16
7.94519e-05 2.20015e-16
8.66787e-05 2.20000e-16
9.45629e-05 2.20027e-16
1.03164e-04 2.19996e-16
1.12548e-04 2.20006e-16
1.22785e-04 2.20030e-16
1.33954e-04 2.20008e-16
1.46138e-04 2.20039e-16
1.59430e-04 2.20002e-16
1.73932e-04 2.19999e-16
1.89753e-04 2.20030e-16
2.07012e-04 2.20025e-16
2.25842e-04 2.20014e-16
2.46384e-04 2.19988e-16
2.68795e-04 2.20025e-16
2.93245e-04 2.20035e-16
3.19918e-04 2.20028e-16
3.49017e-04 2.19999e-16
3.80764e-04 2.20023e-16
4.15397e-04 2.20038e-16
4.53181e-04 2.20030e-16
4.94402e-04 2.20001e-16
5.39373e-04 2.20008e-16
5.88433e-04 2.20035e-16
6.41957e-04 2.20032e-16
7.00348e-04 2.20025e-16
7.64051e-04 2.20022e-16
8.33549e-04 2.20028e-16
9.09367e-04 2.20033e-16
9.92082e-04 2.20032e-16
1.08232e-03 2.20014e-16
1.18077e-03 2.20026e-16
1.28817e-03 2.20033e-16
1.40534e-03 2.20024e-16
1.53317e-03 2.20037e-16
1.67262e-03 2.20024e-16
1.82476e-03 2.20040e-16
1.99074e-03 2.20074e-16
2.17182e-03 2.20028e-16
2.36936e-03 2.20061e-16
2.58488e-03 2.20054e-16
2.82000e-03 2.20082e-16
3.07650e-03 2.20073e-16
3.35633e-03 2.20073e-16
3.66162e-03 2.20078e-16
3.99468e-03 2.20099e-16
4.35803e-03 2.20075e-16
4.75443e-03 2.20102e-16
5.18689e-03 2.20103e-16
5.65869e-03 2.20086e-16
6.17340e-03 2.20147e-16
6.73492e-03 2.20114e-16
7.34752e-03 2.20147e-16
8.01584e-03 2.20174e-16
8.74496e-03 2.20179e-16
9.54039e-03 2.20204e-16
1.04082e-02 2.20201e-16
1.13549e-02 2.20208e-16
1.23877e-02 2.20240e-16
1.35145e-02 2.20278e-16
1.47438e-02 2.20269e-16
1.60848e-02 2.20330e-16
1.75479e-02 2.20339e-16
1.91440e-02 2.20359e-16
2.08853e-02 2.20428e-16
2.27851e-02 2.20447e-16
2.48576e-02 2.20497e-16
2.71186e-02 2.20539e-16
2.95853e-02 2.20573e-16
3.22763e-02 2.20638e-16
3.52121e-02 2.20709e-16
3.84150e-02 2.20735e-16
4.19092e-02 2.20818e-16
4.57212e-02 2.20899e-16
4.98799e-02 2.20971e-16
5.44169e-02 2.21028e-16
5.93666e-02 2.21144e-16
6.47666e-02 2.21261e-16
7.06577e-02 2.21414e-16
7.70846e-02 2.21513e-16
8.40961e-02 2.21658e-16
9.17454e-02 2.21793e-16
1.00090e-01 2.21970e-16
1.09195e-01 2.22154e-16
1.19127e-01 2.22362e-16
1.29962e-01 2.22576e-16
1.41784e-01 2.22804e-16
1.54680e-01 2.23081e-16
1.68750e-01 2.23358e-16
1.84099e-01 2.23688e-16
2.00845e-01 2.24079e-16
2.19113e-01 2.24432e-16
2.39043e-01 2.24882e-16
2.60787e-01 2.25344e-16
2.84507e-01 2.25856e-16
3.10386e-01 2.26429e-16
3.38618e-01 2.27093e-16
3.69419e-01 2.27784e-16
4.03021e-01 2.28532e-16
4.39679e-01 2.29461e-16
4.79672e-01 2.30400e-16
5.23302e-01 2.31514e-16
5.70901e-01 2.32751e-16
6.22830e-01 2.34132e-16
6.79481e-01 2.35720e-16
7.41286e-01 2.37528e-16
8.08713e-01 2.39576e-16
8.82273e-01 2.41912e-16
9.62523e-01 2.44663e-16
1.05007e+00 2.47905e-16
1.14559e+00 2.51777e-16
1.24979e+00 2.56427e-16
1.36347e+00 2.62255e-16
1.48749e+00 2.69741e-16
1.62279e+00 2.79935e-16
1.77039e+00 2.95225e-16
1.93143e+00 3.23945e-16
2.10711e+00 6.11815e-16
2.29877e+00 5.27332e-16
2.50786e+00 4.98170e-16
2.73597e+00 4.78441e-16
2.98484e+00 4.62760e-16
3.25633e+00 4.49506e-16
3.55253e+00 4.37657e-16
3.87566e+00 4.26577e-16
4.22819e+00 4.16547e-16
4.61278e+00 4.06916e-16
5.03235e+00 3.97792e-16
5.49009e+00 3.89046e-16
5.98946e+00 3.80529e-16
6.53425e+00 3.72201e-16
7.12860e+00 3.64073e-16
7.77701e+00 3.56037e-16
8.48440e+00 3.48050e-16
9.25613e+00 3.40225e-16
1.00981e+01 3.32449e-16
1.10166e+01 3.24576e-16
1.20186e+01 3.16889e-16
1.31118e+01 3.09033e-16
1.43045e+01 3.01128e-16
1.56056e+01 2.93072e-16
1.70250e+01 2.85018e-16
1.85736e+01 2.76638e-16
2.02631e+01 2.68099e-16
2.21062e+01 2.59264e-16
2.41169e+01 2.50047e-16
2.63106e+01 2.40432e-16
2.87038e+01 2.30348e-16
3.13146e+01 2.19645e-16
3.41630e+01 2.08328e-16
3.72704e+01 1.96125e-16
4.06605e+01 1.82966e-16
4.43589e+01 1.68649e-16
4.83937e+01 1.52871e-16
5.27956e+01 1.35236e-16
5.75978e+01 1.15171e-16
6.28368e+01 9.20039e-17
6.85524e+01 6.53002e-17
7.47879e+01 3.66855e-17
8.15905e+01 1.24446e-17
8.90119e+01 1.13537e-18
9.71083e+01 4.08459e-22
1.05941e+02 0.00000e+00
