3.17098e-06 3.07291e-16
3.45651e-06 3.07292e-16
3.76774e-06 3.07267e-16
4.10700e-06 3.07303e-16
4.47681e-06 3.07291e-16
4.87992e-06 3.07272e-16
5.31932e-06 3.07321e-16
5.79829e-06 3.07331e-16
6.32039e-06 3.07292e-16
6.88950e-06 3.07283e-16
7.50986e-06 3.07266e-16
8.18607e-06 3.07266e-16
8.92317e-06 3.07285e-16
9.72665e-06 3.07290e-16
1.06025e-05 3.07268e-16
1.15571e-05 3.07276e-16
1.25978e-05 3.07329e-16
1.37321e-05 3.07282e-16
1.49686e-05 3.07264e-16
1.63165e-05 3.07298e-16
1.77857e-05 3.07286e-16
1.93871e-05 3.07257e-16
2.11328e-05 3.07281e-16
2.30357e-05 3.07290e-16
2.51099e-05 3.07264e-16
2.73709e-05 3.07268e-16
2.98355e-05 3.07253e-16
3.25220e-05 3.07267e-16
3.54503e-05 3.07304e-16
3.86424e-05 3.07295e-16
4.21219e-05 3.07291e-16
4.59147e-05 3.07275e-16
5.00490e-05 3.07290e-16
5.45556e-05 3.07306e-16
5.94680e-05 3.07302e-16
6.48227e-05 3.07300e-16
7.06596e-05 3.07310e-16
7.70220e-05 3.07331e-16
8.39573e-05 3.07273e-16
9.15171e-05 3.07311e-16
9.97577e-05 3.07308e-16
1.08740e-04 3.07312e-16
1.18532e-04 3.07312e-16
1.29205e-04 3.07286e-16
1.40839e-04 3.07257e-16
1.53520e-04 3.07279e-16
1.67344e-04 3.07285e-16
1.82412e-04 3.07278e-16
1.98837e-04 3.07287e-16
2.16741e-04 3.07282e-16
2.36257e-04 3.07315e-16
2.57530e-04 3.07309e-16
2.80719e-04 3.07290e-16
3.05996e-04 3.07302e-16
3.33549e-04 3.07306e-16
3.63583e-04 3.07259e-16
3.96321e-04 3.07318e-16
4.32007e-04 3.07299e-16
4.70907e-04 3.07311e-16
5.13309e-04 3.07308e-16
5.59529e-04 3.07293e-16
6.09911e-04 3.07333e-16
6.64830e-04 3.07293e-16
7.24693e-04 3.07310e-16
7.89947e-04 3.07329e-16
8.61077e-04 3.07325e-16
9.38611e-04 3.07341e-16
1.02313e-03 3.07280e-16
1.11525e-03 3.07314e-16
1.21567e-03 3.07316e-16
1.32514e-03 3.07342e-16
1.44446e-03 3.07348e-16
1.57452e-03 3.07352e-16
1.71630e-03 3.07328e-16
1.87084e-03 3.07359e-16
2.03930e-03 3.07331e-16
2.22292e-03 3.07381e-16
2.42308e-03 3.07357e-16
2.64126e-03 3.07367e-16
2.87909e-03 3.07367e-16
3.13833e-03 3.07372e-16
3.42092e-03 3.07382e-16
3.72895e-03 3.07443e-16
4.06472e-03 3.07430e-16
4.43072e-03 3.07402e-16
4.82968e-03 3.07444e-16
5.26456e-03 3.07413e-16
5.73860e-03 3.07467e-16
6.25532e-03 3.07465e-16
6.81857e-03 3.07470e-16
7.43254e-03 3.07540e-16
8.10179e-03 3.07575e-16
8.83131e-03 3.07567e-16
9.62651e-03 3.07591e-16
1.04933e-02 3.07646e-16
1.14382e-02 3.07680e-16
1.24681e-02 3.07682e-16
1.35908e-02 3.07737e-16
1.48145e-02 3.07775e-16
1.61485e-02 3.07807e-16
1.76026e-02 3.07834e-16
1.91875e-02 3.07924e-16
2.09153e-02 3.07926e-16
2.27985e-02 3.08030e-16
2.48514e-02 3.08069e-16
2.70891e-02 3.08123e-16
2.95283e-02 3.08210e-16
3.21871e-02 3.08323e-16
3.50854e-02 3.08406e-16
3.82446e-02 3.08511e-16
4.16883e-02 3.08622e-16
4.54420e-02 3.08719e-16
4.95338e-02 3.08889e-16
5.39940e-02 3.09015e-16
5.88558e-02 3.09185e-16
6.41554e-02 3.09361e-16
6.99321e-02 3.09535e-16
7.62291e-02 3.09751e-16
8.30930e-02 3.09985e-16
9.05750e-02 3.10244e-16
9.87307e-02 3.10468e-16
1.07621e-01 3.10796e-16
1.17311e-01 3.11119e-16
1.27874e-01 3.11465e-16
1.39389e-01 3.11892e-16
1.51940e-01 3.12310e-16
1.65621e-01 3.12749e-16
1.80534e-01 3.13319e-16
1.96790e-01 3.13888e-16
2.14509e-01 3.14501e-16
2.33825e-01 3.15210e-16
2.54879e-01 3.15981e-16
2.77829e-01 3.16827e-16
3.02846e-01 3.17790e-16
3.30115e-01 3.18842e-16
3.59840e-01 3.19986e-16
3.92241e-01 3.21312e-16
4.27560e-01 3.22782e-16
4.66059e-01 3.24374e-16
5.08025e-01 3.26214e-16
5.53769e-01 3.28256e-16
6.03632e-01 3.30586e-16
6.57985e-01 3.33269e-16
7.17233e-01 3.36314e-16
7.81815e-01 3.39864e-16
8.52212e-01 3.43998e-16
9.28948e-01 3.48834e-16
1.01259e+00 3.54711e-16
1.10377e+00 3.61879e-16
1.20316e+00 3.70953e-16
1.31150e+00 3.82859e-16
1.42959e+00 3.99587e-16
1.55831e+00 4.26607e-16
1.69863e+00 4.91869e-16
1.85158e+00 7.77492e-16
2.01830e+00 7.16432e-16
2.20004e+00 6.83450e-16
2.39813e+00 6.58967e-16
2.61407e+00 6.38811e-16
2.84945e+00 6.21140e-16
3.10603e+00 6.05072e-16
3.38570e+00 5.90707e-16
3.69056e+00 5.76948e-16
4.02287e+00 5.63801e-16
4.38511e+00 5.51558e-16
4.77996e+00 5.39458e-16
5.21036e+00 5.27675e-16
5.67952e+00 5.16280e-16
6.19093e+00 5.04999e-16
6.74838e+00 4.94061e-16
7.35603e+00 4.83038e-16
8.01839e+00 4.72289e-16
8.74039e+00 4.61570e-16
9.52741e+00 4.50797e-16
1.03853e+01 4.39930e-16
1.13204e+01 4.29145e-16
1.23397e+01 4.18156e-16
1.34509e+01 4.07004e-16
1.46620e+01 3.95701e-16
1.59822e+01 3.84125e-16
1.74213e+01 3.72201e-16
1.89900e+01 3.59891e-16
2.06999e+01 3.47073e-16
2.25638e+01 3.33693e-16
2.45956e+01 3.19617e-16
2.68102e+01 3.04754e-16
2.92243e+01 2.88848e-16
3.18558e+01 2.71880e-16
3.47242e+01 2.53509e-16
3.78509e+01 2.33496e-16
4.12591e+01 2.11468e-16
4.49742e+01 1.86832e-16
4.90238e+01 1.58822e-16
5.34381e+01 1.26447e-16
5.82499e+01 8.92933e-17
6.34949e+01 4.97388e-17
6.92122e+01 1.66288e-17
7.54443e+01 1.47453e-18
8.22376e+01 4.85935e-22
8.96425e+01 0.00000e+00
