3.17098e-06 4.30726e-17
3.45485e-06 4.30733e-17
3.76413e-06 4.30653e-17
4.10110e-06 4.30702e-17
4.46824e-06 4.30673e-17
4.86825e-06 4.30686e-17
5.30406e-06 4.30582e-17
5.77889e-06 4.30687e-17
6.29622e-06 4.30735e-17
6.85987e-06 4.30717e-17
7.47397e-06 4.30652e-17
8.14306e-06 4.30741e-17
8.87203e-06 4.30702e-17
9.66627e-06 4.30717e-17
1.05316e-05 4.30716e-17
1.14744e-05 4.30643e-17
1.25016e-05 4.30653e-17
1.36208e-05 4.30694e-17
1.48401e-05 4.30656e-17
1.61687e-05 4.30739e-17
1.76161e-05 4.30684e-17
1.91931e-05 4.30611e-17
2.09113e-05 4.30662e-17
2.27833e-05 4.30654e-17
2.48229e-05 4.30664e-17
2.70451e-05 4.30678e-17
2.94662e-05 4.30667e-17
3.21041e-05 4.30683e-17
3.49781e-05 4.30674e-17
3.81094e-05 4.30684e-17
4.15210e-05 4.30684e-17
4.52380e-05 4.30667e-17
4.92878e-05 4.30657e-17
5.37001e-05 4.30721e-17
5.85075e-05 4.30642e-17
6.37451e-05 4.30715e-17
6.94517e-05 4.30698e-17
7.56691e-05 4.30703e-17
8.24431e-05 4.30665e-17
8.98236e-05 4.30697e-17
9.78647e-05 4.30657e-17
1.06626e-04 4.30612e-17
1.16171e-04 4.30677e-17
1.26571e-04 4.30685e-17
1.37902e-04 4.30644e-17
1.50247e-04 4.30682e-17
1.63697e-04 4.30658e-17
1.78352e-04 4.30692e-17
1.94318e-04 4.30646e-17
2.11713e-04 4.30637e-17
2.30666e-04 4.30655e-17
2.51316e-04 4.30651e-17
2.73814e-04 4.30662e-17
2.98326e-04 4.30613e-17
3.25033e-04 4.30679e-17
3.54131e-04 4.30695e-17
3.85833e-04 4.30741e-17
4.20373e-04 4.30703e-17
4.58006e-04 4.30641e-17
4.99007e-04 4.30674e-17
5.43679e-04 4.30722e-17
5.92350e-04 4.30686e-17
6.45378e-04 4.30698e-17
7.03153e-04 4.30740e-17
7.66101e-04 4.30772e-17
8.34683e-04 4.30706e-17
9.09405e-04 4.30672e-17
9.90817e-04 4.30698e-17
1.07952e-03 4.30706e-17
1.17616e-03 4.30728e-17
1.28145e-03 4.30666e-17
1.39616e-03 4.30767e-17
1.52115e-03 4.30704e-17
1.65733e-03 4.30715e-17
1.80569e-03 4.30718e-17
1.96734e-03 4.30707e-17
2.14346e-03 4.30720e-17
2.33535e-03 4.30677e-17
2.54441e-03 4.30689e-17
2.77219e-03 4.30748e-17
3.02036e-03 4.30729e-17
3.29075e-03 4.30708e-17
3.58534e-03 4.30727e-17
3.90631e-03 4.30665e-17
4.25601e-03 4.30662e-17
4.63701e-03 4.30704e-17
5.05212e-03 4.30801e-17
5.50440e-03 4.30753e-17
5.99716e-03 4.30740e-17
6.53403e-03 4.30796e-17
7.11897e-03 4.30772e-17
7.75627e-03 4.30775e-17
8.45062e-03 4.30787e-17
9.20714e-03 4.30775e-17
1.00314e-02 4.30743e-17
1.09294e-02 4.30862e-17
1.19078e-02 4.30837e-17
1.29738e-02 4.30862e-17
1.41353e-02 4.30872e-17
1.54007e-02 4.30902e-17
1.67794e-02 4.30944e-17
1.82815e-02 4.31022e-17
1.99181e-02 4.30915e-17
2.17012e-02 4.30920e-17
2.36439e-02 4.31031e-17
2.57605e-02 4.31008e-17
2.80666e-02 4.31004e-17
3.05792e-02 4.31020e-17
3.33167e-02 4.31104e-17
3.62993e-02 4.31169e-17
3.95488e-02 4.31228e-17
4.30893e-02 4.31240e-17
4.69467e-02 4.31240e-17
5.11494e-02 4.31306e-17
5.57284e-02 4.31443e-17
6.07173e-02 4.31467e-17
6.61528e-02 4.31512e-17
7.20749e-02 4.31592e-17
7.85272e-02 4.31691e-17
8.55571e-02 4.31774e-17
9.32163e-02 4.31869e-17
1.01561e-01 4.31986e-17
1.10653e-01 4.32097e-17
1.20559e-01 4.32220e-17
1.31351e-01 4.32419e-17
1.43110e-01 4.32559e-17
1.55922e-01 4.32739e-17
1.69880e-01 4.32930e-17
1.85088e-01 4.33129e-17
2.01657e-01 4.33352e-17
2.19710e-01 4.33548e-17
2.39379e-01 4.33867e-17
2.60808e-01 4.34156e-17
2.84156e-01 4.34449e-17
3.09594e-01 4.34791e-17
3.37310e-01 4.35201e-17
3.67506e-01 4.35702e-17
4.00406e-01 4.36107e-17
4.36251e-01 4.36743e-17
4.75305e-01 4.37357e-17
5.17855e-01 4.37977e-17
5.64214e-01 4.38745e-17
6.14723e-01 4.39572e-17
6.69754e-01 4.40524e-17
7.29712e-01 4.41661e-17
7.95037e-01 4.42903e-17
8.66210e-01 4.44448e-17
9.43754e-01 4.46415e-17
1.02824e+00 4.48731e-17
1.12029e+00 4.51977e-17
1.22058e+00 4.57173e-17
1.32985e+00 4.70365e-17
1.44890e+00 5.91347e-17
1.57861e+00 6.92108e-17
1.71993e+00 4.79869e-16
1.87390e+00 4.86316e-16
2.04165e+00 4.93989e-16
2.22442e+00 5.00487e-16
2.42355e+00 5.09376e-16
2.64051e+00 5.17474e-16
2.87690e+00 5.26413e-16
3.13444e+00 5.36844e-16
3.41504e+00 5.47566e-16
3.72076e+00 5.59479e-16
4.05385e+00 5.72255e-16
4.41676e+00 5.86896e-16
4.81215e+00 6.02820e-16
5.24294e+00 6.20485e-16
5.71230e+00 6.40957e-16
6.22367e+00 6.63767e-16
6.78083e+00 6.89097e-16
7.38786e+00 7.18616e-16
8.04923e+00 7.52160e-16
8.76981e+00 7.91009e-16
9.55489e+00 8.36262e-16
1.04103e+01 8.88978e-16
1.13422e+01 9.51462e-16
1.23576e+01 1.02582e-15
1.34638e+01 1.11539e-15
1.46692e+01 1.22359e-15
1.59824e+01 1.35680e-15
1.74131e+01 1.52143e-15
1.89720e+01 1.72667e-15
2.06704e+01 1.98451e-15
2.25208e+01 2.30316e-15
2.45369e+01 2.68332e-15
2.67335e+01 3.08733e-15
2.91267e+01 3.39571e-15
3.17342e+01 3.36923e-15
3.45751e+01 2.81935e-15
3.76703e+01 2.01323e-15
4.10426e+01 1.44559e-15
4.47168e+01 1.13380e-15
4.87199e+01 9.47556e-16
5.30814e+01 8.07899e-16
5.78333e+01 6.48884e-16
6.30106e+01 4.00933e-16
6.86515e+01 9.77635e-17
7.47972e+01 2.12362e-19
8.14932e+01 0.00000e+00
