3.17098e-06 5.15789e-16
3.45941e-06 5.15888e-16
3.77407e-06 5.15849e-16
4.11736e-06 5.15848e-16
4.49187e-06 5.15883e-16
4.90044e-06 5.15821e-16
5.34618e-06 5.15856e-16
5.83247e-06 5.15811e-16
6.36298e-06 5.15911e-16
6.94175e-06 5.15868e-16
7.57316e-06 5.15834e-16
8.26201e-06 5.15925e-16
9.01351e-06 5.15897e-16
9.83337e-06 5.15872e-16
1.07278e-05 5.15835e-16
1.17036e-05 5.15849e-16
1.27681e-05 5.15878e-16
1.39295e-05 5.15804e-16
1.51965e-05 5.15907e-16
1.65788e-05 5.15819e-16
1.80868e-05 5.15825e-16
1.97319e-05 5.15811e-16
2.15267e-05 5.15762e-16
2.34848e-05 5.15842e-16
2.56209e-05 5.15873e-16
2.79514e-05 5.15885e-16
3.04938e-05 5.15888e-16
3.32675e-05 5.15824e-16
3.62935e-05 5.15842e-16
3.95947e-05 5.15895e-16
4.31962e-05 5.15807e-16
4.71253e-05 5.15819e-16
5.14117e-05 5.15868e-16
5.60881e-05 5.15887e-16
6.11898e-05 5.15805e-16
6.67555e-05 5.15838e-16
7.28276e-05 5.15875e-16
7.94519e-05 5.15846e-16
8.66787e-05 5.15828e-16
9.45629e-05 5.15754e-16
1.03164e-04 5.15818e-16
1.12548e-04 5.15897e-16
1.22785e-04 5.15825e-16
1.33954e-04 5.15888e-16
1.46138e-04 5.15825e-16
1.59430e-04 5.15811e-16
1.73932e-04 5.15860e-16
1.89753e-04 5.15908e-16
2.07012e-04 5.15852e-16
2.25842e-04 5.15795e-16
2.46384e-04 5.15900e-16
2.68795e-04 5.15830e-16
2.93245e-04 5.15812e-16
3.19918e-04 5.15884e-16
3.49017e-04 5.15828e-16
3.80764e-04 5.15869e-16
4.15397e-04 5.15841e-16
4.53181e-04 5.15883e-16
4.94402e-04 5.15856e-16
5.39373e-04 5.15907e-16
5.88433e-04 5.15746e-16
6.41957e-04 5.15884e-16
7.00348e-04 5.15930e-16
7.64051e-04 5.15948e-16
8.33549e-04 5.15878e-16
9.09367e-04 5.15910e-16
9.92082e-04 5.15752e-16
1.08232e-03 5.15862e-16
1.18077e-03 5.15894e-16
1.28817e-03 5.15879e-16
1.40534e-03 5.15779e-16
1.53317e-03 5.15854e-16
1.67262e-03 5.15903e-16
1.82476e-03 5.15900e-16
1.99074e-03 5.15865e-16
2.17182e-03 5.15914e-16
2.36936e-03 5.15841e-16
2.58488e-03 5.15840e-16
2.82000e-03 5.15876e-16
3.07650e-03 5.15767e-16
3.35633e-03 5.15842e-16
3.66162e-03 5.15850e-16
3.99468e-03 5.15849e-16
4.35803e-03 5.15802e-16
4.75443e-03 5.15865e-16
5.18689e-03 5.15855e-16
5.65869e-03 5.15888e-16
6.17340e-03 5.15828e-16
6.73492e-03 5.15915e-16
7.34752e-03 5.15975e-16
8.01584e-03 5.15847e-16
8.74496e-03 5.15945e-16
9.54039e-03 5.15824e-16
1.04082e-02 5.15844e-16
1.13549e-02 5.15928e-16
1.23877e-02 5.15871e-16
1.35145e-02 5.15886e-16
1.47438e-02 5.16025e-16
1.60848e-02 5.16034e-16
1.75479e-02 5.15925e-16
1.91440e-02 5.15945e-16
2.08853e-02 5.15945e-16
2.27851e-02 5.16007e-16
2.48576e-02 5.16025e-16
2.71186e-02 5.16046e-16
2.95853e-02 5.15947e-16
3.22763e-02 5.16064e-16
3.52121e-02 5.16030e-16
3.84150e-02 5.16041e-16
4.19092e-02 5.16168e-16
4.57212e-02 5.16140e-16
4.98799e-02 5.16105e-16
5.44169e-02 5.16205e-16
5.93666e-02 5.16179e-16
6.47666e-02 5.16206e-16
7.06577e-02 5.16225e-16
7.70846e-02 5.16268e-16
8.40961e-02 5.16391e-16
9.17454e-02 5.16319e-16
1.00090e-01 5.16485e-16
1.09195e-01 5.16542e-16
1.19127e-01 5.16503e-16
1.29962e-01 5.16550e-16
1.41784e-01 5.16677e-16
1.54680e-01 5.16677e-16
1.68750e-01 5.16805e-16
1.84099e-01 5.16860e-16
2.00845e-01 5.17058e-16
2.19113e-01 5.17191e-16
2.39043e-01 5.17156e-16
2.60787e-01 5.17431e-16
2.84507e-01 5.17583e-16
3.10386e-01 5.17700e-16
3.38618e-01 5.17895e-16
3.69419e-01 5.18074e-16
4.03021e-01 5.18293e-16
4.39679e-01 5.18454e-16
4.79672e-01 5.18801e-16
5.23302e-01 5.19027e-16
5.70901e-01 5.19382e-16
6.22830e-01 5.19622e-16
6.79481e-01 5.20040e-16
7.41286e-01 5.20436e-16
8.08713e-01 5.20867e-16
8.82273e-01 5.21438e-16
9.62523e-01 5.21962e-16
1.05007e+00 5.22553e-16
1.14559e+00 5.23452e-16
1.24979e+00 5.24101e-16
1.36347e+00 5.24999e-16
1.48749e+00 5.26065e-16
1.62279e+00 5.27457e-16
1.77039e+00 5.29065e-16
1.93143e+00 5.31464e-16
2.10711e+00 9.06233e-16
2.29877e+00 1.06466e-15
2.50786e+00 1.06395e-15
2.73597e+00 1.06612e-15
2.98484e+00 1.06977e-15
3.25633e+00 1.07064e-15
3.55253e+00 1.07252e-15
3.87566e+00 1.07599e-15
4.22819e+00 1.07736e-15
4.61278e+00 1.08102e-15
5.03235e+00 1.08495e-15
5.49009e+00 1.08899e-15
5.98946e+00 1.09377e-15
6.53425e+00 1.09837e-15
7.12860e+00 1.10364e-15
7.77701e+00 1.10987e-15
8.48440e+00 1.11602e-15
9.25613e+00 1.12314e-15
1.00981e+01 1.13080e-15
1.10166e+01 1.14026e-15
1.20186e+01 1.15055e-15
1.31118e+01 1.16182e-15
1.43045e+01 1.17409e-15
1.56056e+01 1.18808e-15
1.70250e+01 1.20388e-15
1.85736e+01 1.22150e-15
2.02631e+01 1.24163e-15
2.21062e+01 1.26446e-15
2.41169e+01 1.28999e-15
2.63106e+01 1.32060e-15
2.87038e+01 1.35474e-15
3.13146e+01 1.39462e-15
3.41630e+01 1.44106e-15
3.72704e+01 1.49523e-15
4.06605e+01 1.55943e-15
4.43589e+01 1.63541e-15
4.83937e+01 1.72483e-15
5.27956e+01 1.82941e-15
5.75978e+01 1.94481e-15
6.28368e+01 2.05466e-15
6.85524e+01 2.10263e-15
7.47879e+01 1.94230e-15
8.15905e+01 1.33660e-15
8.90119e+01 3.58955e-16
9.71083e+01 9.18707e-19
1.05941e+02 0.00000e+00
