3.17098e-06 3.87493e-16
3.46190e-06 3.87462e-16
3.77950e-06 3.87392e-16
4.12625e-06 3.87438e-16
4.50481e-06 3.87531e-16
4.91809e-06 3.87459e-16
5.36930e-06 3.87464e-16
5.86190e-06 3.87508e-16
6.39969e-06 3.87497e-16
6.98682e-06 3.87495e-16
7.62782e-06 3.87435e-16
8.32762e-06 3.87453e-16
9.09163e-06 3.87495e-16
9.92573e-06 3.87399e-16
1.08364e-05 3.87460e-16
1.18305e-05 3.87455e-16
1.29159e-05 3.87502e-16
1.41008e-05 3.87412e-16
1.53945e-05 3.87474e-16
1.68069e-05 3.87479e-16
1.83488e-05 3.87492e-16
2.00322e-05 3.87504e-16
2.18700e-05 3.87472e-16
2.38764e-05 3.87420e-16
2.60669e-05 3.87467e-16
2.84584e-05 3.87477e-16
3.10693e-05 3.87564e-16
3.39197e-05 3.87477e-16
3.70316e-05 3.87457e-16
4.04291e-05 3.87498e-16
4.41382e-05 3.87482e-16
4.81876e-05 3.87460e-16
5.26085e-05 3.87464e-16
5.74350e-05 3.87551e-16
6.27043e-05 3.87454e-16
6.84570e-05 3.87497e-16
7.47375e-05 3.87433e-16
8.15942e-05 3.87415e-16
8.90800e-05 3.87457e-16
9.72525e-05 3.87459e-16
1.06175e-04 3.87423e-16
1.15916e-04 3.87518e-16
1.26550e-04 3.87479e-16
1.38160e-04 3.87446e-16
1.50836e-04 3.87455e-16
1.64674e-04 3.87408e-16
1.79782e-04 3.87465e-16
1.96276e-04 3.87454e-16
2.14283e-04 3.87477e-16
2.33942e-04 3.87430e-16
2.55404e-04 3.87477e-16
2.78836e-04 3.87514e-16
3.04418e-04 3.87451e-16
3.32346e-04 3.87464e-16
3.62837e-04 3.87481e-16
3.96125e-04 3.87475e-16
4.32467e-04 3.87431e-16
4.72143e-04 3.87489e-16
5.15459e-04 3.87446e-16
5.62749e-04 3.87427e-16
6.14378e-04 3.87467e-16
6.70743e-04 3.87497e-16
7.32279e-04 3.87467e-16
7.99461e-04 3.87434e-16
8.72807e-04 3.87485e-16
9.52881e-04 3.87501e-16
1.04030e-03 3.87515e-16
1.13574e-03 3.87444e-16
1.23994e-03 3.87451e-16
1.35370e-03 3.87515e-16
1.47789e-03 3.87450e-16
1.61348e-03 3.87459e-16
1.76150e-03 3.87482e-16
1.92311e-03 3.87422e-16
2.09954e-03 3.87473e-16
2.29217e-03 3.87430e-16
2.50246e-03 3.87489e-16
2.73204e-03 3.87445e-16
2.98269e-03 3.87433e-16
3.25633e-03 3.87452e-16
3.55508e-03 3.87524e-16
3.88124e-03 3.87425e-16
4.23732e-03 3.87476e-16
4.62606e-03 3.87482e-16
5.05047e-03 3.87466e-16
5.51382e-03 3.87504e-16
6.01968e-03 3.87458e-16
6.57195e-03 3.87503e-16
7.17489e-03 3.87492e-16
7.83314e-03 3.87454e-16
8.55178e-03 3.87459e-16
9.33635e-03 3.87496e-16
1.01929e-02 3.87503e-16
1.11280e-02 3.87530e-16
1.21490e-02 3.87460e-16
1.32636e-02 3.87507e-16
1.44804e-02 3.87552e-16
1.58089e-02 3.87492e-16
1.72593e-02 3.87524e-16
1.88427e-02 3.87483e-16
2.05714e-02 3.87530e-16
2.24587e-02 3.87514e-16
2.45191e-02 3.87540e-16
2.67686e-02 3.87559e-16
2.92244e-02 3.87558e-16
3.19056e-02 3.87566e-16
3.48327e-02 3.87597e-16
3.80284e-02 3.87598e-16
4.15173e-02 3.87680e-16
4.53262e-02 3.87616e-16
4.94846e-02 3.87624e-16
5.40245e-02 3.87699e-16
5.89810e-02 3.87660e-16
6.43921e-02 3.87714e-16
7.02997e-02 3.87737e-16
7.67492e-02 3.87814e-16
8.37905e-02 3.87742e-16
9.14777e-02 3.87823e-16
9.98702e-02 3.87803e-16
1.09033e-01 3.87828e-16
1.19036e-01 3.87879e-16
1.29957e-01 3.87972e-16
1.41879e-01 3.87990e-16
1.54896e-01 3.88029e-16
1.69106e-01 3.88133e-16
1.84621e-01 3.88117e-16
2.01559e-01 3.88263e-16
2.20050e-01 3.88272e-16
2.40239e-01 3.88454e-16
2.62279e-01 3.88464e-16
2.86342e-01 3.88546e-16
3.12612e-01 3.88621e-16
3.41292e-01 3.88740e-16
3.72603e-01 3.88918e-16
4.06787e-01 3.89059e-16
4.44107e-01 3.89198e-16
4.84851e-01 3.89342e-16
5.29333e-01 3.89563e-16
5.77896e-01 3.89754e-16
6.30915e-01 3.89947e-16
6.88797e-01 3.90162e-16
7.51990e-01 3.90385e-16
8.20980e-01 3.90749e-16
8.96300e-01 3.91076e-16
9.78530e-01 3.91399e-16
1.06830e+00 3.91820e-16
1.16631e+00 3.92262e-16
1.27332e+00 3.92763e-16
1.39013e+00 3.93420e-16
1.51767e+00 3.94046e-16
1.65691e+00 3.94785e-16
1.80892e+00 3.95709e-16
1.97488e+00 3.96869e-16
2.15606e+00 3.98346e-16
2.35386e+00 4.01686e-16
2.56981e+00 7.99086e-16
2.80558e+00 7.99941e-16
3.06297e+00 7.99956e-16
3.34398e+00 8.02166e-16
3.65077e+00 8.03775e-16
3.98571e+00 8.05467e-16
4.35137e+00 8.06992e-16
4.75058e+00 8.09177e-16
5.18642e+00 8.11947e-16
5.66224e+00 8.14657e-16
6.18171e+00 8.17008e-16
6.74885e+00 8.20027e-16
7.36801e+00 8.23884e-16
8.04398e+00 8.27527e-16
8.78196e+00 8.31997e-16
9.58765e+00 8.37342e-16
1.04673e+01 8.42210e-16
1.14276e+01 8.48459e-16
1.24760e+01 8.54916e-16
1.36206e+01 8.62374e-16
1.48702e+01 8.70945e-16
1.62344e+01 8.79730e-16
1.77238e+01 8.90409e-16
1.93499e+01 9.02228e-16
2.11251e+01 9.15384e-16
2.30632e+01 9.30178e-16
2.51791e+01 9.47190e-16
2.74891e+01 9.66372e-16
3.00111e+01 9.88837e-16
3.27644e+01 1.01433e-15
3.57703e+01 1.04368e-15
3.90520e+01 1.07858e-15
4.26348e+01 1.11877e-15
4.65463e+01 1.16640e-15
5.08166e+01 1.22331e-15
5.54787e+01 1.29003e-15
6.05685e+01 1.36848e-15
6.61253e+01 1.45564e-15
7.21919e+01 1.53990e-15
7.88150e+01 1.57952e-15
8.60458e+01 1.46719e-15
9.39400e+01 1.02022e-15
1.02558e+02 2.80208e-16
1.11967e+02 7.71065e-19
1.22240e+02 0.00000e+00
