3.17098e-06 2.42680e-17
3.45243e-06 2.42681e-17
3.75887e-06 2.42667e-17
4.09250e-06 2.42652e-17
4.45575e-06 2.42691e-17
4.85124e-06 2.42699e-17
5.28183e-06 2.42671e-17
5.75065e-06 2.42700e-17
6.26107e-06 2.42681e-17
6.81680e-06 2.42689e-17
7.42185e-06 2.42695e-17
8.08061e-06 2.42674e-17
8.79784e-06 2.42678e-17
9.57873e-06 2.42672e-17
1.04289e-05 2.42663e-17
1.13546e-05 2.42713e-17
1.23624e-05 2.42694e-17
1.34597e-05 2.42669e-17
1.46544e-05 2.42690e-17
1.59551e-05 2.42705e-17
1.73713e-05 2.42706e-17
1.89131e-05 2.42682e-17
2.05918e-05 2.42683e-17
2.24196e-05 2.42688e-17
2.44095e-05 2.42693e-17
2.65761e-05 2.42708e-17
2.89349e-05 2.42704e-17
3.15032e-05 2.42717e-17
3.42994e-05 2.42678e-17
3.73438e-05 2.42675e-17
4.06584e-05 2.42680e-17
4.42672e-05 2.42652e-17
4.81963e-05 2.42670e-17
5.24742e-05 2.42694e-17
5.71318e-05 2.42637e-17
6.22028e-05 2.42691e-17
6.77239e-05 2.42691e-17
7.37350e-05 2.42707e-17
8.02796e-05 2.42713e-17
8.74052e-05 2.42705e-17
9.51632e-05 2.42700e-17
1.03610e-04 2.42676e-17
1.12806e-04 2.42693e-17
1.22819e-04 2.42664e-17
1.33720e-04 2.42691e-17
1.45589e-04 2.42686e-17
1.58511e-04 2.42685e-17
1.72581e-04 2.42677e-17
1.87899e-04 2.42699e-17
2.04577e-04 2.42720e-17
2.22735e-04 2.42697e-17
2.42505e-04 2.42699e-17
2.64029e-04 2.42698e-17
2.87464e-04 2.42704e-17
3.12979e-04 2.42701e-17
3.40759e-04 2.42720e-17
3.71005e-04 2.42691e-17
4.03935e-04 2.42742e-17
4.39788e-04 2.42699e-17
4.78823e-04 2.42718e-17
5.21323e-04 2.42704e-17
5.67596e-04 2.42740e-17
6.17975e-04 2.42735e-17
6.72826e-04 2.42735e-17
7.32546e-04 2.42722e-17
7.97566e-04 2.42728e-17
8.68357e-04 2.42754e-17
9.45432e-04 2.42761e-17
1.02935e-03 2.42737e-17
1.12071e-03 2.42736e-17
1.22019e-03 2.42795e-17
1.32849e-03 2.42758e-17
1.44640e-03 2.42803e-17
1.57479e-03 2.42811e-17
1.71456e-03 2.42832e-17
1.86675e-03 2.42833e-17
2.03244e-03 2.42849e-17
2.21284e-03 2.42857e-17
2.40925e-03 2.42897e-17
2.62309e-03 2.42897e-17
2.85591e-03 2.42893e-17
3.10940e-03 2.42929e-17
3.38539e-03 2.42953e-17
3.68588e-03 2.42973e-17
4.01303e-03 2.43025e-17
4.36923e-03 2.43045e-17
4.75704e-03 2.43069e-17
5.17927e-03 2.43088e-17
5.63898e-03 2.43145e-17
6.13949e-03 2.43206e-17
6.68442e-03 2.43209e-17
7.27773e-03 2.43235e-17
7.92370e-03 2.43301e-17
8.62700e-03 2.43333e-17
9.39272e-03 2.43451e-17
1.02264e-02 2.43502e-17
1.11341e-02 2.43564e-17
1.21224e-02 2.43664e-17
1.31983e-02 2.43740e-17
1.43698e-02 2.43830e-17
1.56453e-02 2.43966e-17
1.70339e-02 2.44092e-17
1.85459e-02 2.44188e-17
2.01920e-02 2.44321e-17
2.19842e-02 2.44463e-17
2.39355e-02 2.44624e-17
2.60600e-02 2.44798e-17
2.83731e-02 2.44996e-17
3.08914e-02 2.45214e-17
3.36333e-02 2.45420e-17
3.66186e-02 2.45660e-17
3.98689e-02 2.45948e-17
4.34076e-02 2.46291e-17
4.72604e-02 2.46581e-17
5.14552e-02 2.46936e-17
5.60224e-02 2.47330e-17
6.09949e-02 2.47748e-17
6.64087e-02 2.48203e-17
7.23031e-02 2.48749e-17
7.87207e-02 2.49309e-17
8.57079e-02 2.49911e-17
9.33153e-02 2.50598e-17
1.01598e-01 2.51346e-17
1.10616e-01 2.52178e-17
1.20434e-01 2.53061e-17
1.31123e-01 2.54074e-17
1.42762e-01 2.55204e-17
1.55433e-01 2.56441e-17
1.69229e-01 2.57756e-17
1.84250e-01 2.59327e-17
2.00604e-01 2.60990e-17
2.18410e-01 2.62901e-17
2.37795e-01 2.64979e-17
2.58902e-01 2.67336e-17
2.81882e-01 2.69942e-17
3.06902e-01 2.73008e-17
3.34142e-01 2.76460e-17
3.63800e-01 2.80376e-17
3.96091e-01 2.84879e-17
4.31248e-01 2.90038e-17
4.69525e-01 2.96127e-17
5.11200e-01 3.03282e-17
5.56574e-01 3.11691e-17
6.05975e-01 3.21991e-17
6.59761e-01 3.34645e-17
7.18321e-01 3.50462e-17
7.82078e-01 3.71047e-17
8.51495e-01 3.98510e-17
9.27073e-01 4.37480e-17
1.00936e+00 4.97025e-17
1.09895e+00 6.00020e-17
1.19649e+00 8.24379e-17
1.30269e+00 1.74270e-16
1.41832e+00 5.37971e-15
1.54421e+00 4.49010e-15
1.68127e+00 4.15301e-15
1.83050e+00 3.93916e-15
1.99297e+00 3.78131e-15
2.16987e+00 3.65217e-15
2.36246e+00 3.53840e-15
2.57215e+00 3.42894e-15
2.80046e+00 3.32171e-15
3.04902e+00 3.20776e-15
3.31965e+00 3.08124e-15
3.61430e+00 2.94063e-15
3.93510e+00 2.77499e-15
4.28438e+00 2.57719e-15
4.66466e+00 2.33419e-15
5.07869e+00 2.03124e-15
5.52947e+00 1.66643e-15
6.02027e+00 1.27505e-15
6.55462e+00 9.41401e-16
7.13640e+00 7.15989e-16
7.76983e+00 5.71466e-16
8.45947e+00 4.72221e-16
9.21033e+00 3.99211e-16
1.00278e+01 3.42657e-16
1.09179e+01 2.97426e-16
1.18870e+01 2.60315e-16
1.29420e+01 2.29085e-16
1.40908e+01 2.02654e-16
1.53415e+01 1.79926e-16
1.67032e+01 1.60017e-16
1.81857e+01 1.42532e-16
1.97999e+01 1.26934e-16
2.15573e+01 1.12980e-16
2.34707e+01 1.00310e-16
2.55539e+01 8.87053e-17
2.78221e+01 7.79581e-17
3.02916e+01 6.78457e-17
3.29802e+01 5.82469e-17
3.59075e+01 4.88912e-17
3.90947e+01 3.95951e-17
4.25647e+01 3.01053e-17
4.63427e+01 2.03462e-17
5.04560e+01 1.08611e-17
5.49345e+01 3.47269e-18
5.98104e+01 2.90492e-19
6.51192e+01 8.34130e-23
7.08991e+01 0.00000e+00
