3.17098e-06 4.91218e-16
3.45243e-06 4.91216e-16
3.75887e-06 4.91236e-16
4.09250e-06 4.91207e-16
4.45575e-06 4.91196e-16
4.85124e-06 4.91243e-16
5.28183e-06 4.91190e-16
5.75065e-06 4.91180e-16
6.26107e-06 4.91201e-16
6.81680e-06 4.91246e-16
7.42185e-06 4.91212e-16
8.08061e-06 4.91229e-16
8.79784e-06 4.91235e-16
9.57873e-06 4.91244e-16
1.04289e-05 4.91218e-16
1.13546e-05 4.91220e-16
1.23624e-05 4.91246e-16
1.34597e-05 4.91293e-16
1.46544e-05 4.91241e-16
1.59551e-05 4.91208e-16
1.73713e-05 4.91247e-16
1.89131e-05 4.91243e-16
2.05918e-05 4.91266e-16
2.24196e-05 4.91243e-16
2.44095e-05 4.91232e-16
2.65761e-05 4.91248e-16
2.89349e-05 4.91264e-16
3.15032e-05 4.91216e-16
3.42994e-05 4.91222e-16
3.73438e-05 4.91267e-16
4.06584e-05 4.91238e-16
4.42672e-05 4.91254e-16
4.81963e-05 4.91255e-16
5.24742e-05 4.91299e-16
5.71318e-05 4.91241e-16
6.22028e-05 4.91232e-16
6.77239e-05 4.91206e-16
7.37350e-05 4.91266e-16
8.02796e-05 4.91225e-16
8.74052e-05 4.91261e-16
9.51632e-05 4.91205e-16
1.03610e-04 4.91199e-16
1.12806e-04 4.91191e-16
1.22819e-04 4.91260e-16
1.33720e-04 4.91220e-16
1.45589e-04 4.91293e-16
1.58511e-04 4.91231e-16
1.72581e-04 4.91276e-16
1.87899e-04 4.91277e-16
2.04577e-04 4.91206e-16
2.22735e-04 4.91157e-16
2.42505e-04 4.91302e-16
2.64029e-04 4.91252e-16
2.87464e-04 4.91254e-16
3.12979e-04 4.91243e-16
3.40759e-04 4.91232e-16
3.71005e-04 4.91235e-16
4.03935e-04 4.91316e-16
4.39788e-04 4.91226e-16
4.78823e-04 4.91254e-16
5.21323e-04 4.91313e-16
5.67596e-04 4.91295e-16
6.17975e-04 4.91287e-16
6.72826e-04 4.91219e-16
7.32546e-04 4.91332e-16
7.97566e-04 4.91342e-16
8.68357e-04 4.91326e-16
9.45432e-04 4.91317e-16
1.02935e-03 4.91352e-16
1.12071e-03 4.91276e-16
1.22019e-03 4.91285e-16
1.32849e-03 4.91335e-16
1.44640e-03 4.91385e-16
1.57479e-03 4.91272e-16
1.71456e-03 4.91357e-16
1.86675e-03 4.91361e-16
2.03244e-03 4.91350e-16
2.21284e-03 4.91371e-16
2.40925e-03 4.91433e-16
2.62309e-03 4.91422e-16
2.85591e-03 4.91370e-16
3.10940e-03 4.91474e-16
3.38539e-03 4.91455e-16
3.68588e-03 4.91406e-16
4.01303e-03 4.91464e-16
4.36923e-03 4.91505e-16
4.75704e-03 4.91566e-16
5.17927e-03 4.91539e-16
5.63898e-03 4.91602e-16
6.13949e-03 4.91593e-16
6.68442e-03 4.91654e-16
7.27773e-03 4.91667e-16
7.92370e-03 4.91776e-16
8.62700e-03 4.91770e-16
9.39272e-03 4.91782e-16
1.02264e-02 4.91867e-16
1.11341e-02 4.91894e-16
1.21224e-02 4.92038e-16
1.31983e-02 4.92092e-16
1.43698e-02 4.92159e-16
1.56453e-02 4.92243e-16
1.70339e-02 4.92282e-16
1.85459e-02 4.92400e-16
2.01920e-02 4.92517e-16
2.19842e-02 4.92653e-16
2.39355e-02 4.92853e-16
2.60600e-02 4.92897e-16
2.83731e-02 4.93021e-16
3.08914e-02 4.93242e-16
3.36333e-02 4.93419e-16
3.66186e-02 4.93603e-16
3.98689e-02 4.93871e-16
4.34076e-02 4.94034e-16
4.72604e-02 4.94320e-16
5.14552e-02 4.94555e-16
5.60224e-02 4.94899e-16
6.09949e-02 4.95219e-16
6.64087e-02 4.95548e-16
7.23031e-02 4.95981e-16
7.87207e-02 4.96354e-16
8.57079e-02 4.96846e-16
9.33153e-02 4.97407e-16
1.01598e-01 4.97970e-16
1.10616e-01 4.98600e-16
1.20434e-01 4.99264e-16
1.31123e-01 4.99992e-16
1.42762e-01 5.00795e-16
1.55433e-01 5.01781e-16
1.69229e-01 5.02712e-16
1.84250e-01 5.03860e-16
2.00604e-01 5.05098e-16
2.18410e-01 5.06339e-16
2.37795e-01 5.07882e-16
2.58902e-01 5.09494e-16
2.81882e-01 5.11332e-16
3.06902e-01 5.13353e-16
3.34142e-01 5.15517e-16
3.63800e-01 5.18170e-16
3.96091e-01 5.20997e-16
4.31248e-01 5.24173e-16
4.69525e-01 5.27759e-16
5.11200e-01 5.31816e-16
5.56574e-01 5.36519e-16
6.05975e-01 5.41897e-16
6.59761e-01 5.48191e-16
7.18321e-01 5.55483e-16
7.82078e-01 5.64232e-16
8.51495e-01 5.74844e-16
9.27073e-01 5.88210e-16
1.00936e+00 6.05338e-16
1.09895e+00 6.28792e-16
1.19649e+00 6.64292e-16
1.30269e+00 7.32914e-16
1.41832e+00 1.33304e-15
1.54421e+00 1.17342e-15
1.68127e+00 1.11130e-15
1.83050e+00 1.06863e-15
1.99297e+00 1.03415e-15
2.16987e+00 1.00481e-15
2.36246e+00 9.78836e-16
2.57215e+00 9.54865e-16
2.80046e+00 9.32465e-16
3.04902e+00 9.11727e-16
3.31965e+00 8.91632e-16
3.61430e+00 8.72317e-16
3.93510e+00 8.53789e-16
4.28438e+00 8.35328e-16
4.66466e+00 8.17397e-16
5.07869e+00 7.99913e-16
5.52947e+00 7.82588e-16
6.02027e+00 7.65491e-16
6.55462e+00 7.48534e-16
7.13640e+00 7.31438e-16
7.76983e+00 7.14425e-16
8.45947e+00 6.97488e-16
9.21033e+00 6.80156e-16
1.00278e+01 6.62963e-16
1.09179e+01 6.45282e-16
1.18870e+01 6.27257e-16
1.29420e+01 6.08927e-16
1.40908e+01 5.89993e-16
1.53415e+01 5.70352e-16
1.67032e+01 5.49918e-16
1.81857e+01 5.28708e-16
1.97999e+01 5.06301e-16
2.15573e+01 4.82497e-16
2.34707e+01 4.57109e-16
2.55539e+01 4.29970e-16
2.78221e+01 4.00699e-16
3.02916e+01 3.68671e-16
3.29802e+01 3.33389e-16
3.59075e+01 2.94093e-16
3.90947e+01 2.49288e-16
4.25647e+01 1.97563e-16
4.63427e+01 1.38443e-16
5.04560e+01 7.61639e-17
5.49345e+01 2.49368e-17
5.98104e+01 2.12252e-18
6.51192e+01 6.16372e-22
7.08991e+01 0.00000e+00
