3.17098e-06 5.69034e-17
3.45243e-06 5.69046e-17
3.75887e-06 5.69031e-17
4.09250e-06 5.69053e-17
4.45575e-06 5.68985e-17
4.85124e-06 5.69016e-17
5.28183e-06 5.69014e-17
5.75065e-06 5.69063e-17
6.26107e-06 5.69055e-17
6.81680e-06 5.69039e-17
7.42185e-06 5.68966e-17
8.08061e-06 5.69044e-17
8.79784e-06 5.69011e-17
9.57873e-06 5.69031e-17
1.04289e-05 5.68969e-17
1.13546e-05 5.68933e-17
1.23624e-05 5.68957e-17
1.34597e-05 5.69013e-17
1.46544e-05 5.69028e-17
1.59551e-05 5.69011e-17
1.73713e-05 5.68891e-17
1.89131e-05 5.69048e-17
2.05918e-05 5.69083e-17
2.24196e-05 5.69060e-17
2.44095e-05 5.69054e-17
2.65761e-05 5.69041e-17
2.89349e-05 5.69013e-17
3.15032e-05 5.68976e-17
3.42994e-05 5.68965e-17
3.73438e-05 5.68953e-17
4.06584e-05 5.68987e-17
4.42672e-05 5.69020e-17
4.81963e-05 5.68988e-17
5.24742e-05 5.69091e-17
5.71318e-05 5.69041e-17
6.22028e-05 5.68948e-17
6.77239e-05 5.68996e-17
7.37350e-05 5.68951e-17
8.02796e-05 5.68967e-17
8.74052e-05 5.69012e-17
9.51632e-05 5.69049e-17
1.03610e-04 5.68977e-17
1.12806e-04 5.69055e-17
1.22819e-04 5.69007e-17
1.33720e-04 5.69058e-17
1.45589e-04 5.69021e-17
1.58511e-04 5.69029e-17
1.72581e-04 5.68987e-17
1.87899e-04 5.69026e-17
2.04577e-04 5.69013e-17
2.22735e-04 5.69046e-17
2.42505e-04 5.69006e-17
2.64029e-04 5.69008e-17
2.87464e-04 5.68970e-17
3.12979e-04 5.69030e-17
3.40759e-04 5.68984e-17
3.71005e-04 5.69043e-17
4.03935e-04 5.68922e-17
4.39788e-04 5.69007e-17
4.78823e-04 5.69026e-17
5.21323e-04 5.68957e-17
5.67596e-04 5.69032e-17
6.17975e-04 5.69072e-17
6.72826e-04 5.69084e-17
7.32546e-04 5.68951e-17
7.97566e-04 5.68964e-17
8.68357e-04 5.69056e-17
9.45432e-04 5.68914e-17
1.02935e-03 5.69018e-17
1.12071e-03 5.68981e-17
1.22019e-03 5.69123e-17
1.32849e-03 5.69018e-17
1.44640e-03 5.69070e-17
1.57479e-03 5.69048e-17
1.71456e-03 5.69053e-17
1.86675e-03 5.69065e-17
2.03244e-03 5.69046e-17
2.21284e-03 5.69055e-17
2.40925e-03 5.69039e-17
2.62309e-03 5.68971e-17
2.85591e-03 5.69029e-17
3.10940e-03 5.69052e-17
3.38539e-03 5.69036e-17
3.68588e-03 5.69065e-17
4.01303e-03 5.69067e-17
4.36923e-03 5.69081e-17
4.75704e-03 5.69168e-17
5.17927e-03 5.69165e-17
5.63898e-03 5.69099e-17
6.13949e-03 5.69134e-17
6.68442e-03 5.69125e-17
7.27773e-03 5.69186e-17
7.92370e-03 5.69082e-17
8.62700e-03 5.69111e-17
9.39272e-03 5.69215e-17
1.02264e-02 5.69105e-17
1.11341e-02 5.69215e-17
1.21224e-02 5.69180e-17
1.31983e-02 5.69273e-17
1.43698e-02 5.69226e-17
1.56453e-02 5.69234e-17
1.70339e-02 5.69371e-17
1.85459e-02 5.69329e-17
2.01920e-02 5.69389e-17
2.19842e-02 5.69355e-17
2.39355e-02 5.69375e-17
2.60600e-02 5.69439e-17
2.83731e-02 5.69636e-17
3.08914e-02 5.69621e-17
3.36333e-02 5.69627e-17
3.66186e-02 5.69723e-17
3.98689e-02 5.69646e-17
4.34076e-02 5.69857e-17
4.72604e-02 5.69855e-17
5.14552e-02 5.69960e-17
5.60224e-02 5.70099e-17
6.09949e-02 5.70107e-17
6.64087e-02 5.70217e-17
7.23031e-02 5.70321e-17
7.87207e-02 5.70505e-17
8.57079e-02 5.70601e-17
9.33153e-02 5.70721e-17
1.01598e-01 5.70892e-17
1.10616e-01 5.71127e-17
1.20434e-01 5.71174e-17
1.31123e-01 5.71365e-17
1.42762e-01 5.71701e-17
1.55433e-01 5.71879e-17
1.69229e-01 5.72200e-17
1.84250e-01 5.72467e-17
2.00604e-01 5.72820e-17
2.18410e-01 5.73153e-17
2.37795e-01 5.73388e-17
2.58902e-01 5.73913e-17
2.81882e-01 5.74366e-17
3.06902e-01 5.74931e-17
3.34142e-01 5.75444e-17
3.63800e-01 5.76025e-17
3.96091e-01 5.76669e-17
4.31248e-01 5.77465e-17
4.69525e-01 5.78390e-17
5.11200e-01 5.79329e-17
5.56574e-01 5.80307e-17
6.05975e-01 5.81559e-17
6.59761e-01 5.82987e-17
7.18321e-01 5.84534e-17
7.82078e-01 5.86419e-17
8.51495e-01 5.88773e-17
9.27073e-01 5.91586e-17
1.00936e+00 5.95229e-17
1.09895e+00 6.00676e-17
1.19649e+00 6.10603e-17
1.30269e+00 6.42824e-17
1.41832e+00 4.76759e-15
1.54421e+00 5.04383e-15
1.68127e+00 5.33201e-15
1.83050e+00 5.65087e-15
1.99297e+00 6.01246e-15
2.16987e+00 6.44214e-15
2.36246e+00 6.94578e-15
2.57215e+00 7.55883e-15
2.80046e+00 8.29485e-15
3.04902e+00 9.22673e-15
3.31965e+00 1.03687e-14
3.61430e+00 1.18290e-14
3.93510e+00 1.36959e-14
4.28438e+00 1.60674e-14
4.66466e+00 1.89555e-14
5.07869e+00 2.20718e-14
5.52947e+00 2.42813e-14
6.02027e+00 2.33231e-14
6.55462e+00 1.82120e-14
7.13640e+00 1.23484e-14
7.76983e+00 8.59171e-15
8.45947e+00 6.42250e-15
9.21033e+00 5.05136e-15
1.00278e+01 4.11152e-15
1.09179e+01 3.43051e-15
1.18870e+01 2.91387e-15
1.29420e+01 2.51163e-15
1.40908e+01 2.19099e-15
1.53415e+01 1.93040e-15
1.67032e+01 1.71524e-15
1.81857e+01 1.53533e-15
1.97999e+01 1.38511e-15
2.15573e+01 1.25820e-15
2.34707e+01 1.15141e-15
2.55539e+01 1.06200e-15
2.78221e+01 9.87112e-16
3.02916e+01 9.25689e-16
3.29802e+01 8.76942e-16
3.59075e+01 8.38767e-16
3.90947e+01 8.08939e-16
4.25647e+01 7.80535e-16
4.63427e+01 7.35190e-16
5.04560e+01 6.29669e-16
5.49345e+01 4.02450e-16
5.98104e+01 9.83973e-17
6.51192e+01 2.00981e-19
7.08991e+01 0.00000e+00
