3.17098e-06 2.31908e-17
3.45283e-06 2.31905e-17
3.75973e-06 2.31872e-17
4.09391e-06 2.31907e-17
4.45779e-06 2.31905e-17
4.85401e-06 2.31903e-17
5.28545e-06 2.31917e-17
5.75525e-06 2.31872e-17
6.26679e-06 2.31913e-17
6.82381e-06 2.31914e-17
7.43033e-06 2.31923e-17
8.09077e-06 2.31900e-17
8.80991e-06 2.31877e-17
9.59297e-06 2.31895e-17
1.04456e-05 2.31901e-17
1.13741e-05 2.31869e-17
1.23850e-05 2.31906e-17
1.34859e-05 2.31921e-17
1.46845e-05 2.31898e-17
1.59898e-05 2.31867e-17
1.74110e-05 2.31910e-17
1.89585e-05 2.31891e-17
2.06436e-05 2.31898e-17
2.24785e-05 2.31886e-17
2.44765e-05 2.31890e-17
2.66521e-05 2.31904e-17
2.90210e-05 2.31885e-17
3.16005e-05 2.31899e-17
3.44093e-05 2.31909e-17
3.74677e-05 2.31894e-17
4.07979e-05 2.31899e-17
4.44242e-05 2.31904e-17
4.83728e-05 2.31933e-17
5.26724e-05 2.31894e-17
5.73541e-05 2.31939e-17
6.24519e-05 2.31903e-17
6.80029e-05 2.31886e-17
7.40472e-05 2.31929e-17
8.06288e-05 2.31914e-17
8.77954e-05 2.31916e-17
9.55990e-05 2.31895e-17
1.04096e-04 2.31914e-17
1.13349e-04 2.31912e-17
1.23423e-04 2.31925e-17
1.34394e-04 2.31895e-17
1.46339e-04 2.31908e-17
1.59346e-04 2.31919e-17
1.73510e-04 2.31905e-17
1.88932e-04 2.31901e-17
2.05725e-04 2.31931e-17
2.24010e-04 2.31926e-17
2.43921e-04 2.31941e-17
2.65602e-04 2.31929e-17
2.89210e-04 2.31893e-17
3.14916e-04 2.31914e-17
3.42907e-04 2.31931e-17
3.73385e-04 2.31938e-17
4.06573e-04 2.31928e-17
4.42711e-04 2.31958e-17
4.82061e-04 2.31938e-17
5.24908e-04 2.31935e-17
5.71564e-04 2.31941e-17
6.22367e-04 2.31954e-17
6.77685e-04 2.31930e-17
7.37920e-04 2.31950e-17
8.03509e-04 2.31972e-17
8.74928e-04 2.31959e-17
9.52695e-04 2.31973e-17
1.03737e-03 2.31981e-17
1.12958e-03 2.31958e-17
1.22998e-03 2.32009e-17
1.33931e-03 2.32021e-17
1.45835e-03 2.32009e-17
1.58797e-03 2.31998e-17
1.72912e-03 2.32020e-17
1.88281e-03 2.32070e-17
2.05016e-03 2.32050e-17
2.23238e-03 2.32061e-17
2.43081e-03 2.32071e-17
2.64686e-03 2.32119e-17
2.88213e-03 2.32114e-17
3.13830e-03 2.32117e-17
3.41725e-03 2.32173e-17
3.72098e-03 2.32186e-17
4.05172e-03 2.32220e-17
4.41185e-03 2.32252e-17
4.80399e-03 2.32260e-17
5.23099e-03 2.32324e-17
5.69594e-03 2.32361e-17
6.20221e-03 2.32372e-17
6.75349e-03 2.32384e-17
7.35376e-03 2.32441e-17
8.00739e-03 2.32496e-17
8.71912e-03 2.32547e-17
9.49411e-03 2.32619e-17
1.03380e-02 2.32675e-17
1.12569e-02 2.32758e-17
1.22574e-02 2.32841e-17
1.33469e-02 2.32913e-17
1.45332e-02 2.33012e-17
1.58250e-02 2.33127e-17
1.72316e-02 2.33183e-17
1.87632e-02 2.33330e-17
2.04309e-02 2.33467e-17
2.22469e-02 2.33607e-17
2.42243e-02 2.33776e-17
2.63774e-02 2.33901e-17
2.87219e-02 2.34112e-17
3.12748e-02 2.34307e-17
3.40547e-02 2.34578e-17
3.70816e-02 2.34770e-17
4.03775e-02 2.35046e-17
4.39664e-02 2.35324e-17
4.78743e-02 2.35640e-17
5.21296e-02 2.35973e-17
5.67630e-02 2.36367e-17
6.18083e-02 2.36763e-17
6.73021e-02 2.37211e-17
7.32842e-02 2.37699e-17
7.97979e-02 2.38276e-17
8.68907e-02 2.38835e-17
9.46138e-02 2.39500e-17
1.03023e-01 2.40201e-17
1.12181e-01 2.41013e-17
1.22152e-01 2.41918e-17
1.33009e-01 2.42867e-17
1.44831e-01 2.43915e-17
1.57704e-01 2.45114e-17
1.71722e-01 2.46404e-17
1.86985e-01 2.47877e-17
2.03605e-01 2.49525e-17
2.21702e-01 2.51331e-17
2.41408e-01 2.53378e-17
2.62865e-01 2.55621e-17
2.86229e-01 2.58217e-17
3.11670e-01 2.61113e-17
3.39373e-01 2.64460e-17
3.69538e-01 2.68232e-17
4.02383e-01 2.72530e-17
4.38149e-01 2.77603e-17
4.77093e-01 2.83465e-17
5.19499e-01 2.90365e-17
5.65674e-01 2.98617e-17
6.15953e-01 3.08642e-17
6.70701e-01 3.20888e-17
7.30316e-01 3.36398e-17
7.95229e-01 3.56413e-17
8.65912e-01 3.83528e-17
9.42877e-01 4.22023e-17
1.02668e+00 4.81315e-17
1.11794e+00 5.85360e-17
1.21731e+00 8.20013e-17
1.32550e+00 1.96310e-16
1.44332e+00 2.81181e-15
1.57161e+00 2.36621e-15
1.71130e+00 2.19971e-15
1.86340e+00 2.09290e-15
2.02903e+00 2.01353e-15
2.20938e+00 1.95053e-15
2.40576e+00 1.89580e-15
2.61959e+00 1.84865e-15
2.85243e+00 1.80763e-15
3.10596e+00 1.76886e-15
3.38203e+00 1.73125e-15
3.68264e+00 1.69318e-15
4.00996e+00 1.65543e-15
4.36638e+00 1.61583e-15
4.75448e+00 1.57269e-15
5.17708e+00 1.52452e-15
5.63724e+00 1.47132e-15
6.13830e+00 1.40967e-15
6.68389e+00 1.33635e-15
7.27798e+00 1.24986e-15
7.92488e+00 1.14419e-15
8.62927e+00 1.01341e-15
9.39627e+00 8.54960e-16
1.02314e+01 6.80503e-16
1.11409e+01 5.18287e-16
1.21311e+01 3.96327e-16
1.32093e+01 3.15198e-16
1.43834e+01 2.59514e-16
1.56619e+01 2.18749e-16
1.70540e+01 1.87067e-16
1.85698e+01 1.61552e-16
2.02204e+01 1.40431e-16
2.20176e+01 1.22454e-16
2.39746e+01 1.06915e-16
2.61056e+01 9.32332e-17
2.84259e+01 8.09435e-17
3.09525e+01 6.97589e-17
3.37037e+01 5.93646e-17
3.66994e+01 4.94849e-17
3.99614e+01 3.98290e-17
4.35133e+01 3.01455e-17
4.73810e+01 2.03003e-17
5.15924e+01 1.08122e-17
5.61781e+01 3.45590e-18
6.11714e+01 2.89755e-19
6.66085e+01 8.41847e-23
7.25290e+01 0.00000e+00
