3.17098e-06 2.54242e-17
3.45203e-06 2.54232e-17
3.75799e-06 2.54263e-17
4.09107e-06 2.54230e-17
4.45367e-06 2.54226e-17
4.84841e-06 2.54230e-17
5.27813e-06 2.54234e-17
5.74594e-06 2.54263e-17
6.25522e-06 2.54238e-17
6.80963e-06 2.54234e-17
7.41318e-06 2.54247e-17
8.07023e-06 2.54239e-17
8.78551e-06 2.54190e-17
9.56419e-06 2.54233e-17
1.04119e-05 2.54269e-17
1.13347e-05 2.54229e-17
1.23393e-05 2.54224e-17
1.34330e-05 2.54218e-17
1.46236e-05 2.54257e-17
1.59197e-05 2.54248e-17
1.73307e-05 2.54236e-17
1.88668e-05 2.54207e-17
2.05390e-05 2.54230e-17
2.23594e-05 2.54227e-17
2.43411e-05 2.54218e-17
2.64985e-05 2.54249e-17
2.88472e-05 2.54251e-17
3.14039e-05 2.54215e-17
3.41873e-05 2.54238e-17
3.72174e-05 2.54239e-17
4.05161e-05 2.54259e-17
4.41071e-05 2.54257e-17
4.80164e-05 2.54204e-17
5.22722e-05 2.54247e-17
5.69052e-05 2.54244e-17
6.19489e-05 2.54249e-17
6.74395e-05 2.54237e-17
7.34168e-05 2.54254e-17
7.99239e-05 2.54220e-17
8.70077e-05 2.54226e-17
9.47194e-05 2.54239e-17
1.03115e-04 2.54254e-17
1.12254e-04 2.54238e-17
1.22203e-04 2.54257e-17
1.33034e-04 2.54220e-17
1.44825e-04 2.54237e-17
1.57662e-04 2.54218e-17
1.71635e-04 2.54246e-17
1.86848e-04 2.54247e-17
2.03409e-04 2.54266e-17
2.21437e-04 2.54253e-17
2.41064e-04 2.54263e-17
2.62430e-04 2.54253e-17
2.85689e-04 2.54238e-17
3.11010e-04 2.54273e-17
3.38576e-04 2.54262e-17
3.68585e-04 2.54265e-17
4.01253e-04 2.54285e-17
4.36817e-04 2.54282e-17
4.75533e-04 2.54277e-17
5.17681e-04 2.54275e-17
5.63564e-04 2.54289e-17
6.13513e-04 2.54293e-17
6.67890e-04 2.54261e-17
7.27087e-04 2.54297e-17
7.91530e-04 2.54301e-17
8.61685e-04 2.54316e-17
9.38058e-04 2.54308e-17
1.02120e-03 2.54344e-17
1.11171e-03 2.54339e-17
1.21024e-03 2.54360e-17
1.31751e-03 2.54365e-17
1.43429e-03 2.54363e-17
1.56141e-03 2.54365e-17
1.69980e-03 2.54385e-17
1.85046e-03 2.54387e-17
2.01447e-03 2.54415e-17
2.19301e-03 2.54412e-17
2.38738e-03 2.54452e-17
2.59898e-03 2.54453e-17
2.82934e-03 2.54505e-17
3.08011e-03 2.54514e-17
3.35310e-03 2.54531e-17
3.65030e-03 2.54546e-17
3.97383e-03 2.54564e-17
4.32604e-03 2.54595e-17
4.70946e-03 2.54651e-17
5.12687e-03 2.54671e-17
5.58128e-03 2.54739e-17
6.07596e-03 2.54763e-17
6.61448e-03 2.54782e-17
7.20074e-03 2.54854e-17
7.83896e-03 2.54897e-17
8.53374e-03 2.54967e-17
9.29010e-03 2.55068e-17
1.01135e-02 2.55095e-17
1.10099e-02 2.55179e-17
1.19857e-02 2.55241e-17
1.30480e-02 2.55354e-17
1.42045e-02 2.55432e-17
1.54635e-02 2.55538e-17
1.68340e-02 2.55679e-17
1.83261e-02 2.55793e-17
1.99504e-02 2.55936e-17
2.17186e-02 2.56110e-17
2.36436e-02 2.56243e-17
2.57392e-02 2.56476e-17
2.80205e-02 2.56660e-17
3.05040e-02 2.56850e-17
3.32076e-02 2.57094e-17
3.61509e-02 2.57394e-17
3.93550e-02 2.57676e-17
4.28431e-02 2.57938e-17
4.66404e-02 2.58315e-17
5.07742e-02 2.58681e-17
5.52745e-02 2.59084e-17
6.01736e-02 2.59542e-17
6.55069e-02 2.59985e-17
7.13129e-02 2.60555e-17
7.76335e-02 2.61125e-17
8.45143e-02 2.61787e-17
9.20050e-02 2.62467e-17
1.00160e-01 2.63264e-17
1.09037e-01 2.64107e-17
1.18701e-01 2.65096e-17
1.29222e-01 2.66096e-17
1.40675e-01 2.67259e-17
1.53143e-01 2.68541e-17
1.66717e-01 2.69947e-17
1.81493e-01 2.71531e-17
1.97579e-01 2.73313e-17
2.15091e-01 2.75260e-17
2.34155e-01 2.77444e-17
2.54909e-01 2.79895e-17
2.77502e-01 2.82661e-17
3.02098e-01 2.85762e-17
3.28873e-01 2.89309e-17
3.58022e-01 2.93353e-17
3.89754e-01 2.98017e-17
4.24299e-01 3.03409e-17
4.61905e-01 3.09662e-17
5.02845e-01 3.17010e-17
5.47413e-01 3.25773e-17
5.95932e-01 3.36337e-17
6.48750e-01 3.49329e-17
7.06250e-01 3.65577e-17
7.68847e-01 3.86587e-17
8.36991e-01 4.14663e-17
9.11176e-01 4.54333e-17
9.91935e-01 5.14163e-17
1.07985e+00 6.16510e-17
1.17556e+00 8.33735e-17
1.27975e+00 1.63854e-16
1.39318e+00 6.28718e-14
1.51666e+00 1.33703e-14
1.65109e+00 7.20887e-15
1.79743e+00 4.80659e-15
1.95674e+00 3.52901e-15
2.13017e+00 2.73918e-15
2.31897e+00 2.20418e-15
2.52450e+00 1.81717e-15
2.74825e+00 1.52801e-15
2.99184e+00 1.30210e-15
3.25701e+00 1.12294e-15
3.54569e+00 9.76122e-16
3.85995e+00 8.55287e-16
4.20206e+00 7.53940e-16
4.57450e+00 6.68102e-16
4.97995e+00 5.94279e-16
5.42133e+00 5.30886e-16
5.90184e+00 4.75767e-16
6.42493e+00 4.27354e-16
6.99438e+00 3.84856e-16
7.61431e+00 3.47508e-16
8.28918e+00 3.14152e-16
9.02387e+00 2.84520e-16
9.82368e+00 2.57837e-16
1.06944e+01 2.33947e-16
1.16422e+01 2.12423e-16
1.26741e+01 1.92952e-16
1.37974e+01 1.75249e-16
1.50203e+01 1.59120e-16
1.63516e+01 1.44330e-16
1.78009e+01 1.30787e-16
1.93786e+01 1.18264e-16
2.10962e+01 1.06622e-16
2.29660e+01 9.57425e-17
2.50015e+01 8.55332e-17
2.72175e+01 7.58035e-17
2.96298e+01 6.65096e-17
3.22560e+01 5.74706e-17
3.51149e+01 4.85338e-17
3.82272e+01 3.94989e-17
4.16153e+01 3.01624e-17
4.53038e+01 2.04431e-17
4.93192e+01 1.09283e-17
5.36904e+01 3.49489e-18
5.84491e+01 2.91612e-19
6.36296e+01 8.27724e-23
6.92692e+01 0.00000e+00
