3.17098e-06 5.43722e-17
3.45283e-06 5.43769e-17
3.75973e-06 5.43748e-17
4.09391e-06 5.43777e-17
4.45779e-06 5.43682e-17
4.85401e-06 5.43689e-17
5.28545e-06 5.43664e-17
5.75525e-06 5.43859e-17
6.26679e-06 5.43760e-17
6.82381e-06 5.43550e-17
7.43033e-06 5.43704e-17
8.09077e-06 5.43711e-17
8.80991e-06 5.43723e-17
9.59297e-06 5.43720e-17
1.04456e-05 5.43717e-17
1.13741e-05 5.43699e-17
1.23850e-05 5.43702e-17
1.34859e-05 5.43733e-17
1.46845e-05 5.43733e-17
1.59898e-05 5.43733e-17
1.74110e-05 5.43728e-17
1.89585e-05 5.43708e-17
2.06436e-05 5.43743e-17
2.24785e-05 5.43699e-17
2.44765e-05 5.43754e-17
2.66521e-05 5.43687e-17
2.90210e-05 5.43753e-17
3.16005e-05 5.43682e-17
3.44093e-05 5.43791e-17
3.74677e-05 5.43752e-17
4.07979e-05 5.43732e-17
4.44242e-05 5.43762e-17
4.83728e-05 5.43733e-17
5.26724e-05 5.43612e-17
5.73541e-05 5.43742e-17
6.24519e-05 5.43770e-17
6.80029e-05 5.43748e-17
7.40472e-05 5.43745e-17
8.06288e-05 5.43825e-17
8.77954e-05 5.43722e-17
9.55990e-05 5.43691e-17
1.04096e-04 5.43778e-17
1.13349e-04 5.43692e-17
1.23423e-04 5.43685e-17
1.34394e-04 5.43715e-17
1.46339e-04 5.43657e-17
1.59346e-04 5.43753e-17
1.73510e-04 5.43670e-17
1.88932e-04 5.43740e-17
2.05725e-04 5.43671e-17
2.24010e-04 5.43724e-17
2.43921e-04 5.43711e-17
2.65602e-04 5.43733e-17
2.89210e-04 5.43789e-17
3.14916e-04 5.43766e-17
3.42907e-04 5.43714e-17
3.73385e-04 5.43731e-17
4.06573e-04 5.43702e-17
4.42711e-04 5.43642e-17
4.82061e-04 5.43745e-17
5.24908e-04 5.43737e-17
5.71564e-04 5.43735e-17
6.22367e-04 5.43760e-17
6.77685e-04 5.43843e-17
7.37920e-04 5.43721e-17
8.03509e-04 5.43819e-17
8.74928e-04 5.43741e-17
9.52695e-04 5.43768e-17
1.03737e-03 5.43752e-17
1.12958e-03 5.43696e-17
1.22998e-03 5.43727e-17
1.33931e-03 5.43728e-17
1.45835e-03 5.43778e-17
1.58797e-03 5.43739e-17
1.72912e-03 5.43708e-17
1.88281e-03 5.43780e-17
2.05016e-03 5.43785e-17
2.23238e-03 5.43731e-17
2.43081e-03 5.43746e-17
2.64686e-03 5.43746e-17
2.88213e-03 5.43760e-17
3.13830e-03 5.43789e-17
3.41725e-03 5.43788e-17
3.72098e-03 5.43797e-17
4.05172e-03 5.43798e-17
4.41185e-03 5.43870e-17
4.80399e-03 5.43805e-17
5.23099e-03 5.43741e-17
5.69594e-03 5.43925e-17
6.20221e-03 5.43851e-17
6.75349e-03 5.43832e-17
7.35376e-03 5.43825e-17
8.00739e-03 5.43870e-17
8.71912e-03 5.43899e-17
9.49411e-03 5.43986e-17
1.03380e-02 5.43963e-17
1.12569e-02 5.43978e-17
1.22574e-02 5.43944e-17
1.33469e-02 5.43890e-17
1.45332e-02 5.44018e-17
1.58250e-02 5.43968e-17
1.72316e-02 5.44008e-17
1.87632e-02 5.44059e-17
2.04309e-02 5.44064e-17
2.22469e-02 5.44049e-17
2.42243e-02 5.44049e-17
2.63774e-02 5.44188e-17
2.87219e-02 5.44121e-17
3.12748e-02 5.44289e-17
3.40547e-02 5.44360e-17
3.70816e-02 5.44357e-17
4.03775e-02 5.44431e-17
4.39664e-02 5.44570e-17
4.78743e-02 5.44526e-17
5.21296e-02 5.44664e-17
5.67630e-02 5.44726e-17
6.18083e-02 5.44745e-17
6.73021e-02 5.44949e-17
7.32842e-02 5.44934e-17
7.97979e-02 5.45102e-17
8.68907e-02 5.45222e-17
9.46138e-02 5.45394e-17
1.03023e-01 5.45416e-17
1.12181e-01 5.45748e-17
1.22152e-01 5.45883e-17
1.33009e-01 5.46012e-17
1.44831e-01 5.46289e-17
1.57704e-01 5.46517e-17
1.71722e-01 5.46665e-17
1.86985e-01 5.47056e-17
2.03605e-01 5.47378e-17
2.21702e-01 5.47638e-17
2.41408e-01 5.48055e-17
2.62865e-01 5.48441e-17
2.86229e-01 5.48893e-17
3.11670e-01 5.49380e-17
3.39373e-01 5.49926e-17
3.69538e-01 5.50485e-17
4.02383e-01 5.51101e-17
4.38149e-01 5.51872e-17
4.77093e-01 5.52694e-17
5.19499e-01 5.53622e-17
5.65674e-01 5.54555e-17
6.15953e-01 5.55908e-17
6.70701e-01 5.57157e-17
7.30316e-01 5.58670e-17
7.95229e-01 5.60456e-17
8.65912e-01 5.62683e-17
9.42877e-01 5.65494e-17
1.02668e+00 5.69121e-17
1.11794e+00 5.74389e-17
1.21731e+00 5.84236e-17
1.32550e+00 6.20448e-17
1.44332e+00 2.25703e-15
1.57161e+00 2.33018e-15
1.71130e+00 2.41002e-15
1.86340e+00 2.48967e-15
2.02903e+00 2.57668e-15
2.20938e+00 2.67403e-15
2.40576e+00 2.77894e-15
2.61959e+00 2.90441e-15
2.85243e+00 3.04534e-15
3.10596e+00 3.20639e-15
3.38203e+00 3.39369e-15
3.68264e+00 3.61804e-15
4.00996e+00 3.88074e-15
4.36638e+00 4.19279e-15
4.75448e+00 4.57251e-15
5.17708e+00 5.03362e-15
5.63724e+00 5.60675e-15
6.13830e+00 6.31435e-15
6.68389e+00 7.19691e-15
7.27798e+00 8.28943e-15
7.92488e+00 9.59515e-15
8.62927e+00 1.09937e-14
9.39627e+00 1.20968e-14
1.02314e+01 1.20973e-14
1.11409e+01 1.02831e-14
1.21311e+01 7.42378e-15
1.32093e+01 5.18008e-15
1.43834e+01 3.82870e-15
1.56619e+01 2.99478e-15
1.70540e+01 2.43629e-15
1.85698e+01 2.03804e-15
2.02204e+01 1.74212e-15
2.20176e+01 1.51502e-15
2.39746e+01 1.33719e-15
2.61056e+01 1.19600e-15
2.84259e+01 1.08370e-15
3.09525e+01 9.94017e-16
3.37037e+01 9.24025e-16
3.66994e+01 8.69729e-16
3.99614e+01 8.27132e-16
4.35133e+01 7.89210e-16
4.73810e+01 7.36783e-16
5.15924e+01 6.27497e-16
5.61781e+01 3.99813e-16
6.11714e+01 9.78655e-17
6.66085e+01 2.02006e-19
7.25290e+01 0.00000e+00
