3.17098e-06 4.48991e-16
3.45321e-06 4.49003e-16
3.76057e-06 4.49013e-16
4.09528e-06 4.49007e-16
4.45978e-06 4.49000e-16
4.85672e-06 4.49003e-16
5.28900e-06 4.48977e-16
5.75975e-06 4.49008e-16
6.27239e-06 4.48959e-16
6.83067e-06 4.49013e-16
7.43864e-06 4.48977e-16
8.10072e-06 4.49015e-16
8.82172e-06 4.48962e-16
9.60690e-06 4.49042e-16
1.04620e-05 4.48992e-16
1.13931e-05 4.49066e-16
1.24072e-05 4.48961e-16
1.35115e-05 4.49046e-16
1.47141e-05 4.49004e-16
1.60237e-05 4.48999e-16
1.74499e-05 4.48965e-16
1.90031e-05 4.48974e-16
2.06944e-05 4.49019e-16
2.25363e-05 4.48998e-16
2.45422e-05 4.48993e-16
2.67266e-05 4.49000e-16
2.91054e-05 4.48981e-16
3.16959e-05 4.49052e-16
3.45170e-05 4.49043e-16
3.75892e-05 4.49002e-16
4.09349e-05 4.49010e-16
4.45783e-05 4.48974e-16
4.85460e-05 4.49016e-16
5.28668e-05 4.48938e-16
5.75723e-05 4.49035e-16
6.26965e-05 4.48989e-16
6.82768e-05 4.48979e-16
7.43538e-05 4.49014e-16
8.09717e-05 4.49008e-16
8.81786e-05 4.48968e-16
9.60270e-05 4.49020e-16
1.04574e-04 4.48976e-16
1.13882e-04 4.48935e-16
1.24018e-04 4.48969e-16
1.35056e-04 4.48952e-16
1.47076e-04 4.48972e-16
1.60167e-04 4.49016e-16
1.74423e-04 4.49011e-16
1.89947e-04 4.49045e-16
2.06854e-04 4.49029e-16
2.25265e-04 4.48991e-16
2.45315e-04 4.49055e-16
2.67149e-04 4.49025e-16
2.90926e-04 4.49025e-16
3.16820e-04 4.49028e-16
3.45019e-04 4.49071e-16
3.75728e-04 4.49012e-16
4.09169e-04 4.49013e-16
4.45588e-04 4.49076e-16
4.85247e-04 4.49046e-16
5.28437e-04 4.49032e-16
5.75471e-04 4.48994e-16
6.26691e-04 4.49051e-16
6.82469e-04 4.49028e-16
7.43213e-04 4.49027e-16
8.09363e-04 4.49010e-16
8.81400e-04 4.49032e-16
9.59850e-04 4.48981e-16
1.04528e-03 4.49067e-16
1.13832e-03 4.49033e-16
1.23963e-03 4.49005e-16
1.34997e-03 4.49105e-16
1.47012e-03 4.49116e-16
1.60097e-03 4.49078e-16
1.74346e-03 4.49100e-16
1.89864e-03 4.49069e-16
2.06763e-03 4.49093e-16
2.25166e-03 4.49150e-16
2.45207e-03 4.49156e-16
2.67032e-03 4.49105e-16
2.90799e-03 4.49165e-16
3.16682e-03 4.49168e-16
3.44868e-03 4.49218e-16
3.75563e-03 4.49215e-16
4.08990e-03 4.49163e-16
4.45393e-03 4.49268e-16
4.85035e-03 4.49308e-16
5.28206e-03 4.49261e-16
5.75219e-03 4.49336e-16
6.26416e-03 4.49306e-16
6.82171e-03 4.49362e-16
7.42888e-03 4.49411e-16
8.09009e-03 4.49474e-16
8.81015e-03 4.49519e-16
9.59430e-03 4.49549e-16
1.04482e-02 4.49621e-16
1.13782e-02 4.49643e-16
1.23909e-02 4.49724e-16
1.34938e-02 4.49750e-16
1.46948e-02 4.49827e-16
1.60027e-02 4.49857e-16
1.74270e-02 4.49958e-16
1.89781e-02 4.50063e-16
2.06673e-02 4.50185e-16
2.25068e-02 4.50268e-16
2.45100e-02 4.50398e-16
2.66915e-02 4.50483e-16
2.90672e-02 4.50617e-16
3.16543e-02 4.50806e-16
3.44717e-02 4.50939e-16
3.75399e-02 4.51131e-16
4.08811e-02 4.51282e-16
4.45198e-02 4.51545e-16
4.84823e-02 4.51752e-16
5.27975e-02 4.52015e-16
5.74967e-02 4.52317e-16
6.26142e-02 4.52644e-16
6.81872e-02 4.52931e-16
7.42563e-02 4.53192e-16
8.08655e-02 4.53670e-16
8.80629e-02 4.54083e-16
9.59010e-02 4.54546e-16
1.04437e-01 4.55008e-16
1.13732e-01 4.55583e-16
1.23855e-01 4.56194e-16
1.34879e-01 4.56911e-16
1.46883e-01 4.57644e-16
1.59957e-01 4.58466e-16
1.74194e-01 4.59335e-16
1.89698e-01 4.60307e-16
2.06582e-01 4.61375e-16
2.24969e-01 4.62620e-16
2.44993e-01 4.63906e-16
2.66798e-01 4.65451e-16
2.90545e-01 4.67014e-16
3.16405e-01 4.68860e-16
3.44566e-01 4.70918e-16
3.75235e-01 4.73182e-16
4.08633e-01 4.75705e-16
4.45003e-01 4.78540e-16
4.84611e-01 4.81832e-16
5.27744e-01 4.85505e-16
5.74716e-01 4.89655e-16
6.25868e-01 4.94525e-16
6.81574e-01 5.00147e-16
7.42238e-01 5.06758e-16
8.08301e-01 5.14550e-16
8.80244e-01 5.23985e-16
9.58590e-01 5.35851e-16
1.04391e+00 5.50952e-16
1.13682e+00 5.71464e-16
1.23801e+00 6.02049e-16
1.34820e+00 6.58394e-16
1.46819e+00 1.28357e-15
1.59887e+00 1.08247e-15
1.74118e+00 1.02135e-15
1.89615e+00 9.80410e-16
2.06492e+00 9.48434e-16
2.24871e+00 9.21475e-16
2.44885e+00 8.97065e-16
2.66682e+00 8.75065e-16
2.90418e+00 8.54563e-16
3.16266e+00 8.35136e-16
3.44416e+00 8.16649e-16
3.75070e+00 7.98880e-16
4.08454e+00 7.81629e-16
4.44808e+00 7.64904e-16
4.84399e+00 7.48443e-16
5.27513e+00 7.32396e-16
5.74464e+00 7.16493e-16
6.25594e+00 7.00840e-16
6.81276e+00 6.84986e-16
7.41913e+00 6.69662e-16
8.07947e+00 6.54232e-16
8.79859e+00 6.38549e-16
9.58171e+00 6.22813e-16
1.04345e+01 6.06858e-16
1.13633e+01 5.90764e-16
1.23746e+01 5.74291e-16
1.34761e+01 5.57360e-16
1.46755e+01 5.40071e-16
1.59817e+01 5.22256e-16
1.74042e+01 5.03560e-16
1.89532e+01 4.84084e-16
2.06401e+01 4.63543e-16
2.24772e+01 4.41866e-16
2.44778e+01 4.18623e-16
2.66565e+01 3.93850e-16
2.90290e+01 3.67040e-16
3.16128e+01 3.37771e-16
3.44265e+01 3.05616e-16
3.74906e+01 2.69595e-16
4.08275e+01 2.28658e-16
4.44614e+01 1.81382e-16
4.84187e+01 1.27289e-16
5.27282e+01 7.01959e-17
5.74213e+01 2.30761e-17
6.25321e+01 1.97990e-18
6.80978e+01 5.89238e-22
7.41588e+01 0.00000e+00
