1.58549e-07 2.03521e-17
1.75317e-07 2.03525e-17
1.93859e-07 2.03537e-17
2.14362e-07 2.03523e-17
2.37034e-07 2.03510e-17
2.62103e-07 2.03530e-17
2.89824e-07 2.03528e-17
3.20476e-07 2.03537e-17
3.54370e-07 2.03530e-17
3.91849e-07 2.03513e-17
4.33292e-07 2.03531e-17
4.79118e-07 2.03534e-17
5.29790e-07 2.03528e-17
5.85822e-07 2.03515e-17
6.47780e-07 2.03549e-17
7.16290e-07 2.03534e-17
7.92047e-07 2.03538e-17
8.75815e-07 2.03521e-17
9.68444e-07 2.03547e-17
1.07087e-06 2.03546e-17
1.18413e-06 2.03534e-17
1.30936e-06 2.03536e-17
1.44784e-06 2.03537e-17
1.60097e-06 2.03543e-17
1.77029e-06 2.03549e-17
1.95752e-06 2.03528e-17
2.16455e-06 2.03526e-17
2.39348e-06 2.03539e-17
2.64662e-06 2.03534e-17
2.92653e-06 2.03538e-17
3.23605e-06 2.03521e-17
3.57830e-06 2.03516e-17
3.95675e-06 2.03530e-17
4.37522e-06 2.03551e-17
4.83795e-06 2.03551e-17
5.34963e-06 2.03539e-17
5.91541e-06 2.03521e-17
6.54104e-06 2.03515e-17
7.23284e-06 2.03520e-17
7.99780e-06 2.03541e-17
8.84366e-06 2.03535e-17
9.77898e-06 2.03530e-17
1.08132e-05 2.03505e-17
1.19569e-05 2.03533e-17
1.32214e-05 2.03538e-17
1.46198e-05 2.03535e-17
1.61660e-05 2.03562e-17
1.78757e-05 2.03552e-17
1.97663e-05 2.03532e-17
2.18568e-05 2.03548e-17
2.41685e-05 2.03537e-17
2.67246e-05 2.03505e-17
2.95510e-05 2.03503e-17
3.26764e-05 2.03518e-17
3.61323e-05 2.03529e-17
3.99538e-05 2.03524e-17
4.41794e-05 2.03534e-17
4.88519e-05 2.03531e-17
5.40186e-05 2.03534e-17
5.97317e-05 2.03503e-17
6.60490e-05 2.03543e-17
7.30345e-05 2.03552e-17
8.07588e-05 2.03534e-17
8.93000e-05 2.03534e-17
9.87446e-05 2.03510e-17
1.09188e-04 2.03537e-17
1.20736e-04 2.03523e-17
1.33505e-04 2.03548e-17
1.47625e-04 2.03567e-17
1.63238e-04 2.03547e-17
1.80503e-04 2.03532e-17
1.99593e-04 2.03558e-17
2.20702e-04 2.03551e-17
2.44044e-04 2.03526e-17
2.69855e-04 2.03545e-17
2.98395e-04 2.03542e-17
3.29954e-04 2.03557e-17
3.64851e-04 2.03575e-17
4.03438e-04 2.03552e-17
4.46107e-04 2.03566e-17
4.93288e-04 2.03558e-17
5.45459e-04 2.03561e-17
6.03148e-04 2.03577e-17
6.66939e-04 2.03567e-17
7.37475e-04 2.03575e-17
8.15472e-04 2.03600e-17
9.01719e-04 2.03576e-17
9.97086e-04 2.03589e-17
1.10254e-03 2.03616e-17
1.21915e-03 2.03617e-17
1.34809e-03 2.03601e-17
1.49066e-03 2.03630e-17
1.64832e-03 2.03659e-17
1.82265e-03 2.03656e-17
2.01542e-03 2.03657e-17
2.22857e-03 2.03669e-17
2.46427e-03 2.03674e-17
2.72490e-03 2.03697e-17
3.01309e-03 2.03702e-17
3.33176e-03 2.03731e-17
3.68413e-03 2.03767e-17
4.07377e-03 2.03798e-17
4.50462e-03 2.03807e-17
4.98104e-03 2.03841e-17
5.50785e-03 2.03865e-17
6.09037e-03 2.03902e-17
6.73450e-03 2.03955e-17
7.44676e-03 2.03994e-17
8.23434e-03 2.04058e-17
9.10522e-03 2.04112e-17
1.00682e-02 2.04170e-17
1.11330e-02 2.04232e-17
1.23105e-02 2.04340e-17
1.36125e-02 2.04395e-17
1.50522e-02 2.04495e-17
1.66441e-02 2.04582e-17
1.84044e-02 2.04736e-17
2.03509e-02 2.04808e-17
2.25033e-02 2.04983e-17
2.48833e-02 2.05117e-17
2.75150e-02 2.05299e-17
3.04250e-02 2.05485e-17
3.36429e-02 2.05718e-17
3.72010e-02 2.05937e-17
4.11355e-02 2.06179e-17
4.54860e-02 2.06466e-17
5.02967e-02 2.06802e-17
5.56162e-02 2.07140e-17
6.14983e-02 2.07550e-17
6.80025e-02 2.07992e-17
7.51946e-02 2.08500e-17
8.31473e-02 2.09046e-17
9.19412e-02 2.09635e-17
1.01665e-01 2.10327e-17
1.12417e-01 2.11105e-17
1.24307e-01 2.11968e-17
1.37454e-01 2.12923e-17
1.51991e-01 2.14037e-17
1.68066e-01 2.15223e-17
1.85841e-01 2.16624e-17
2.05496e-01 2.18163e-17
2.27230e-01 2.19958e-17
2.51262e-01 2.22013e-17
2.77836e-01 2.24369e-17
3.07221e-01 2.27043e-17
3.39713e-01 2.30174e-17
3.75642e-01 2.33777e-17
4.15371e-01 2.38013e-17
4.59301e-01 2.43067e-17
5.07878e-01 2.49092e-17
5.61592e-01 2.56430e-17
6.20987e-01 2.65524e-17
6.86664e-01 2.76888e-17
7.59287e-01 2.91768e-17
8.39591e-01 3.11703e-17
9.28388e-01 3.40023e-17
1.02658e+00 3.83337e-17
1.13515e+00 4.58860e-17
1.25520e+00 6.27298e-17
1.38796e+00 1.57598e-16
1.53475e+00 7.58673e-16
1.69707e+00 9.61095e-16
1.87656e+00 8.89569e-16
2.07502e+00 8.46432e-16
2.29448e+00 8.14149e-16
2.53715e+00 7.89005e-16
2.80549e+00 7.67374e-16
3.10220e+00 7.49145e-16
3.43030e+00 7.32794e-16
3.79309e+00 7.17915e-16
4.19426e+00 7.04257e-16
4.63785e+00 6.91788e-16
5.12836e+00 6.79714e-16
5.67075e+00 6.68316e-16
6.27050e+00 6.57011e-16
6.93368e+00 6.45164e-16
7.66700e+00 6.33583e-16
8.47788e+00 6.20840e-16
9.37452e+00 6.06847e-16
1.03660e+01 5.91032e-16
1.14623e+01 5.72828e-16
1.26746e+01 5.51604e-16
1.40151e+01 5.25957e-16
1.54974e+01 4.94177e-16
1.71364e+01 4.54292e-16
1.89488e+01 4.02317e-16
2.09528e+01 3.35821e-16
2.31688e+01 2.58493e-16
2.56192e+01 1.86203e-16
2.83288e+01 1.34881e-16
3.13249e+01 1.02391e-16
3.46379e+01 7.97906e-17
3.83013e+01 6.24025e-17
4.23521e+01 4.78737e-17
4.68313e+01 3.48646e-17
5.17843e+01 2.25250e-17
5.72611e+01 1.10287e-17
6.33172e+01 2.68318e-18
7.00137e+01 6.47001e-20
7.74185e+01 3.16242e-30
