3.17098e-06 2.21819e-17
3.45321e-06 2.21845e-17
3.76057e-06 2.21777e-17
4.09528e-06 2.21806e-17
4.45978e-06 2.21811e-17
4.85672e-06 2.21836e-17
5.28900e-06 2.21820e-17
5.75975e-06 2.21835e-17
6.27239e-06 2.21827e-17
6.83067e-06 2.21821e-17
7.43864e-06 2.21810e-17
8.10072e-06 2.21842e-17
8.82172e-06 2.21809e-17
9.60690e-06 2.21820e-17
1.04620e-05 2.21832e-17
1.13931e-05 2.21815e-17
1.24072e-05 2.21803e-17
1.35115e-05 2.21825e-17
1.47141e-05 2.21803e-17
1.60237e-05 2.21806e-17
1.74499e-05 2.21811e-17
1.90031e-05 2.21812e-17
2.06944e-05 2.21829e-17
2.25363e-05 2.21829e-17
2.45422e-05 2.21823e-17
2.67266e-05 2.21821e-17
2.91054e-05 2.21819e-17
3.16959e-05 2.21822e-17
3.45170e-05 2.21813e-17
3.75892e-05 2.21822e-17
4.09349e-05 2.21809e-17
4.45783e-05 2.21790e-17
4.85460e-05 2.21814e-17
5.28668e-05 2.21819e-17
5.75723e-05 2.21830e-17
6.26965e-05 2.21851e-17
6.82768e-05 2.21809e-17
7.43538e-05 2.21829e-17
8.09717e-05 2.21817e-17
8.81786e-05 2.21829e-17
9.60270e-05 2.21839e-17
1.04574e-04 2.21821e-17
1.13882e-04 2.21819e-17
1.24018e-04 2.21820e-17
1.35056e-04 2.21805e-17
1.47076e-04 2.21807e-17
1.60167e-04 2.21835e-17
1.74423e-04 2.21829e-17
1.89947e-04 2.21833e-17
2.06854e-04 2.21835e-17
2.25265e-04 2.21821e-17
2.45315e-04 2.21837e-17
2.67149e-04 2.21842e-17
2.90926e-04 2.21861e-17
3.16820e-04 2.21831e-17
3.45019e-04 2.21837e-17
3.75728e-04 2.21859e-17
4.09169e-04 2.21834e-17
4.45588e-04 2.21839e-17
4.85247e-04 2.21832e-17
5.28437e-04 2.21860e-17
5.75471e-04 2.21846e-17
6.26691e-04 2.21871e-17
6.82469e-04 2.21868e-17
7.43213e-04 2.21844e-17
8.09363e-04 2.21869e-17
8.81400e-04 2.21864e-17
9.59850e-04 2.21883e-17
1.04528e-03 2.21888e-17
1.13832e-03 2.21905e-17
1.23963e-03 2.21894e-17
1.34997e-03 2.21919e-17
1.47012e-03 2.21912e-17
1.60097e-03 2.21941e-17
1.74346e-03 2.21953e-17
1.89864e-03 2.21959e-17
2.06763e-03 2.21980e-17
2.25166e-03 2.21983e-17
2.45207e-03 2.21993e-17
2.67032e-03 2.22015e-17
2.90799e-03 2.22043e-17
3.16682e-03 2.22060e-17
3.44868e-03 2.22067e-17
3.75563e-03 2.22064e-17
4.08990e-03 2.22119e-17
4.45393e-03 2.22141e-17
4.85035e-03 2.22181e-17
5.28206e-03 2.22190e-17
5.75219e-03 2.22220e-17
6.26416e-03 2.22278e-17
6.82171e-03 2.22308e-17
7.42888e-03 2.22359e-17
8.09009e-03 2.22413e-17
8.81015e-03 2.22463e-17
9.59430e-03 2.22520e-17
1.04482e-02 2.22574e-17
1.13782e-02 2.22650e-17
1.23909e-02 2.22704e-17
1.34938e-02 2.22808e-17
1.46948e-02 2.22882e-17
1.60027e-02 2.22985e-17
1.74270e-02 2.23056e-17
1.89781e-02 2.23221e-17
2.06673e-02 2.23317e-17
2.25068e-02 2.23440e-17
2.45100e-02 2.23617e-17
2.66915e-02 2.23756e-17
2.90672e-02 2.23946e-17
3.16543e-02 2.24112e-17
3.44717e-02 2.24332e-17
3.75399e-02 2.24572e-17
4.08811e-02 2.24815e-17
4.45198e-02 2.25111e-17
4.84823e-02 2.25420e-17
5.27975e-02 2.25730e-17
5.74967e-02 2.26118e-17
6.26142e-02 2.26486e-17
6.81872e-02 2.26922e-17
7.42563e-02 2.27418e-17
8.08655e-02 2.27904e-17
8.80629e-02 2.28530e-17
9.59010e-02 2.29151e-17
1.04437e-01 2.29838e-17
1.13732e-01 2.30560e-17
1.23855e-01 2.31455e-17
1.34879e-01 2.32374e-17
1.46883e-01 2.33415e-17
1.59957e-01 2.34513e-17
1.74194e-01 2.35799e-17
1.89698e-01 2.37221e-17
2.06582e-01 2.38765e-17
2.24969e-01 2.40531e-17
2.44993e-01 2.42476e-17
2.66798e-01 2.44722e-17
2.90545e-01 2.47242e-17
3.16405e-01 2.49983e-17
3.44566e-01 2.53216e-17
3.75235e-01 2.56850e-17
4.08633e-01 2.61045e-17
4.45003e-01 2.65917e-17
4.84611e-01 2.71623e-17
5.27744e-01 2.78342e-17
5.74716e-01 2.86373e-17
6.25868e-01 2.96046e-17
6.81574e-01 3.08083e-17
7.42238e-01 3.23199e-17
8.08301e-01 3.42839e-17
8.80244e-01 3.69558e-17
9.58590e-01 4.07655e-17
1.04391e+00 4.66932e-17
1.13682e+00 5.72842e-17
1.23801e+00 8.22128e-17
1.34820e+00 2.60357e-16
1.46819e+00 1.91078e-15
1.59887e+00 1.60066e-15
1.74118e+00 1.49337e-15
1.89615e+00 1.42372e-15
2.06492e+00 1.37211e-15
2.24871e+00 1.32983e-15
2.44885e+00 1.29430e-15
2.66682e+00 1.26443e-15
2.90418e+00 1.23705e-15
3.16266e+00 1.21190e-15
3.44416e+00 1.19006e-15
3.75070e+00 1.16820e-15
4.08454e+00 1.14750e-15
4.44808e+00 1.12722e-15
4.84399e+00 1.10609e-15
5.27513e+00 1.08457e-15
5.74464e+00 1.06235e-15
6.25594e+00 1.03761e-15
6.81276e+00 1.01055e-15
7.41913e+00 9.80004e-16
8.07947e+00 9.45324e-16
8.79859e+00 9.05042e-16
9.58171e+00 8.57347e-16
1.04345e+01 7.99318e-16
1.13633e+01 7.28123e-16
1.23746e+01 6.40018e-16
1.34761e+01 5.35214e-16
1.46755e+01 4.22512e-16
1.59817e+01 3.21682e-16
1.74042e+01 2.47856e-16
1.89532e+01 1.98422e-16
2.06401e+01 1.63697e-16
2.24772e+01 1.37621e-16
2.44778e+01 1.16891e-16
2.66565e+01 9.97625e-17
2.90290e+01 8.51983e-17
3.16128e+01 7.24325e-17
3.44265e+01 6.09565e-17
3.74906e+01 5.03555e-17
4.08275e+01 4.02490e-17
4.44614e+01 3.02861e-17
4.84187e+01 2.03103e-17
5.27282e+01 1.07902e-17
5.74213e+01 3.44615e-18
6.25321e+01 2.89537e-19
6.80978e+01 8.50315e-23
7.41588e+01 0.00000e+00
