3.17098e-06 1.05268e-15
3.45321e-06 1.05275e-15
3.76057e-06 1.05280e-15
4.09528e-06 1.05271e-15
4.45978e-06 1.05270e-15
4.85672e-06 1.05280e-15
5.28900e-06 1.05270e-15
5.75975e-06 1.05275e-15
6.27239e-06 1.05277e-15
6.83067e-06 1.05249e-15
7.43864e-06 1.05283e-15
8.10072e-06 1.05278e-15
8.82172e-06 1.05275e-15
9.60690e-06 1.05280e-15
1.04620e-05 1.05277e-15
1.13931e-05 1.05269e-15
1.24072e-05 1.05283e-15
1.35115e-05 1.05274e-15
1.47141e-05 1.05277e-15
1.60237e-05 1.05279e-15
1.74499e-05 1.05299e-15
1.90031e-05 1.05273e-15
2.06944e-05 1.05270e-15
2.25363e-05 1.05282e-15
2.45422e-05 1.05269e-15
2.67266e-05 1.05270e-15
2.91054e-05 1.05263e-15
3.16959e-05 1.05288e-15
3.45170e-05 1.05271e-15
3.75892e-05 1.05282e-15
4.09349e-05 1.05290e-15
4.45783e-05 1.05270e-15
4.85460e-05 1.05259e-15
5.28668e-05 1.05271e-15
5.75723e-05 1.05283e-15
6.26965e-05 1.05278e-15
6.82768e-05 1.05276e-15
7.43538e-05 1.05290e-15
8.09717e-05 1.05272e-15
8.81786e-05 1.05271e-15
9.60270e-05 1.05279e-15
1.04574e-04 1.05264e-15
1.13882e-04 1.05287e-15
1.24018e-04 1.05278e-15
1.35056e-04 1.05267e-15
1.47076e-04 1.05279e-15
1.60167e-04 1.05295e-15
1.74423e-04 1.05283e-15
1.89947e-04 1.05282e-15
2.06854e-04 1.05283e-15
2.25265e-04 1.05280e-15
2.45315e-04 1.05292e-15
2.67149e-04 1.05261e-15
2.90926e-04 1.05260e-15
3.16820e-04 1.05260e-15
3.45019e-04 1.05284e-15
3.75728e-04 1.05288e-15
4.09169e-04 1.05277e-15
4.45588e-04 1.05282e-15
4.85247e-04 1.05294e-15
5.28437e-04 1.05288e-15
5.75471e-04 1.05274e-15
6.26691e-04 1.05287e-15
6.82469e-04 1.05268e-15
7.43213e-04 1.05285e-15
8.09363e-04 1.05278e-15
8.81400e-04 1.05268e-15
9.59850e-04 1.05275e-15
1.04528e-03 1.05280e-15
1.13832e-03 1.05270e-15
1.23963e-03 1.05274e-15
1.34997e-03 1.05269e-15
1.47012e-03 1.05277e-15
1.60097e-03 1.05290e-15
1.74346e-03 1.05269e-15
1.89864e-03 1.05268e-15
2.06763e-03 1.05282e-15
2.25166e-03 1.05269e-15
2.45207e-03 1.05282e-15
2.67032e-03 1.05278e-15
2.90799e-03 1.05307e-15
3.16682e-03 1.05278e-15
3.44868e-03 1.05293e-15
3.75563e-03 1.05295e-15
4.08990e-03 1.05286e-15
4.45393e-03 1.05297e-15
4.85035e-03 1.05287e-15
5.28206e-03 1.05287e-15
5.75219e-03 1.05284e-15
6.26416e-03 1.05278e-15
6.82171e-03 1.05291e-15
7.42888e-03 1.05277e-15
8.09009e-03 1.05285e-15
8.81015e-03 1.05289e-15
9.59430e-03 1.05282e-15
1.04482e-02 1.05303e-15
1.13782e-02 1.05310e-15
1.23909e-02 1.05295e-15
1.34938e-02 1.05299e-15
1.46948e-02 1.05307e-15
1.60027e-02 1.05295e-15
1.74270e-02 1.05320e-15
1.89781e-02 1.05305e-15
2.06673e-02 1.05310e-15
2.25068e-02 1.05299e-15
2.45100e-02 1.05308e-15
2.66915e-02 1.05316e-15
2.90672e-02 1.05326e-15
3.16543e-02 1.05339e-15
3.44717e-02 1.05338e-15
3.75399e-02 1.05335e-15
4.08811e-02 1.05343e-15
4.45198e-02 1.05354e-15
4.84823e-02 1.05354e-15
5.27975e-02 1.05363e-15
5.74967e-02 1.05369e-15
6.26142e-02 1.05369e-15
6.81872e-02 1.05397e-15
7.42563e-02 1.05395e-15
8.08655e-02 1.05423e-15
8.80629e-02 1.05430e-15
9.59010e-02 1.05435e-15
1.04437e-01 1.05452e-15
1.13732e-01 1.05484e-15
1.23855e-01 1.05481e-15
1.34879e-01 1.05515e-15
1.46883e-01 1.05525e-15
1.59957e-01 1.05551e-15
1.74194e-01 1.05575e-15
1.89698e-01 1.05602e-15
2.06582e-01 1.05633e-15
2.24969e-01 1.05663e-15
2.44993e-01 1.05704e-15
2.66798e-01 1.05746e-15
2.90545e-01 1.05778e-15
3.16405e-01 1.05817e-15
3.44566e-01 1.05873e-15
3.75235e-01 1.05944e-15
4.08633e-01 1.06011e-15
4.45003e-01 1.06078e-15
4.84611e-01 1.06144e-15
5.27744e-01 1.06222e-15
5.74716e-01 1.06335e-15
6.25868e-01 1.06424e-15
6.81574e-01 1.06542e-15
7.42238e-01 1.06673e-15
8.08301e-01 1.06809e-15
8.80244e-01 1.06982e-15
9.58590e-01 1.07146e-15
1.04391e+00 1.07376e-15
1.13682e+00 1.07650e-15
1.23801e+00 1.07950e-15
1.34820e+00 1.08450e-15
1.46819e+00 2.17118e-15
1.59887e+00 2.16921e-15
1.74118e+00 2.17237e-15
1.89615e+00 2.17572e-15
2.06492e+00 2.17967e-15
2.24871e+00 2.18331e-15
2.44885e+00 2.18856e-15
2.66682e+00 2.19420e-15
2.90418e+00 2.19849e-15
3.16266e+00 2.20652e-15
3.44416e+00 2.21254e-15
3.75070e+00 2.22031e-15
4.08454e+00 2.22947e-15
4.44808e+00 2.23788e-15
4.84399e+00 2.24710e-15
5.27513e+00 2.25996e-15
5.74464e+00 2.27230e-15
6.25594e+00 2.28577e-15
6.81276e+00 2.30159e-15
7.41913e+00 2.31873e-15
8.07947e+00 2.33753e-15
8.79859e+00 2.35976e-15
9.58171e+00 2.38340e-15
1.04345e+01 2.40873e-15
1.13633e+01 2.43858e-15
1.23746e+01 2.47216e-15
1.34761e+01 2.50897e-15
1.46755e+01 2.55157e-15
1.59817e+01 2.59984e-15
1.74042e+01 2.65417e-15
1.89532e+01 2.71712e-15
2.06401e+01 2.78846e-15
2.24772e+01 2.87354e-15
2.44778e+01 2.96916e-15
2.66565e+01 3.08215e-15
2.90290e+01 3.21571e-15
3.16128e+01 3.37282e-15
3.44265e+01 3.55723e-15
3.74906e+01 3.76985e-15
4.08275e+01 4.00400e-15
4.44614e+01 4.21579e-15
4.84187e+01 4.28370e-15
5.27282e+01 3.90316e-15
5.74213e+01 2.61512e-15
6.25321e+01 6.62817e-16
6.80978e+01 1.40764e-18
7.41588e+01 0.00000e+00
